14428 34082 1.0
34266 34263 1.0
513189 576691 1.0
1688 69284 1.0
58436 1114239 1.0
134316 142268 1.0
7041 1120880 1.0
65074 142268 1.0
1688 39474 1.0
506 1106546 1.0
41714 197054 1.0
910 636511 1.0
54132 59715 1.0
35 46079 1.0
910 684372 1.0
35 887 1.0
35 634902 1.0
30934 12960 1.0
50980 73972 1.0
19231 1153736 1.0
22386 3932 1.0
85352 640617 1.0
255628 1135589 1.0
56115 1104999 1.0
14428 1103969 1.0
35 608326 1.0
315789 1138027 1.0
210871 59715 1.0
69284 69296 1.0
35 574264 1.0
575292 1138968 1.0
503893 1153577 1.0
579008 1128978 1.0
8874 395075 1.0
119761 143801 1.0
132806 48766 1.0
82920 81714 1.0
35 574009 1.0
89547 45188 1.0
486840 595063 1.0
69284 206371 1.0
503883 577331 1.0
12576 1071981 1.0
240791 650834 1.0
240791 45605 1.0
10183 54550 1.0
89547 1116328 1.0
35 1113438 1.0
38205 595056 1.0
910 340075 1.0
645088 1131277 1.0
255628 120084 1.0
141324 1113438 1.0
8872 8875 1.0
647315 1154076 1.0
23070 134316 1.0
39127 116081 1.0
503883 647447 1.0
141342 78511 1.0
579008 248425 1.0
38771 1104191 1.0
35 573978 1.0
84021 1133047 1.0
74700 134307 1.0
34257 1106771 1.0
634904 634975 1.0
56115 62718 1.0
193354 1129835 1.0
14430 1119216 1.0
35 289781 1.0
574264 576795 1.0
270456 63549 1.0
75969 1128935 1.0
14429 1103031 1.0
144701 1112911 1.0
35 229635 1.0
35 1129027 1.0
134199 164885 1.0
87482 34266 1.0
8865 647408 1.0
27531 1106370 1.0
286513 1131557 1.0
24966 197452 1.0
35 640617 1.0
226698 1122304 1.0
193352 1129835 1.0
415693 254923 1.0
38205 1128997 1.0
24966 1106671 1.0
74427 34266 1.0
35 66563 1.0
12576 62718 1.0
287787 1130856 1.0
35 592973 1.0
240791 503871 1.0
27627 27632 1.0
263498 1152761 1.0
35061 48766 1.0
289781 801170 1.0
141347 1119708 1.0
42848 1104379 1.0
35 427606 1.0
73327 1153728 1.0
270456 203646 1.0
58758 1128208 1.0
35 574462 1.0
240321 675649 1.0
576257 1153943 1.0
12576 575795 1.0
12576 56112 1.0
287787 647447 1.0
14429 34082 1.0
10430 1120713 1.0
427606 1050679 1.0
33895 1103960 1.0
1694 39474 1.0
75972 1128935 1.0
193352 1131719 1.0
210871 887 1.0
35 81722 1.0
35 254923 1.0
289781 1153784 1.0
45605 1033 1.0
910 1118848 1.0
27627 105899 1.0
8874 8875 1.0
35852 486840 1.0
35 12576 1.0
174418 636511 1.0
1959 3097 1.0
62329 195792 1.0
56115 69284 1.0
289779 289780 1.0
28290 1107674 1.0
39127 46476 1.0
180187 1131719 1.0
35 593240 1.0
35 190697 1.0
10183 1108267 1.0
219976 1116410 1.0
1953 1153166 1.0
910 34355 1.0
66556 1129778 1.0
86258 1106418 1.0
82920 1153943 1.0
1959 73327 1.0
14429 1119216 1.0
910 131042 1.0
24966 1154042 1.0
82920 573978 1.0
134314 134316 1.0
82920 608326 1.0
593942 1129015 1.0
39127 116087 1.0
14430 34082 1.0
45188 192734 1.0
210871 81714 1.0
504 1102364 1.0
38205 592975 1.0
24966 1131149 1.0
35 576795 1.0
70970 593329 1.0
354004 1118546 1.0
193347 1129835 1.0
75969 592830 1.0
289780 801170 1.0
73327 1106236 1.0
35 1113831 1.0
45188 976284 1.0
32276 636500 1.0
887 265203 1.0
33895 1154176 1.0
1953 1153724 1.0
195792 377303 1.0
739280 367312 1.0
13212 13208 1.0
284023 1152959 1.0
14430 14431 1.0
85352 66556 1.0
35 1128985 1.0
307015 39474 1.0
65057 74698 1.0
57119 1153942 1.0
120817 1140543 1.0
141342 608191 1.0
35 1129683 1.0
75969 1105932 1.0
147870 636500 1.0
35 28290 1.0
259701 1114331 1.0
346292 1152958 1.0
45533 34266 1.0
97645 593091 1.0
35 1109199 1.0
74427 87482 1.0
102938 143676 1.0
39127 1105932 1.0
35 287787 1.0
89416 65074 1.0
133628 1108570 1.0
56112 63832 1.0
568857 1129629 1.0
34263 87482 1.0
54132 1128985 1.0
33325 1110256 1.0
28851 578669 1.0
646913 1131359 1.0
910 13136 1.0
87417 801170 1.0
35 8865 1.0
6639 568045 1.0
22386 1128407 1.0
513189 573964 1.0
575292 1131734 1.0
227178 593240 1.0
1688 1131360 1.0
22386 207395 1.0
152483 593091 1.0
941 940 1.0
315789 1139195 1.0
270600 1153003 1.0
906 1140040 1.0
19045 593329 1.0
35 594900 1.0
910 1140040 1.0
14430 14429 1.0
141342 35061 1.0
56119 127033 1.0
592993 593105 1.0
87417 289779 1.0
267824 69198 1.0
28230 1123756 1.0
25702 1118848 1.0
35 647408 1.0
1688 152483 1.0
34082 1119216 1.0
8874 646809 1.0
85352 152483 1.0
35 646809 1.0
24966 1105344 1.0
617575 1130080 1.0
35 593105 1.0
20179 91853 1.0
645452 645016 1.0
57119 592986 1.0
56112 1107674 1.0
56112 56115 1.0
35 1153065 1.0
3097 1949 1.0
134314 1116044 1.0
182093 197054 1.0
35 503893 1.0
739816 1140548 1.0
143801 284025 1.0
593328 87363 1.0
504 89416 1.0
936 129558 1.0
13205 13208 1.0
145134 129287 1.0
15670 12558 1.0
82664 1106236 1.0
69198 411005 1.0
3097 129045 1.0
74698 134307 1.0
24966 641976 1.0
35 33907 1.0
58453 87417 1.0
302545 1152858 1.0
10183 259772 1.0
240321 1132434 1.0
193352 193347 1.0
34257 1116974 1.0
142268 1117920 1.0
198866 73327 1.0
58436 87417 1.0
240321 1136397 1.0
8865 395075 1.0
286513 177993 1.0
592996 1128943 1.0
421481 375825 1.0
210871 1117476 1.0
647447 577331 1.0
35 1130856 1.0
83725 56115 1.0
127033 1108267 1.0
1959 38839 1.0
231198 1153922 1.0
93555 143801 1.0
14430 1103969 1.0
19045 593328 1.0
307015 335733 1.0
8875 18582 1.0
910 160705 1.0
39127 592830 1.0
35 594047 1.0
35 1131557 1.0
82920 1127913 1.0
245288 1122460 1.0
575795 1128975 1.0
19231 12960 1.0
608190 70970 1.0
116081 277263 1.0
75969 1128856 1.0
910 1105344 1.0
35 128540 1.0
910 1104379 1.0
35 307015 1.0
45605 190706 1.0
35 575331 1.0
35 1103960 1.0
35 38205 1.0
28290 56709 1.0
34266 90655 1.0
1959 310530 1.0
27530 27531 1.0
35 1131752 1.0
35 259702 1.0
263498 1153860 1.0
14430 1103031 1.0
141342 70970 1.0
27627 116021 1.0
13205 1105148 1.0
27606 111866 1.0
85352 1127430 1.0
74427 34257 1.0
34257 1114398 1.0
1959 170798 1.0
910 1116569 1.0
35 1119505 1.0
45603 1104647 1.0
137130 65074 1.0
116081 116087 1.0
93555 284023 1.0
35490 95188 1.0
44455 568857 1.0
74427 1116974 1.0
1688 1153065 1.0
23070 87915 1.0
174425 174418 1.0
100197 688361 1.0
85352 593091 1.0
56709 416455 1.0
62329 593155 1.0
87417 289780 1.0
576362 286500 1.0
6639 591017 1.0
62718 127033 1.0
646900 1131360 1.0
56112 127033 1.0
906 1105344 1.0
195792 682815 1.0
193347 193354 1.0
35 178727 1.0
375605 1119505 1.0
178718 1110546 1.0
28290 308529 1.0
231198 1153195 1.0
90655 1122642 1.0
27530 1106630 1.0
12576 1129573 1.0
178209 116084 1.0
35 575077 1.0
646900 1131359 1.0
576725 576795 1.0
35061 1113438 1.0
35 66556 1.0
35 575292 1.0
27627 686061 1.0
887 38205 1.0
45533 1106771 1.0
348305 193352 1.0
42848 1116835 1.0
27627 686030 1.0
24966 27627 1.0
1952 1949 1.0
10183 1114336 1.0
75969 591017 1.0
35 568857 1.0
87417 289781 1.0
82920 1119708 1.0
578669 1128978 1.0
27543 1106630 1.0
102061 509315 1.0
35 44368 1.0
1237 143676 1.0
192870 1114398 1.0
910 675649 1.0
232860 1113084 1.0
936 38845 1.0
144701 595063 1.0
14429 1103969 1.0
35061 45605 1.0
910 94953 1.0
102939 102938 1.0
591016 591017 1.0
12576 56709 1.0
7867 1138027 1.0
307656 1131360 1.0
289779 801170 1.0
132806 45599 1.0
646900 646913 1.0
486840 1128975 1.0
27203 1106418 1.0
251756 195792 1.0
1952 1111899 1.0
34257 192870 1.0
735303 735311 1.0
27632 28254 1.0
95188 1116410 1.0
27623 105899 1.0
111770 1119623 1.0
81714 81722 1.0
23070 1116044 1.0
56119 63832 1.0
576257 594649 1.0
178209 568045 1.0
576362 568857 1.0
35061 210871 1.0
35 787016 1.0
39127 277263 1.0
503877 1153577 1.0
203646 1116569 1.0
33907 593091 1.0
29738 155277 1.0
54132 579008 1.0
48766 595056 1.0
27623 686030 1.0
264556 335042 1.0
24966 1106370 1.0
129042 1121313 1.0
936 1107010 1.0
644363 645016 1.0
82920 513189 1.0
608190 608191 1.0
82920 1152421 1.0
91853 1116397 1.0
45605 503871 1.0
49720 49753 1.0
14428 14431 1.0
610529 1153946 1.0
8872 395075 1.0
39127 116084 1.0
608191 70970 1.0
504 1112650 1.0
11148 1131719 1.0
20180 943 1.0
73119 14431 1.0
267824 1153195 1.0
943 1152896 1.0
65074 1117920 1.0
504 506 1.0
56115 63832 1.0
1959 1152896 1.0
33907 1134022 1.0
506 89416 1.0
1688 1136814 1.0
35 646837 1.0
74821 1131149 1.0
936 207395 1.0
255628 1140543 1.0
27627 28254 1.0
119761 284025 1.0
35 647447 1.0
127033 416455 1.0
35 259701 1.0
390693 1131639 1.0
941 20180 1.0
89547 1152379 1.0
64319 111866 1.0
54132 593921 1.0
33895 33904 1.0
503877 1131374 1.0
1688 647413 1.0
141342 575292 1.0
45533 1115456 1.0
58758 1688 1.0
35 1153943 1.0
574009 594900 1.0
39127 195150 1.0
28290 1104999 1.0
129045 1121313 1.0
100197 447250 1.0
577227 1131752 1.0
6639 178209 1.0
57119 1132731 1.0
128540 387795 1.0
28265 1152436 1.0
87915 1110209 1.0
85352 1129027 1.0
289781 1128453 1.0
287787 1130847 1.0
34979 1106418 1.0
35 694759 1.0
573964 787016 1.0
193347 1131719 1.0
44455 387795 1.0
33895 1153577 1.0
35 1112911 1.0
940 20180 1.0
787016 573978 1.0
45189 192734 1.0
35 248425 1.0
62329 650834 1.0
259772 1114336 1.0
645084 1131277 1.0
25702 675649 1.0
33907 1136814 1.0
14430 73119 1.0
335042 289085 1.0
35 1133338 1.0
45533 87482 1.0
506 1102364 1.0
887 35490 1.0
592996 1128978 1.0
95188 1110579 1.0
46079 1152569 1.0
54132 1117476 1.0
375825 1119623 1.0
110041 287787 1.0
66564 66563 1.0
120084 1140543 1.0
82666 3097 1.0
641976 1131150 1.0
503893 33904 1.0
887 19045 1.0
35 513189 1.0
503883 1154076 1.0
210871 575077 1.0
198653 887 1.0
73327 1153166 1.0
198653 1113551 1.0
135130 416455 1.0
593091 593248 1.0
41714 44455 1.0
284414 1115456 1.0
887 170798 1.0
116021 12960 1.0
11148 193354 1.0
35 576725 1.0
35 1123756 1.0
35 35061 1.0
594047 650834 1.0
8875 1129570 1.0
118260 230300 1.0
12576 574710 1.0
34257 1122642 1.0
576973 58758 1.0
593155 593240 1.0
45189 1106401 1.0
46079 69284 1.0
14428 1103031 1.0
12576 1107674 1.0
941 129558 1.0
34355 1103979 1.0
35 593813 1.0
24476 1106546 1.0
34263 1122642 1.0
284023 119761 1.0
289781 289780 1.0
32276 84695 1.0
84021 1106298 1.0
89416 137130 1.0
57119 1152676 1.0
175256 682815 1.0
210871 198653 1.0
82920 1153280 1.0
45189 1132385 1.0
906 1114352 1.0
35 56119 1.0
1959 82664 1.0
675649 1132505 1.0
35 1129018 1.0
38845 1107010 1.0
675756 675649 1.0
35 48766 1.0
144701 1128975 1.0
129042 129045 1.0
160732 1128853 1.0
264556 120084 1.0
12576 127033 1.0
19045 87363 1.0
65074 23070 1.0
56115 56119 1.0
78511 735303 1.0
645016 1154071 1.0
13208 131318 1.0
84021 98698 1.0
92065 1106671 1.0
910 1120858 1.0
39127 1128927 1.0
684531 684372 1.0
82920 98698 1.0
35 1152508 1.0
65074 1110209 1.0
13212 358884 1.0
27627 18619 1.0
134219 81714 1.0
120817 1109873 1.0
35 141347 1.0
675847 1132505 1.0
116084 75972 1.0
594039 1129015 1.0
4983 7867 1.0
85352 1153280 1.0
33904 1110546 1.0
35 231249 1.0
35 1128453 1.0
287787 634938 1.0
41714 594047 1.0
817774 820661 1.0
89416 1153024 1.0
910 340078 1.0
94639 593813 1.0
74821 1131150 1.0
578669 1128943 1.0
906 910 1.0
287787 415693 1.0
8875 608292 1.0
33907 1103960 1.0
28265 943 1.0
97645 33907 1.0
35490 1104031 1.0
33325 12960 1.0
141324 503877 1.0
93555 1152958 1.0
8865 8875 1.0
93555 119761 1.0
197452 1135894 1.0
8874 647447 1.0
8865 785678 1.0
35 18582 1.0
289780 1128453 1.0
195792 1128974 1.0
675756 1132505 1.0
35852 41732 1.0
198653 1152896 1.0
35 387795 1.0
193352 612306 1.0
93555 284025 1.0
89547 66805 1.0
83725 56119 1.0
9559 252725 1.0
57119 592975 1.0
35 1127913 1.0
608326 1129683 1.0
35 84021 1.0
287787 503883 1.0
940 28265 1.0
32276 174418 1.0
656231 103531 1.0
12576 135130 1.0
91853 1116410 1.0
22386 1107010 1.0
573964 576691 1.0
593240 593210 1.0
73327 1153724 1.0
89547 237376 1.0
35 198653 1.0
58758 1128204 1.0
887 595056 1.0
368605 1153003 1.0
38205 1153942 1.0
56115 1129573 1.0
739816 1140543 1.0
593240 1136791 1.0
227178 1128985 1.0
27623 28254 1.0
591017 1128856 1.0
35 1153577 1.0
24476 1153024 1.0
739280 746058 1.0
161221 1153922 1.0
35 634904 1.0
45605 144212 1.0
19231 18619 1.0
70281 1106630 1.0
427606 62329 1.0
74975 38846 1.0
70970 1129683 1.0
592973 592975 1.0
9559 1102794 1.0
144701 1136342 1.0
28290 63832 1.0
41714 1033 1.0
193352 193354 1.0
56119 1105221 1.0
503883 646913 1.0
8865 1129570 1.0
594047 1129629 1.0
35 1103985 1.0
41714 144212 1.0
240321 675847 1.0
45188 45189 1.0
95198 1110579 1.0
38846 38845 1.0
739816 1135894 1.0
34257 1153003 1.0
1959 207395 1.0
195150 568045 1.0
45189 976284 1.0
910 1152194 1.0
57119 606647 1.0
74427 368605 1.0
35 33904 1.0
64319 249858 1.0
82920 1129683 1.0
248425 592975 1.0
14429 73119 1.0
44455 227178 1.0
24966 145134 1.0
1688 1133338 1.0
22386 310530 1.0
575795 595063 1.0
74975 3932 1.0
66564 593942 1.0
148170 1128997 1.0
45605 682815 1.0
35 1128945 1.0
35490 1116410 1.0
27606 124734 1.0
33895 593813 1.0
33907 593813 1.0
13212 1105148 1.0
12576 83725 1.0
23070 74698 1.0
58758 69284 1.0
8872 1104647 1.0
56115 1107674 1.0
27623 686061 1.0
11148 1129835 1.0
197054 1125092 1.0
193347 612306 1.0
906 1136397 1.0
35 190706 1.0
941 28265 1.0
45533 1116974 1.0
35 66805 1.0
8874 1153816 1.0
41714 568857 1.0
22386 38845 1.0
287787 634975 1.0
35 197054 1.0
135798 1108656 1.0
56115 127033 1.0
240321 447250 1.0
82920 70970 1.0
12576 1105221 1.0
65057 134307 1.0
19045 593210 1.0
44368 1128227 1.0
118259 118260 1.0
35061 1152761 1.0
35 1133196 1.0
27530 1128542 1.0
48768 1104647 1.0
27606 249858 1.0
8872 229635 1.0
56119 1104999 1.0
35 1137466 1.0
646809 646913 1.0
12576 63832 1.0
8872 197054 1.0
6318 20833 1.0
35 486840 1.0
94639 593105 1.0
38846 1128407 1.0
575077 608191 1.0
35 1131360 1.0
226698 1112767 1.0
575077 66556 1.0
887 1112911 1.0
145134 641976 1.0
35 1129778 1.0
35 286500 1.0
134219 1112075 1.0
34257 368605 1.0
35 1117476 1.0
887 87363 1.0
118259 230300 1.0
307015 1131198 1.0
89416 1106546 1.0
593942 1153896 1.0
85352 1153943 1.0
206371 69296 1.0
20180 91853 1.0
35 335733 1.0
74975 38845 1.0
116084 116087 1.0
579008 1128943 1.0
190706 144212 1.0
85352 1152421 1.0
35061 263498 1.0
131318 411005 1.0
174425 636511 1.0
127033 574710 1.0
6318 1108656 1.0
66564 141324 1.0
27543 27531 1.0
163235 1109873 1.0
12576 1104999 1.0
1237 102938 1.0
87417 1128453 1.0
85352 574462 1.0
13208 1105148 1.0
35 1127430 1.0
198866 1153728 1.0
24966 63549 1.0
23070 134307 1.0
642641 645084 1.0
35 85352 1.0
84021 509233 1.0
135130 1105221 1.0
576691 1128198 1.0
936 1111899 1.0
8875 1152676 1.0
210871 1128151 1.0
594011 1153896 1.0
646809 1131374 1.0
44455 128540 1.0
33904 1103960 1.0
19231 686061 1.0
13136 160705 1.0
48764 1125092 1.0
65074 74698 1.0
134219 503893 1.0
35 78511 1.0
82664 3097 1.0
35 1152421 1.0
513189 1125597 1.0
94639 593942 1.0
35 1129573 1.0
27530 592826 1.0
248425 1113831 1.0
210871 35 1.0
65074 87915 1.0
592993 1128978 1.0
178727 1110546 1.0
45603 1125092 1.0
270600 1114838 1.0
34263 90655 1.0
45605 1131639 1.0
44455 1128985 1.0
34266 1122642 1.0
210871 595157 1.0
427606 1138968 1.0
131317 411005 1.0
35852 1113438 1.0
39127 75972 1.0
35 141342 1.0
58758 33895 1.0
65074 134307 1.0
13212 411005 1.0
503883 647413 1.0
137130 23070 1.0
645088 645084 1.0
78511 575402 1.0
147870 1132434 1.0
67292 1105530 1.0
310530 38839 1.0
35 1114331 1.0
22386 38846 1.0
1688 44368 1.0
592973 592986 1.0
35 634975 1.0
503877 1154076 1.0
656048 1131828 1.0
75972 1105932 1.0
14429 14431 1.0
48766 1104647 1.0
27623 1104182 1.0
35 41714 1.0
35 1119708 1.0
12576 28290 1.0
1688 1103985 1.0
260121 1114352 1.0
13982 34979 1.0
35 801170 1.0
34257 1115456 1.0
35061 682815 1.0
13212 131318 1.0
604073 1129494 1.0
94639 141324 1.0
28851 595157 1.0
35 593260 1.0
35 15670 1.0
24966 131318 1.0
34082 1103969 1.0
35 45599 1.0
160732 75969 1.0
94639 62634 1.0
148170 1109199 1.0
35 634938 1.0
39127 1128935 1.0
65074 134316 1.0
66556 66563 1.0
27627 686015 1.0
27623 686015 1.0
640617 259702 1.0
634938 1130847 1.0
91853 1110579 1.0
575402 1129778 1.0
910 1105530 1.0
1688 1694 1.0
134199 1114331 1.0
34257 34266 1.0
568857 1153816 1.0
6639 116084 1.0
35061 503871 1.0
287787 1123756 1.0
14428 73119 1.0
34257 1111186 1.0
591016 1128856 1.0
307656 270085 1.0
89547 976284 1.0
14428 14429 1.0
38845 1110579 1.0
82920 1128198 1.0
503883 646809 1.0
38205 606647 1.0
264556 289085 1.0
8872 1125092 1.0
75969 1153811 1.0
646809 1154076 1.0
28230 1108267 1.0
18811 1106401 1.0
35 1128204 1.0
132806 593260 1.0
56709 308529 1.0
164885 447224 1.0
35 69296 1.0
83725 62718 1.0
75972 592830 1.0
32276 636511 1.0
135130 574710 1.0
35061 240791 1.0
62329 251756 1.0
175256 1133196 1.0
57119 1129570 1.0
63549 1105344 1.0
20179 95188 1.0
34257 34263 1.0
170798 656231 1.0
8874 608292 1.0
35 135130 1.0
129287 907845 1.0
1688 576725 1.0
576973 1128208 1.0
82920 576691 1.0
35 1050679 1.0
56709 1128959 1.0
259702 1114331 1.0
25702 910 1.0
287787 634904 1.0
25702 1136397 1.0
178209 195150 1.0
35 265203 1.0
240791 1113438 1.0
147870 1109185 1.0
103531 656048 1.0
231249 1127913 1.0
575077 608190 1.0
503883 1131374 1.0
85352 576691 1.0
129042 1108363 1.0
906 1103979 1.0
213246 1122642 1.0
38205 592986 1.0
35 28851 1.0
367312 746058 1.0
910 1122460 1.0
74821 1120252 1.0
1959 1153728 1.0
74975 1128407 1.0
35 1033 1.0
39127 1128881 1.0
195792 19045 1.0
592830 1128935 1.0
592975 592986 1.0
646900 1132731 1.0
39127 592826 1.0
134219 447224 1.0
213246 34263 1.0
111866 249858 1.0
22386 38839 1.0
89547 45189 1.0
119712 1114118 1.0
35 415693 1.0
8872 1153860 1.0
575077 594649 1.0
210871 1129629 1.0
141160 1131345 1.0
35 1128227 1.0
593104 1129015 1.0
24966 131042 1.0
35 263498 1.0
3097 1106236 1.0
8875 395075 1.0
28254 105899 1.0
178209 75972 1.0
35 573964 1.0
592826 1128935 1.0
134199 447224 1.0
141342 1119708 1.0
35 577227 1.0
35 1154176 1.0
85352 682815 1.0
910 1114118 1.0
102939 143676 1.0
24966 92065 1.0
35 289779 1.0
321004 1117049 1.0
56112 56119 1.0
57119 595056 1.0
248431 1113831 1.0
35 594649 1.0
289780 1153784 1.0
650807 1131565 1.0
87915 1153786 1.0
142268 1110209 1.0
129045 1108363 1.0
56115 135130 1.0
35 594543 1.0
592993 1128943 1.0
503883 1153577 1.0
141160 917493 1.0
84021 415693 1.0
65074 65057 1.0
34257 87482 1.0
134307 134316 1.0
66805 509315 1.0
31055 1106630 1.0
12576 56119 1.0
35 289780 1.0
82666 1106236 1.0
906 34355 1.0
367312 1119211 1.0
89547 1132385 1.0
192870 1111186 1.0
35 206371 1.0
45533 1104495 1.0
35 148170 1.0
1688 84021 1.0
35 69284 1.0
35 503883 1.0
65212 1154042 1.0
503893 646837 1.0
19231 30934 1.0
41714 190706 1.0
35 735303 1.0
35 98698 1.0
62329 1131565 1.0
195792 593210 1.0
594011 593942 1.0
8872 1152761 1.0
24966 1152194 1.0
116084 195150 1.0
116084 568045 1.0
35061 144701 1.0
35 1688 1.0
48764 1104647 1.0
646913 647413 1.0
284023 1152958 1.0
3097 1952 1.0
210871 568857 1.0
612306 1131719 1.0
887 161221 1.0
82920 307015 1.0
576362 1129629 1.0
593329 87363 1.0
220420 1128227 1.0
210871 38205 1.0
7867 315789 1.0
35 132806 1.0
634902 634975 1.0
69198 231198 1.0
513189 787016 1.0
577331 1128227 1.0
84021 18582 1.0
35 1153280 1.0
82920 35 1.0
35 1128959 1.0
12576 416455 1.0
41714 190697 1.0
74427 1106771 1.0
1953 1153728 1.0
66556 141324 1.0
287787 634902 1.0
593104 593942 1.0
27623 27632 1.0
910 67292 1.0
24966 65212 1.0
35061 1153860 1.0
35 593091 1.0
887 12576 1.0
576795 1128201 1.0
12576 8875 1.0
25702 147870 1.0
35 1136814 1.0
12576 229635 1.0
45188 1130929 1.0
82920 259702 1.0
617378 1130069 1.0
1953 1949 1.0
593104 593921 1.0
35 579008 1.0
34257 90655 1.0
56112 1104999 1.0
35 1130847 1.0
87915 142268 1.0
10183 1120713 1.0
56112 83725 1.0
35 97645 1.0
10183 10430 1.0
82920 84021 1.0
284023 346292 1.0
593201 594649 1.0
8865 608292 1.0
644361 645016 1.0
144701 1128997 1.0
178718 69296 1.0
1688 694759 1.0
575077 579008 1.0
85352 1114331 1.0
1688 1134022 1.0
910 576257 1.0
28254 686061 1.0
54132 62634 1.0
57119 647408 1.0
1949 129042 1.0
14431 1103031 1.0
28254 686015 1.0
579008 593921 1.0
248425 1121398 1.0
24966 1131267 1.0
134316 1117920 1.0
