1272 93923 1.0
12182 5038 1.0
66782 1105505 1.0
6334 1152975 1.0
11335 35070 1.0
6767 1106103 1.0
75121 1106388 1.0
157401 1118017 1.0
3231 1115471 1.0
684972 395547 1.0
662250 1132073 1.0
46887 6311 1.0
40151 671293 1.0
20584 20592 1.0
65653 1105450 1.0
32083 200630 1.0
22563 6771 1.0
66751 1138043 1.0
40151 1152975 1.0
28640 1059953 1.0
3217 167670 1.0
1365 1105062 1.0
190698 198443 1.0
267003 75121 1.0
103528 103529 1.0
83461 954315 1.0
8224 49844 1.0
6923 308003 1.0
33823 78549 1.0
1365 1117653 1.0
28957 66794 1.0
3231 6334 1.0
103482 27514 1.0
1365 436796 1.0
3222 964248 1.0
22563 107251 1.0
368431 30901 1.0
519318 1125906 1.0
127940 243274 1.0
2440 1114512 1.0
71736 1152991 1.0
49843 49847 1.0
1272 1120962 1.0
763010 1136447 1.0
40124 1112723 1.0
32083 6771 1.0
3243 307336 1.0
6925 1114526 1.0
63915 38000 1.0
42221 248119 1.0
35797 188318 1.0
219218 1112417 1.0
18615 1000012 1.0
159085 1152711 1.0
101263 28456 1.0
101261 101263 1.0
12182 12165 1.0
12182 28632 1.0
212097 1112071 1.0
6925 372862 1.0
28957 28964 1.0
3217 1000012 1.0
1272 157805 1.0
72805 899085 1.0
95642 1107367 1.0
154982 1130931 1.0
35797 1110998 1.0
205196 815096 1.0
49847 49844 1.0
6767 6925 1.0
1365 1114388 1.0
763010 1136449 1.0
35778 73146 1.0
28026 5064 1.0
8687 38000 1.0
5075 5069 1.0
46491 1118823 1.0
573535 693143 1.0
2653 28641 1.0
65650 1118764 1.0
8079 154982 1.0
763010 1136446 1.0
212107 1112071 1.0
78552 78557 1.0
154023 154047 1.0
5075 1120563 1.0
6311 235776 1.0
66596 362926 1.0
40151 1132418 1.0
3222 1132157 1.0
47570 385067 1.0
46547 1118823 1.0
29492 400473 1.0
22431 49844 1.0
13652 13656 1.0
3233 1114222 1.0
255233 33303 1.0
123556 14807 1.0
103529 1107171 1.0
2440 27230 1.0
33301 33303 1.0
37483 5959 1.0
9586 1120138 1.0
6130 1132461 1.0
1365 560936 1.0
2440 6923 1.0
28491 1152910 1.0
1272 560936 1.0
3232 521251 1.0
5600 33303 1.0
18770 531351 1.0
6767 1114864 1.0
13658 294239 1.0
3231 49660 1.0
205196 628766 1.0
3231 8821 1.0
12165 1112099 1.0
51934 14545 1.0
264347 1153183 1.0
671293 1132443 1.0
22563 6767 1.0
26850 1114605 1.0
12182 1118764 1.0
25794 582343 1.0
3235 1114222 1.0
4335 116790 1.0
3243 368431 1.0
29492 152219 1.0
33823 1119004 1.0
35778 1919 1.0
40 1114442 1.0
5959 545647 1.0
33818 78557 1.0
8594 1213 1.0
103528 1107171 1.0
189566 1153014 1.0
137359 1153101 1.0
239800 95718 1.0
3223 167656 1.0
3240 1110531 1.0
36162 1152307 1.0
12238 101263 1.0
8699 104840 1.0
32083 1120962 1.0
654339 1131741 1.0
560936 562123 1.0
119686 198443 1.0
8594 1154525 1.0
28491 782486 1.0
8832 1102761 1.0
1365 1119140 1.0
18777 73146 1.0
8699 1102751 1.0
9586 33818 1.0
137359 1108728 1.0
2440 1106388 1.0
35797 1116629 1.0
18777 18774 1.0
193931 1111240 1.0
693143 695284 1.0
33301 1022969 1.0
32083 1113995 1.0
60169 399370 1.0
3232 1106330 1.0
35778 519318 1.0
8224 49843 1.0
397488 1120643 1.0
20584 6311 1.0
205196 1112929 1.0
137380 37541 1.0
643735 643734 1.0
200630 643734 1.0
71904 239800 1.0
6784 100961 1.0
573553 820662 1.0
23738 1153148 1.0
6935 1106388 1.0
75121 417017 1.0
762980 1136447 1.0
23738 11325 1.0
20592 20593 1.0
6771 65653 1.0
6346 1106103 1.0
6935 1000012 1.0
2654 1104851 1.0
93923 6941 1.0
188318 1110998 1.0
202639 1154123 1.0
5062 1120563 1.0
3232 1128536 1.0
2440 72908 1.0
23738 27250 1.0
5064 5069 1.0
671269 1132418 1.0
1365 1152143 1.0
205196 950986 1.0
12182 28640 1.0
3218 35070 1.0
66751 573535 1.0
18615 4660 1.0
5966 1102625 1.0
5966 8699 1.0
95642 28447 1.0
1272 1135358 1.0
779960 1137140 1.0
154023 1112106 1.0
63931 136768 1.0
1365 1102407 1.0
49843 49844 1.0
1956 1817 1.0
36140 105057 1.0
8079 39124 1.0
672064 6130 1.0
4335 755082 1.0
1365 69392 1.0
193918 1111240 1.0
671269 1132443 1.0
430711 671052 1.0
3243 1103610 1.0
385067 272345 1.0
6923 93923 1.0
3232 20942 1.0
66751 693143 1.0
3218 66782 1.0
210872 1129610 1.0
8594 232605 1.0
37541 1119140 1.0
11337 1128256 1.0
31083 1123068 1.0
2440 1110426 1.0
8591 709113 1.0
66794 1153031 1.0
27249 368431 1.0
39130 39131 1.0
6775 350319 1.0
3231 8699 1.0
16437 16470 1.0
155158 8687 1.0
1365 1113995 1.0
2653 321861 1.0
78557 1120138 1.0
1365 949318 1.0
5966 1114502 1.0
5055 1107861 1.0
22886 1120444 1.0
4329 46468 1.0
83746 294239 1.0
77108 1138043 1.0
154982 1130934 1.0
8224 1110426 1.0
672070 1154123 1.0
1365 237521 1.0
3233 192850 1.0
2440 49844 1.0
1272 97892 1.0
253971 1129621 1.0
46491 137380 1.0
238099 1127851 1.0
2440 1119295 1.0
177115 5069 1.0
23738 65650 1.0
763009 1136449 1.0
416964 127940 1.0
6939 1116922 1.0
13654 119686 1.0
8224 1128531 1.0
33823 33818 1.0
22563 1103394 1.0
41417 1108329 1.0
46887 1111788 1.0
28964 1125944 1.0
23116 40124 1.0
1956 1118302 1.0
23738 101662 1.0
654326 1131741 1.0
202639 672064 1.0
8224 11342 1.0
350319 193932 1.0
8224 1111788 1.0
671269 1154124 1.0
33818 78552 1.0
5966 68463 1.0
18773 167656 1.0
6784 6775 1.0
71736 1152259 1.0
763009 1136447 1.0
672071 1132443 1.0
36140 27249 1.0
5959 1102625 1.0
1365 1120866 1.0
189566 36802 1.0
824245 1139009 1.0
288107 1123215 1.0
642593 1131163 1.0
1365 1129443 1.0
80656 13656 1.0
3237 964248 1.0
80656 13654 1.0
2440 1061127 1.0
28957 88356 1.0
763010 762980 1.0
3084 255233 1.0
19697 32698 1.0
28491 153598 1.0
3231 68463 1.0
3236 167670 1.0
8594 709113 1.0
100935 1134865 1.0
103482 1119140 1.0
48781 397488 1.0
23738 73146 1.0
12182 12211 1.0
683355 683404 1.0
39131 6334 1.0
2440 136766 1.0
1272 65653 1.0
45052 1131266 1.0
31479 114189 1.0
3231 1106330 1.0
2440 1153254 1.0
22563 1120962 1.0
85688 6539 1.0
12439 323128 1.0
18774 73146 1.0
1999 1131471 1.0
40151 1152448 1.0
263069 148341 1.0
193931 193932 1.0
8079 1103737 1.0
46491 37541 1.0
65650 1105450 1.0
8224 22563 1.0
1365 1110998 1.0
3222 1114222 1.0
2653 1118764 1.0
1817 1114502 1.0
13654 83746 1.0
205196 1130568 1.0
48781 1120643 1.0
643695 643597 1.0
85688 8224 1.0
6767 69397 1.0
8961 1103610 1.0
684986 684972 1.0
360028 1118823 1.0
70444 1108329 1.0
42221 27199 1.0
159084 1152711 1.0
29492 1122574 1.0
23738 101811 1.0
85324 628751 1.0
1272 27230 1.0
6941 372862 1.0
61069 1129610 1.0
1365 1114153 1.0
1365 562123 1.0
2440 1108551 1.0
39131 1106330 1.0
318187 1116922 1.0
14807 1111240 1.0
44514 253971 1.0
169279 1132083 1.0
430711 1132416 1.0
2654 1123926 1.0
20584 1118823 1.0
33823 78552 1.0
709113 1134031 1.0
430329 127940 1.0
61069 975567 1.0
582343 1128437 1.0
40151 1104261 1.0
190698 1114502 1.0
672071 6130 1.0
399370 60159 1.0
5959 582511 1.0
13213 1152143 1.0
2440 1120650 1.0
191222 191216 1.0
101660 1107095 1.0
13658 987188 1.0
49660 3237 1.0
6539 1102646 1.0
8224 23738 1.0
671052 1132406 1.0
101811 101662 1.0
36140 35797 1.0
78555 1120138 1.0
63931 13717 1.0
11342 463825 1.0
133615 1153866 1.0
1272 1102625 1.0
1272 1128256 1.0
1365 948846 1.0
46491 46547 1.0
143476 1112686 1.0
285687 285675 1.0
167670 1123068 1.0
36162 1152975 1.0
50354 14807 1.0
1365 188318 1.0
6130 1154124 1.0
22563 63915 1.0
1365 1031453 1.0
72908 1127863 1.0
187354 1117786 1.0
8594 8591 1.0
4335 1104300 1.0
42221 42209 1.0
263279 1114502 1.0
19697 239800 1.0
318071 1153014 1.0
12182 1059953 1.0
62274 94713 1.0
3218 49843 1.0
3231 104840 1.0
10435 1103394 1.0
6130 1154123 1.0
5959 152226 1.0
11335 11325 1.0
1956 1153150 1.0
12182 28641 1.0
171954 1138755 1.0
2440 1117786 1.0
33823 78557 1.0
69392 1132461 1.0
954315 1155073 1.0
346243 521251 1.0
73146 1108389 1.0
202639 1154124 1.0
3233 272720 1.0
202639 242637 1.0
103482 1114388 1.0
672070 672071 1.0
16437 51831 1.0
1365 157401 1.0
562940 1127619 1.0
1365 948299 1.0
49811 3233 1.0
66594 8821 1.0
260979 1114388 1.0
49660 66594 1.0
1365 39904 1.0
756061 1136447 1.0
3222 167656 1.0
3232 20850 1.0
27510 1152143 1.0
321861 1117089 1.0
46887 235776 1.0
18532 86923 1.0
573553 171954 1.0
187354 372862 1.0
12439 105057 1.0
40151 1152307 1.0
423816 48781 1.0
173863 116790 1.0
3218 6767 1.0
522338 1132864 1.0
22564 22566 1.0
132821 695284 1.0
136767 136766 1.0
3218 187354 1.0
123556 50354 1.0
3231 1128536 1.0
2440 582343 1.0
8821 1102761 1.0
100961 60169 1.0
6334 1152307 1.0
654326 654339 1.0
4335 1136310 1.0
1272 20593 1.0
1272 6923 1.0
307336 285675 1.0
11335 1127657 1.0
5062 28026 1.0
57932 6925 1.0
13717 37998 1.0
18770 531348 1.0
154982 1130927 1.0
136768 136766 1.0
4335 239800 1.0
13717 1110531 1.0
18777 116790 1.0
63931 1117786 1.0
191222 708945 1.0
61073 975567 1.0
1272 52835 1.0
545647 582511 1.0
1365 26850 1.0
32083 1153933 1.0
573553 1129608 1.0
1272 85688 1.0
60170 399370 1.0
643734 643777 1.0
78552 9586 1.0
3223 167670 1.0
232606 1132809 1.0
77108 77112 1.0
126793 16843 1.0
2440 1127619 1.0
18777 510718 1.0
5064 1121176 1.0
133615 55403 1.0
3217 238099 1.0
6784 562123 1.0
45052 27250 1.0
4329 1110768 1.0
8224 6311 1.0
22563 22566 1.0
133615 1128531 1.0
3235 65653 1.0
40151 1153703 1.0
5064 385067 1.0
3236 3233 1.0
4660 429781 1.0
3232 1123068 1.0
13658 1115959 1.0
8224 1153148 1.0
35797 100961 1.0
3231 3237 1.0
75121 1105887 1.0
101263 1139928 1.0
22563 22564 1.0
22563 107252 1.0
6935 1115670 1.0
4335 46468 1.0
8594 1132809 1.0
1365 1135368 1.0
13658 13656 1.0
6925 57948 1.0
27510 188318 1.0
27249 8079 1.0
148341 1131116 1.0
430574 1105622 1.0
101811 151430 1.0
12182 94713 1.0
39131 3231 1.0
1365 1110494 1.0
101811 1153064 1.0
40151 49660 1.0
14807 264347 1.0
63931 136766 1.0
578845 593560 1.0
189623 683355 1.0
20584 389715 1.0
248395 58552 1.0
3218 1110426 1.0
521251 1125992 1.0
31479 20592 1.0
582349 1128437 1.0
241821 1152711 1.0
8224 62389 1.0
22563 1786 1.0
8224 22431 1.0
3218 6941 1.0
6311 1115677 1.0
4335 62417 1.0
72908 6923 1.0
232606 25413 1.0
1365 1136422 1.0
12182 309476 1.0
2654 463825 1.0
521183 521251 1.0
36140 350373 1.0
2440 1000012 1.0
242637 1113541 1.0
8591 167205 1.0
2653 1152075 1.0
23116 1105433 1.0
20857 1155073 1.0
263482 263486 1.0
16843 1152991 1.0
24043 15076 1.0
3231 66594 1.0
2654 27250 1.0
683360 683404 1.0
37483 2440 1.0
136766 348437 1.0
2440 136768 1.0
35797 399370 1.0
466170 66794 1.0
66596 8821 1.0
59045 1121867 1.0
232606 232605 1.0
78555 33818 1.0
40131 118079 1.0
2653 167656 1.0
36162 1152448 1.0
18777 94713 1.0
3240 3233 1.0
31083 48066 1.0
397488 1134865 1.0
6923 6941 1.0
124224 169279 1.0
3084 33303 1.0
27510 1110998 1.0
3231 1113926 1.0
1272 18615 1.0
57948 1118658 1.0
3243 1104055 1.0
210872 606479 1.0
70442 70441 1.0
3231 1131471 1.0
8696 1102751 1.0
11342 65650 1.0
8696 104840 1.0
5069 385067 1.0
189856 683404 1.0
58552 1113828 1.0
3240 39130 1.0
46491 389715 1.0
3231 263279 1.0
35797 60170 1.0
250566 1113926 1.0
672070 1132443 1.0
70444 128383 1.0
671269 1132461 1.0
39130 521252 1.0
12182 429781 1.0
46547 1786 1.0
46547 107251 1.0
606479 1129610 1.0
633030 633031 1.0
107251 107252 1.0
70442 1107215 1.0
49843 1106388 1.0
6935 238099 1.0
159085 241821 1.0
40 1109017 1.0
15076 708945 1.0
23738 22563 1.0
62389 1107325 1.0
3217 65653 1.0
36802 1108389 1.0
6311 69397 1.0
672070 1154124 1.0
23738 27249 1.0
8079 1121867 1.0
23546 27230 1.0
61069 1107062 1.0
18777 173863 1.0
13717 38000 1.0
78557 9586 1.0
66782 51834 1.0
6334 1153703 1.0
8224 55403 1.0
6784 1116629 1.0
151430 1115670 1.0
20584 20593 1.0
46491 107251 1.0
22564 10435 1.0
136767 348437 1.0
628751 628764 1.0
28640 28641 1.0
4329 510718 1.0
6784 560936 1.0
137359 1153150 1.0
46452 582343 1.0
28447 1107367 1.0
20584 235776 1.0
66751 1135750 1.0
22886 1107367 1.0
253762 23116 1.0
6784 35797 1.0
384428 1120019 1.0
137380 1108728 1.0
671269 1154123 1.0
3233 66594 1.0
5075 5064 1.0
46547 389715 1.0
154047 1112106 1.0
6334 1152448 1.0
8591 1154525 1.0
6767 1120444 1.0
22431 49847 1.0
72908 93923 1.0
11335 1153264 1.0
46491 51834 1.0
36140 12439 1.0
5064 272345 1.0
152227 987197 1.0
44514 606479 1.0
262108 1114442 1.0
628751 950986 1.0
149139 1123215 1.0
5064 1120563 1.0
1213 1154525 1.0
118873 1115959 1.0
815073 205196 1.0
593559 593560 1.0
18777 103537 1.0
28026 5069 1.0
672071 1132461 1.0
157805 6539 1.0
20584 1106849 1.0
23738 1153064 1.0
1272 30901 1.0
46491 107252 1.0
2653 350362 1.0
2440 151430 1.0
8079 192850 1.0
18777 66794 1.0
35778 1108389 1.0
18770 28964 1.0
262121 1114442 1.0
6782 1123068 1.0
3231 39124 1.0
248395 1113828 1.0
763009 1136446 1.0
63915 6935 1.0
5055 1121867 1.0
263482 1114512 1.0
41417 128383 1.0
145176 40124 1.0
22564 1103394 1.0
6935 1120650 1.0
192850 272720 1.0
171954 1135750 1.0
263482 1118302 1.0
202639 643597 1.0
16470 1129621 1.0
12194 27199 1.0
8079 27250 1.0
752684 1135955 1.0
6767 235776 1.0
6925 1118658 1.0
4335 32698 1.0
33818 78549 1.0
154982 1121867 1.0
5062 5064 1.0
11335 582511 1.0
6935 101660 1.0
2440 49843 1.0
13652 83746 1.0
2654 1121867 1.0
3233 509379 1.0
3231 1153169 1.0
57922 57948 1.0
12182 4660 1.0
107251 389715 1.0
6923 1155073 1.0
189574 1123689 1.0
16437 430329 1.0
23738 1118764 1.0
1213 8766 1.0
169280 1132083 1.0
4335 95718 1.0
22563 12439 1.0
2440 63931 1.0
171954 820662 1.0
1365 1152821 1.0
19697 40124 1.0
55403 1128531 1.0
154982 1133028 1.0
23116 41666 1.0
152227 1139928 1.0
1272 444240 1.0
22431 1110426 1.0
4335 62274 1.0
16843 1152259 1.0
18615 582343 1.0
159084 241821 1.0
5966 1107861 1.0
22563 36140 1.0
101662 1107095 1.0
5055 1119751 1.0
8224 368431 1.0
12238 1112099 1.0
3243 30901 1.0
521252 1125992 1.0
101811 6935 1.0
5600 1117833 1.0
397590 1120650 1.0
73146 116790 1.0
2653 59045 1.0
762980 1136446 1.0
13654 987188 1.0
71904 95718 1.0
187354 1127851 1.0
3243 350362 1.0
189856 683355 1.0
48781 1134865 1.0
6775 1111240 1.0
5064 1129106 1.0
12238 12165 1.0
13658 119686 1.0
29492 131117 1.0
75121 22431 1.0
202639 1117348 1.0
12182 1117249 1.0
63931 6939 1.0
36140 323128 1.0
36140 1104055 1.0
28964 1125402 1.0
62417 1107558 1.0
13658 198443 1.0
4660 582343 1.0
13652 13654 1.0
5055 1104851 1.0
205196 628751 1.0
145176 1112723 1.0
60159 60169 1.0
1365 1136442 1.0
2440 23546 1.0
2653 65650 1.0
6130 671269 1.0
307336 708945 1.0
2440 49811 1.0
27514 1152143 1.0
5966 1106388 1.0
33818 1120138 1.0
8224 263279 1.0
12182 65650 1.0
6767 6334 1.0
2654 1152075 1.0
756061 1136446 1.0
1919 1108389 1.0
8224 133615 1.0
42209 27199 1.0
42221 57948 1.0
36802 189856 1.0
39130 346243 1.0
2654 1107861 1.0
27243 1104851 1.0
10435 22566 1.0
1365 1131748 1.0
115188 1107728 1.0
19697 95718 1.0
61069 28456 1.0
10435 41417 1.0
154047 1133846 1.0
85688 75121 1.0
65650 309476 1.0
66751 695284 1.0
6334 68463 1.0
103482 27510 1.0
23738 189574 1.0
6311 1114864 1.0
3223 1132157 1.0
12182 321861 1.0
80656 13652 1.0
46470 1105450 1.0
1999 6771 1.0
107177 1119751 1.0
37483 63931 1.0
1365 1132922 1.0
3223 1153101 1.0
118873 987188 1.0
1365 1114605 1.0
189566 189856 1.0
63915 6939 1.0
3240 964248 1.0
127940 1114364 1.0
522338 683360 1.0
36140 63915 1.0
3223 1153150 1.0
3236 3237 1.0
85688 97892 1.0
8687 1102751 1.0
22886 28447 1.0
41666 943087 1.0
145176 1132418 1.0
36162 1132815 1.0
114189 88356 1.0
66794 1102646 1.0
28957 103537 1.0
594119 1129021 1.0
177998 583318 1.0
3084 1107171 1.0
22563 389715 1.0
3231 167670 1.0
3232 66594 1.0
2653 1104055 1.0
166420 1119751 1.0
101263 1112099 1.0
6334 20850 1.0
70444 1107215 1.0
32698 95719 1.0
8224 65653 1.0
65650 5038 1.0
573553 1135750 1.0
137359 1118286 1.0
27230 23545 1.0
50381 62274 1.0
23738 11342 1.0
4660 5038 1.0
389715 107252 1.0
202639 40131 1.0
152227 152226 1.0
6784 60170 1.0
100935 1120643 1.0
20584 1111788 1.0
205196 628764 1.0
12182 1153183 1.0
159084 159085 1.0
11335 545647 1.0
86923 1114184 1.0
20857 1127863 1.0
70444 70442 1.0
3218 1153264 1.0
5600 255233 1.0
40 116552 1.0
46468 27249 1.0
8224 49847 1.0
78555 78557 1.0
1365 1131745 1.0
521183 1125992 1.0
32260 62274 1.0
1365 782486 1.0
32260 94713 1.0
210872 273152 1.0
4329 395547 1.0
46887 1153106 1.0
5062 5069 1.0
232605 25413 1.0
5055 167656 1.0
95642 990075 1.0
52835 1115471 1.0
6923 20857 1.0
62417 41216 1.0
1956 1153101 1.0
128383 1108329 1.0
8224 1132815 1.0
73323 28447 1.0
1956 263486 1.0
22563 1123926 1.0
6782 463825 1.0
263486 1114512 1.0
35797 60169 1.0
3231 20850 1.0
8224 601567 1.0
28957 94713 1.0
531348 531351 1.0
24043 1111265 1.0
148341 1109208 1.0
2440 49847 1.0
3218 417017 1.0
6923 187354 1.0
11335 49843 1.0
2440 18615 1.0
28632 32260 1.0
118873 1109566 1.0
1365 853150 1.0
13654 1115959 1.0
18773 88356 1.0
95718 32698 1.0
78557 78549 1.0
22566 1103394 1.0
3233 1103737 1.0
27199 248119 1.0
6334 1153169 1.0
6925 57922 1.0
131117 152219 1.0
36162 1153703 1.0
12211 12165 1.0
57922 1118658 1.0
41216 1104300 1.0
3828 1956 1.0
154023 1133846 1.0
46452 1153091 1.0
263069 1131116 1.0
8079 105057 1.0
155158 397590 1.0
57948 1114526 1.0
1999 1123068 1.0
37541 260979 1.0
2653 4660 1.0
2653 107177 1.0
124296 51834 1.0
423816 1134865 1.0
6935 18615 1.0
400473 131117 1.0
72908 954315 1.0
6935 308003 1.0
3222 1103737 1.0
1365 950052 1.0
16437 152219 1.0
8224 1108728 1.0
28447 1120444 1.0
8224 1153866 1.0
1786 35797 1.0
49811 463825 1.0
6334 444240 1.0
578845 593559 1.0
5069 1120563 1.0
49844 1127851 1.0
2440 1107095 1.0
119686 987188 1.0
193932 1111240 1.0
292277 578845 1.0
18777 1112686 1.0
5600 1022969 1.0
3231 1102761 1.0
27243 59045 1.0
672070 6130 1.0
78508 1120138 1.0
6784 350319 1.0
70444 70441 1.0
1365 648232 1.0
66794 1105505 1.0
22431 49843 1.0
22563 10435 1.0
2653 1119751 1.0
