35922 1140547 1.0
446610 300071 1.0
365294 7430 1.0
98693 1152358 1.0
25772 1122580 1.0
6125 1107572 1.0
79809 79817 1.0
35922 50337 1.0
631015 396412 1.0
124952 1126012 1.0
27895 1132706 1.0
137790 1113852 1.0
40886 654177 1.0
6814 390896 1.0
714256 714260 1.0
3192 310742 1.0
97390 98693 1.0
51049 1134320 1.0
642930 1131184 1.0
5194 133563 1.0
15987 158098 1.0
300806 396412 1.0
3101 110164 1.0
3220 145215 1.0
10177 67415 1.0
649730 1131464 1.0
5086 440815 1.0
6818 1128425 1.0
23258 1106052 1.0
16008 1105531 1.0
358887 79809 1.0
649739 1131464 1.0
17811 63486 1.0
28485 168410 1.0
3220 429805 1.0
7032 52847 1.0
39890 714256 1.0
235679 57773 1.0
17798 56167 1.0
39890 162664 1.0
133553 105856 1.0
15987 1127530 1.0
110162 110163 1.0
134320 23069 1.0
39890 1154232 1.0
1246 1102400 1.0
520471 1125953 1.0
5194 140569 1.0
300806 1133010 1.0
68224 582139 1.0
179702 1121569 1.0
738941 162080 1.0
10169 158614 1.0
12195 51180 1.0
370366 641956 1.0
14549 1103038 1.0
12195 1107319 1.0
73162 714879 1.0
12197 68495 1.0
39199 66990 1.0
734406 1135115 1.0
103430 75318 1.0
2354 10186 1.0
182094 650814 1.0
445938 315266 1.0
31353 1152904 1.0
31353 1135746 1.0
27895 112378 1.0
1997 7032 1.0
2663 1119671 1.0
95225 42207 1.0
6343 359067 1.0
10169 552469 1.0
39890 714975 1.0
645046 646357 1.0
14531 1103038 1.0
1035 1034 1.0
59626 217115 1.0
6814 1125469 1.0
179180 1126037 1.0
25772 1104769 1.0
6814 315266 1.0
31336 31349 1.0
56167 1119178 1.0
12247 148399 1.0
158172 445938 1.0
714208 189774 1.0
68224 1105574 1.0
20601 95225 1.0
12337 16451 1.0
642920 1131184 1.0
10177 12210 1.0
31353 1107567 1.0
688824 1133008 1.0
19621 948147 1.0
217115 1112319 1.0
112099 1114777 1.0
43698 686532 1.0
300806 29723 1.0
1246 1104007 1.0
235679 689439 1.0
92589 39165 1.0
44121 1104435 1.0
3191 1106789 1.0
162080 1135345 1.0
39890 1154229 1.0
16471 1126044 1.0
206524 48075 1.0
3085 83449 1.0
643239 1131334 1.0
642798 1131172 1.0
10177 4804 1.0
431206 662572 1.0
79809 91581 1.0
16485 1105603 1.0
6910 662416 1.0
3220 1132706 1.0
67415 38722 1.0
3192 5086 1.0
424540 48555 1.0
139865 1108841 1.0
179702 424540 1.0
49482 1112369 1.0
559804 653441 1.0
31483 39165 1.0
78994 662572 1.0
137790 74749 1.0
385572 1120084 1.0
358866 79809 1.0
37879 1105116 1.0
7297 7276 1.0
51049 1154232 1.0
16008 3192 1.0
3191 137873 1.0
51052 242663 1.0
97390 1152358 1.0
3112 470511 1.0
9515 102879 1.0
593060 1128977 1.0
3191 423463 1.0
3101 110162 1.0
12195 1132285 1.0
337766 110162 1.0
35922 194223 1.0
175909 221302 1.0
4804 157761 1.0
7047 54844 1.0
31927 1124844 1.0
33412 34708 1.0
73162 714260 1.0
208345 1114777 1.0
10531 1102850 1.0
523574 653441 1.0
123825 1131634 1.0
25772 641956 1.0
5194 133550 1.0
4804 77515 1.0
102884 9513 1.0
714256 1154233 1.0
6786 1106789 1.0
688849 1133010 1.0
235679 1154524 1.0
20528 1107067 1.0
73162 714748 1.0
37884 300071 1.0
12198 164 1.0
20193 1119180 1.0
33231 315266 1.0
1997 1102442 1.0
643239 1131312 1.0
12347 16451 1.0
95594 1153287 1.0
56167 239810 1.0
219239 12247 1.0
55770 521207 1.0
20602 95225 1.0
7272 763181 1.0
14529 1119987 1.0
648121 648106 1.0
16485 105856 1.0
1997 129897 1.0
162664 118682 1.0
57764 711527 1.0
114308 63835 1.0
3112 110164 1.0
6209 212930 1.0
643221 644577 1.0
7032 1110438 1.0
714289 1154230 1.0
194617 1124844 1.0
17201 1107140 1.0
12638 662416 1.0
15889 1153891 1.0
162080 1109830 1.0
12199 1119471 1.0
133550 140569 1.0
20193 1153889 1.0
221302 1153891 1.0
12337 395725 1.0
112378 145215 1.0
31353 1152272 1.0
330148 23502 1.0
19621 1135137 1.0
10981 1102873 1.0
358866 358894 1.0
3095 218682 1.0
31863 91581 1.0
62607 294145 1.0
235683 235670 1.0
51049 39890 1.0
261040 110164 1.0
10531 194617 1.0
644448 644494 1.0
37888 1125469 1.0
31353 194617 1.0
14529 1103038 1.0
16008 1131165 1.0
40886 429805 1.0
31353 686532 1.0
31336 686532 1.0
93273 989397 1.0
235683 57773 1.0
67633 1114777 1.0
644448 644470 1.0
35922 1105116 1.0
1955 1110390 1.0
57773 1154524 1.0
3192 423463 1.0
136665 23258 1.0
523010 1126044 1.0
145384 95589 1.0
52515 39199 1.0
16485 1123087 1.0
116512 1107808 1.0
39890 189571 1.0
28485 23258 1.0
1955 1125386 1.0
14531 60682 1.0
519353 1125909 1.0
15984 308920 1.0
166825 1110024 1.0
93318 1126050 1.0
179180 139865 1.0
53942 56167 1.0
95594 95589 1.0
12350 68495 1.0
653628 1133930 1.0
3101 110163 1.0
137868 1131300 1.0
6814 158172 1.0
20193 566664 1.0
644448 1131314 1.0
189774 714879 1.0
19621 184918 1.0
709518 1134056 1.0
68224 1128425 1.0
444191 6910 1.0
19621 7297 1.0
20601 1118209 1.0
649731 123825 1.0
187260 1110950 1.0
39199 39210 1.0
643221 643485 1.0
83847 1130678 1.0
189571 521855 1.0
7032 137873 1.0
10169 39126 1.0
648106 648112 1.0
155736 155738 1.0
73162 521855 1.0
189571 1154232 1.0
31483 118682 1.0
215912 31932 1.0
1246 57764 1.0
73162 189774 1.0
10177 12197 1.0
5454 1130680 1.0
83847 66986 1.0
15429 10169 1.0
20193 144330 1.0
217139 154134 1.0
83449 22874 1.0
145215 429805 1.0
6818 50336 1.0
12198 1126350 1.0
642894 1131301 1.0
67415 164 1.0
44017 206524 1.0
189655 714748 1.0
3192 129896 1.0
67415 12195 1.0
5194 133566 1.0
27895 1122580 1.0
3191 561364 1.0
12631 1154103 1.0
51180 1107319 1.0
10169 85452 1.0
194617 215912 1.0
79809 1153275 1.0
14062 1152358 1.0
3191 642827 1.0
202522 446271 1.0
1997 1109439 1.0
3085 221302 1.0
5086 129896 1.0
51045 242663 1.0
105856 273949 1.0
79809 31863 1.0
43165 1131195 1.0
523574 523394 1.0
20193 1114777 1.0
12199 12247 1.0
4804 164 1.0
31863 358894 1.0
31353 1129442 1.0
6209 181782 1.0
15429 219239 1.0
51180 12350 1.0
10177 68495 1.0
75318 141171 1.0
143323 1130539 1.0
6814 37884 1.0
238401 1125386 1.0
14529 239829 1.0
7032 1109439 1.0
10531 31349 1.0
739707 950305 1.0
714289 1154232 1.0
9515 9513 1.0
738941 1135455 1.0
20193 1130653 1.0
3191 105865 1.0
20193 566653 1.0
10531 1129442 1.0
52003 52000 1.0
68224 1130680 1.0
6814 445938 1.0
145215 141868 1.0
184918 330148 1.0
711994 1134197 1.0
34708 211432 1.0
31336 1129442 1.0
16008 189571 1.0
35922 1152162 1.0
643221 642894 1.0
189721 1129518 1.0
408885 1154173 1.0
13972 1126050 1.0
49482 7297 1.0
12198 12199 1.0
133567 1152714 1.0
137790 10186 1.0
27612 1118209 1.0
14062 646836 1.0
523394 714975 1.0
29723 35905 1.0
10169 259126 1.0
714256 1154232 1.0
7047 212930 1.0
1246 42207 1.0
15987 3192 1.0
645571 645897 1.0
12350 12195 1.0
6818 37884 1.0
12350 1104007 1.0
12350 1131611 1.0
145384 7430 1.0
582139 1128425 1.0
643221 1131257 1.0
137790 2354 1.0
7276 763181 1.0
51052 51045 1.0
12350 12198 1.0
12198 27612 1.0
31353 43698 1.0
12350 20602 1.0
601462 1129368 1.0
3220 654177 1.0
444191 1154068 1.0
1481 521269 1.0
643221 1131312 1.0
642894 1131312 1.0
28504 7430 1.0
39890 559804 1.0
31483 1131137 1.0
95586 95589 1.0
10169 63477 1.0
235678 235670 1.0
12631 662416 1.0
66990 39210 1.0
643221 643239 1.0
15429 1153160 1.0
112378 654177 1.0
162664 39165 1.0
714256 189572 1.0
20193 1116839 1.0
10169 636098 1.0
648106 1131421 1.0
3191 5086 1.0
19621 628888 1.0
10169 711598 1.0
39890 1154233 1.0
57773 235670 1.0
33231 445938 1.0
18536 1106854 1.0
7272 7297 1.0
175548 105856 1.0
39126 1107067 1.0
133563 105856 1.0
3192 105865 1.0
15987 523394 1.0
642894 1131180 1.0
128203 128202 1.0
566653 3085 1.0
3191 162664 1.0
137868 1154068 1.0
22835 1110563 1.0
594483 1129040 1.0
12350 4804 1.0
239810 359067 1.0
20601 1121537 1.0
12359 16451 1.0
16485 1104787 1.0
7430 1153287 1.0
6910 1123188 1.0
601462 1129367 1.0
19621 1135082 1.0
273949 1114992 1.0
19621 330148 1.0
10169 1123867 1.0
6814 300071 1.0
1026 1105231 1.0
14062 97390 1.0
10186 86840 1.0
1951 3095 1.0
29723 131315 1.0
15429 77515 1.0
33231 300071 1.0
15429 210309 1.0
137868 1110000 1.0
19621 649730 1.0
12638 6898 1.0
162075 1109830 1.0
521269 1125993 1.0
121792 1152394 1.0
6818 50337 1.0
83449 218682 1.0
10177 12198 1.0
12195 1131611 1.0
156977 390889 1.0
645046 1131301 1.0
91581 358894 1.0
52515 300806 1.0
51049 242663 1.0
63486 96845 1.0
12350 6125 1.0
1034 1153945 1.0
2354 154134 1.0
2354 1113852 1.0
649731 1131464 1.0
74921 1105877 1.0
293974 1125469 1.0
16008 642827 1.0
3112 77826 1.0
654519 1131754 1.0
194223 390922 1.0
12631 1152150 1.0
73162 559804 1.0
20601 1108167 1.0
643221 1131335 1.0
6910 1154103 1.0
141171 1121569 1.0
35905 1152904 1.0
39890 51045 1.0
16476 16474 1.0
263553 662416 1.0
162075 162080 1.0
12347 72101 1.0
124952 189721 1.0
18251 1106052 1.0
2354 74749 1.0
631015 631052 1.0
1026 1153945 1.0
16008 189577 1.0
131122 212930 1.0
62676 312409 1.0
19621 66990 1.0
95597 95579 1.0
12210 77515 1.0
1481 1102567 1.0
61312 1105231 1.0
15429 12197 1.0
17201 184157 1.0
3220 120039 1.0
733576 1135082 1.0
143323 154134 1.0
1997 1109542 1.0
133566 1152714 1.0
10531 31353 1.0
12169 4637 1.0
12350 20601 1.0
10174 10186 1.0
12198 12158 1.0
12158 148399 1.0
91038 52515 1.0
213279 197783 1.0
566664 3085 1.0
179180 1110563 1.0
6814 293974 1.0
79809 1131466 1.0
263553 6910 1.0
1955 110163 1.0
133563 133566 1.0
10531 1130634 1.0
12350 27612 1.0
16485 12347 1.0
1035 1110515 1.0
6818 1105531 1.0
18781 1108175 1.0
66990 1117501 1.0
523574 714289 1.0
6818 1121254 1.0
20193 1130657 1.0
12247 1119471 1.0
37888 293974 1.0
74937 74921 1.0
52000 52007 1.0
3220 40922 1.0
9515 4804 1.0
20601 12247 1.0
67633 55801 1.0
38722 51180 1.0
5086 79809 1.0
39165 1131137 1.0
3191 3192 1.0
133563 1120049 1.0
1026 1034 1.0
20193 1138091 1.0
566653 566664 1.0
31353 1152162 1.0
35922 390896 1.0
28504 131315 1.0
50337 396412 1.0
3220 1130634 1.0
52515 446271 1.0
4878 1102567 1.0
714260 559804 1.0
40886 141868 1.0
12158 12199 1.0
7297 763181 1.0
3187 5086 1.0
7430 95586 1.0
17821 245955 1.0
40886 145215 1.0
2354 1107140 1.0
16008 3191 1.0
6209 168410 1.0
15892 1116146 1.0
14090 1103016 1.0
124952 1119742 1.0
10981 23507 1.0
123825 1154276 1.0
682508 1132857 1.0
46501 1153275 1.0
189774 1134346 1.0
16476 1123087 1.0
440815 645571 1.0
194617 31932 1.0
83826 1106287 1.0
6818 390896 1.0
59626 102406 1.0
36167 20528 1.0
17798 1119987 1.0
11326 11339 1.0
182094 1131550 1.0
52003 1112194 1.0
3192 561364 1.0
64519 63835 1.0
15892 1118388 1.0
112378 1131728 1.0
3187 129897 1.0
28649 155738 1.0
10169 1107067 1.0
66990 1153861 1.0
6344 200480 1.0
644494 1131314 1.0
7047 14549 1.0
43698 1129442 1.0
20602 12199 1.0
370366 928873 1.0
7047 2663 1.0
9708 1130539 1.0
642894 645046 1.0
67415 51180 1.0
11093 39199 1.0
46500 57764 1.0
56167 1152308 1.0
20602 12158 1.0
49482 631052 1.0
31349 686532 1.0
39165 118682 1.0
20602 12247 1.0
31353 286562 1.0
235679 235670 1.0
179702 141171 1.0
141868 429805 1.0
33412 211875 1.0
521855 519353 1.0
15429 1104007 1.0
31353 1063773 1.0
93755 175576 1.0
54844 1104946 1.0
3095 83449 1.0
18781 18785 1.0
648112 1131421 1.0
6898 1123188 1.0
7296 763181 1.0
14062 1154459 1.0
12350 12158 1.0
12631 6898 1.0
12631 1123188 1.0
15889 15892 1.0
6343 141868 1.0
15889 175909 1.0
15984 189577 1.0
33231 158172 1.0
15429 9513 1.0
15429 12350 1.0
644577 1131305 1.0
6344 1112665 1.0
28504 1153287 1.0
19621 631052 1.0
6209 28485 1.0
3191 310742 1.0
39890 523394 1.0
40886 1131728 1.0
75318 1121569 1.0
3085 15889 1.0
28649 155736 1.0
11339 45061 1.0
12198 95225 1.0
79817 1131466 1.0
35905 1152162 1.0
19621 1126044 1.0
103430 1154074 1.0
35922 396412 1.0
12155 1126350 1.0
5454 1128425 1.0
582139 1130680 1.0
3095 110163 1.0
379288 67633 1.0
714260 714879 1.0
1481 1153891 1.0
20193 3085 1.0
50336 13269 1.0
289088 689152 1.0
10177 10169 1.0
31353 31336 1.0
15429 217115 1.0
27246 1110390 1.0
29708 131315 1.0
6910 1152150 1.0
15431 35854 1.0
35922 390922 1.0
15889 1110024 1.0
29723 300071 1.0
4804 102884 1.0
714289 714208 1.0
6910 431206 1.0
3191 129896 1.0
134315 23069 1.0
218682 22874 1.0
11339 44017 1.0
20601 42207 1.0
16485 1109891 1.0
20528 1103676 1.0
20601 12158 1.0
235678 235679 1.0
28504 365294 1.0
133553 1120049 1.0
643221 1131334 1.0
35922 50336 1.0
143323 217139 1.0
94229 1111733 1.0
559804 714289 1.0
6343 200480 1.0
28504 95589 1.0
12631 6910 1.0
78994 662279 1.0
189572 1134348 1.0
123825 649730 1.0
157761 219239 1.0
16471 273949 1.0
73712 1112194 1.0
20193 566488 1.0
79809 1121659 1.0
23258 18251 1.0
55770 208345 1.0
644427 1131257 1.0
110162 110164 1.0
16008 158098 1.0
15987 714289 1.0
10177 15429 1.0
14531 1152308 1.0
683294 682508 1.0
39890 653441 1.0
6898 6910 1.0
210309 1111978 1.0
140005 86840 1.0
39210 66986 1.0
31353 1124844 1.0
15429 9515 1.0
14083 1103016 1.0
15987 653441 1.0
5194 1152714 1.0
95588 95579 1.0
644577 1131301 1.0
3191 129897 1.0
77515 9513 1.0
5454 1105574 1.0
12359 1131634 1.0
20193 1108597 1.0
110163 110164 1.0
20193 1153879 1.0
50807 1104749 1.0
56167 1117184 1.0
29723 6818 1.0
175548 1120049 1.0
12638 1123188 1.0
12350 1107319 1.0
34708 120039 1.0
1481 1111614 1.0
17798 1152308 1.0
180399 1120084 1.0
16485 1120049 1.0
2354 1130539 1.0
5086 1105698 1.0
645870 1131301 1.0
601462 1129369 1.0
12638 263553 1.0
74749 1113852 1.0
15984 714975 1.0
662416 1123188 1.0
23507 217852 1.0
395725 1135115 1.0
156977 1153861 1.0
16476 12359 1.0
642894 643239 1.0
10531 1107567 1.0
116528 1110438 1.0
645870 644494 1.0
653441 1134346 1.0
6910 1117219 1.0
74749 10186 1.0
189655 714260 1.0
42207 219239 1.0
642894 646334 1.0
73162 1134320 1.0
467383 1128977 1.0
1481 1106052 1.0
180301 1110628 1.0
642920 642930 1.0
73162 519353 1.0
650814 1131550 1.0
66990 1152490 1.0
44017 48075 1.0
1026 1129798 1.0
648112 648121 1.0
17811 1107136 1.0
31927 31932 1.0
3192 642827 1.0
15984 158098 1.0
12195 1107567 1.0
35922 1152272 1.0
4637 164 1.0
39890 521855 1.0
10531 686532 1.0
17201 95435 1.0
300806 6818 1.0
162080 739707 1.0
189655 559804 1.0
644494 644470 1.0
12210 4804 1.0
39165 39126 1.0
10531 43698 1.0
642894 646357 1.0
643221 645897 1.0
5086 561364 1.0
166825 1118388 1.0
46501 57764 1.0
12337 57764 1.0
18536 424540 1.0
1481 1117184 1.0
31353 31927 1.0
25772 1126503 1.0
10177 164 1.0
74920 1105877 1.0
12197 1119471 1.0
33231 1121254 1.0
235683 235679 1.0
35922 1152904 1.0
126912 66990 1.0
73162 653441 1.0
64519 154134 1.0
12337 16474 1.0
20602 1108167 1.0
11339 211432 1.0
15889 221302 1.0
19621 23448 1.0
1481 4878 1.0
12350 67415 1.0
194223 1126044 1.0
31927 194617 1.0
4804 1108175 1.0
52000 1104809 1.0
235683 235678 1.0
52007 1104809 1.0
1481 200480 1.0
20193 112813 1.0
35905 1152272 1.0
43698 31349 1.0
646334 646357 1.0
77826 470511 1.0
20601 20602 1.0
278403 627024 1.0
156977 1152490 1.0
3191 308920 1.0
642894 643485 1.0
10169 211875 1.0
50336 50337 1.0
133550 133566 1.0
6898 431206 1.0
95594 7430 1.0
19621 83826 1.0
6125 27612 1.0
683294 1132857 1.0
15429 175576 1.0
263553 1117219 1.0
642894 1131335 1.0
83847 1106287 1.0
27895 1103676 1.0
642894 642798 1.0
644577 645897 1.0
175909 112787 1.0
235678 689439 1.0
7047 1135082 1.0
133567 133566 1.0
51049 51045 1.0
77829 470511 1.0
144330 63486 1.0
23502 184918 1.0
3220 1131728 1.0
139865 1110563 1.0
34708 102406 1.0
3085 395725 1.0
92589 1131137 1.0
12195 38722 1.0
39890 714289 1.0
133550 1109891 1.0
3112 110163 1.0
16471 1104787 1.0
189571 189572 1.0
39890 242663 1.0
12631 12638 1.0
189571 714748 1.0
184157 95435 1.0
1481 521207 1.0
31483 39126 1.0
53942 1117184 1.0
648121 1131420 1.0
145384 1153287 1.0
175909 1153891 1.0
714289 189571 1.0
39890 3191 1.0
687401 273949 1.0
4804 989397 1.0
35922 66982 1.0
6209 95579 1.0
643221 644448 1.0
20193 395725 1.0
15889 1152564 1.0
733167 1154276 1.0
416867 1121537 1.0
358887 358894 1.0
20193 30973 1.0
288 36167 1.0
644577 643485 1.0
73162 1134348 1.0
521207 521269 1.0
561364 642827 1.0
235683 1154524 1.0
15429 1107572 1.0
10177 9515 1.0
23507 649731 1.0
14062 98693 1.0
66990 390889 1.0
123825 1131464 1.0
12638 6910 1.0
16008 523394 1.0
10531 31336 1.0
94229 1123087 1.0
83847 1117501 1.0
184918 171225 1.0
523574 1154229 1.0
19621 1131464 1.0
55770 1114777 1.0
39210 66982 1.0
179702 1152859 1.0
50337 13269 1.0
648112 1131420 1.0
124952 1126011 1.0
52003 1104809 1.0
16008 189572 1.0
645046 646334 1.0
18781 86840 1.0
33231 1132887 1.0
642894 645870 1.0
19621 1128846 1.0
616336 689439 1.0
16471 16474 1.0
20602 42207 1.0
20602 1121537 1.0
137868 91581 1.0
7272 7276 1.0
12350 12210 1.0
179706 141171 1.0
10169 63486 1.0
642798 644470 1.0
3085 30973 1.0
14090 643069 1.0
6786 714975 1.0
67415 1135746 1.0
123825 23448 1.0
20602 12155 1.0
175548 689152 1.0
23502 23507 1.0
12631 78994 1.0
3191 1127530 1.0
112378 141868 1.0
72101 1118347 1.0
62676 14083 1.0
12350 16451 1.0
74937 74920 1.0
39199 66982 1.0
644577 1131334 1.0
33231 1105531 1.0
116528 25772 1.0
714256 714748 1.0
40886 1121459 1.0
123825 649739 1.0
14531 56167 1.0
19621 49482 1.0
9708 181782 1.0
31353 1123576 1.0
208345 55801 1.0
40886 112378 1.0
17363 444191 1.0
16471 1114992 1.0
17201 1126012 1.0
261040 1117184 1.0
15429 35854 1.0
60682 63477 1.0
59626 6125 1.0
180399 385572 1.0
23258 168410 1.0
48555 133563 1.0
644427 644577 1.0
38722 1135746 1.0
3187 1110000 1.0
50838 1126503 1.0
6898 78994 1.0
16008 308920 1.0
112378 1121459 1.0
19621 1106287 1.0
15889 1118388 1.0
643221 1131305 1.0
3187 129896 1.0
19621 649739 1.0
137868 642827 1.0
1481 399173 1.0
25772 1997 1.0
653441 189774 1.0
3112 1152564 1.0
3112 77829 1.0
3095 110162 1.0
74937 1105877 1.0
19621 7276 1.0
12169 989397 1.0
56167 359067 1.0
20193 1153877 1.0
155738 157761 1.0
1246 6125 1.0
102879 9513 1.0
162075 737204 1.0
31353 31349 1.0
12210 67415 1.0
73712 52003 1.0
33231 293974 1.0
137790 128203 1.0
12169 1119471 1.0
6818 293974 1.0
12210 6125 1.0
20601 12199 1.0
654177 1131728 1.0
10169 17798 1.0
19621 123825 1.0
63835 95586 1.0
145215 654177 1.0
31353 686559 1.0
5086 423463 1.0
