6213 353541 1.0
9716 28674 1.0
153063 1131223 1.0
2658 99023 1.0
5348 2695 1.0
233106 12275 1.0
28202 1128267 1.0
117 1109581 1.0
108047 1107418 1.0
117 341188 1.0
2665 578309 1.0
6385 1129243 1.0
3229 16461 1.0
628500 1130600 1.0
4584 1116347 1.0
6213 1107355 1.0
6214 13960 1.0
45212 1105764 1.0
116553 246618 1.0
108983 159897 1.0
6213 1105764 1.0
754594 1136040 1.0
5348 1108050 1.0
4584 188471 1.0
124828 1108169 1.0
4330 1717 1.0
51866 1119078 1.0
27535 34961 1.0
4330 32688 1.0
18815 20920 1.0
6214 6196 1.0
10796 1110947 1.0
28471 91975 1.0
218410 134128 1.0
193742 1111230 1.0
2658 1132948 1.0
237489 1120059 1.0
108962 310653 1.0
2696 1108169 1.0
54129 108047 1.0
7419 341188 1.0
24530 1109581 1.0
17488 1103162 1.0
2658 1140230 1.0
594511 1153900 1.0
10796 46536 1.0
6214 6224 1.0
2658 230884 1.0
22241 1128369 1.0
135765 6917 1.0
459213 1123530 1.0
4584 28278 1.0
2658 751408 1.0
54129 578780 1.0
6155 1126029 1.0
31489 633585 1.0
25181 1152277 1.0
6213 1106406 1.0
27174 96335 1.0
6913 1717 1.0
228990 228992 1.0
205192 578337 1.0
28350 28227 1.0
108047 28336 1.0
626999 911198 1.0
17476 682666 1.0
86359 1152944 1.0
6913 1105011 1.0
4330 299197 1.0
4330 949217 1.0
633081 40605 1.0
4553 1102548 1.0
27241 1116268 1.0
561611 561595 1.0
230879 578309 1.0
61417 1106764 1.0
246618 1113742 1.0
578337 236759 1.0
6214 27631 1.0
134060 481073 1.0
28487 206259 1.0
6169 1114629 1.0
63812 1125393 1.0
626531 1130454 1.0
114 193742 1.0
117 28471 1.0
31105 1105672 1.0
20972 1116181 1.0
696345 236759 1.0
59798 1152673 1.0
94416 1106764 1.0
2658 282700 1.0
282700 1115375 1.0
114 64484 1.0
6913 1116336 1.0
2658 1130808 1.0
17476 170338 1.0
77758 180373 1.0
2698 99025 1.0
28387 1107312 1.0
117 206259 1.0
626574 1154012 1.0
4330 1135108 1.0
4274 1105428 1.0
6163 130 1.0
20923 1115701 1.0
36131 17208 1.0
151708 1120786 1.0
4584 628500 1.0
230879 696346 1.0
100701 1107041 1.0
54129 578646 1.0
13686 1385 1.0
17476 1105033 1.0
13885 13917 1.0
4330 395553 1.0
20923 1116530 1.0
6213 1116347 1.0
77438 106590 1.0
80491 7532 1.0
2696 99025 1.0
642681 646286 1.0
2658 395540 1.0
10798 252715 1.0
4330 118436 1.0
117 28278 1.0
8703 1119078 1.0
35863 20972 1.0
325314 1122704 1.0
114 341188 1.0
4649 135766 1.0
6196 28387 1.0
578898 578646 1.0
628458 628459 1.0
47682 1125393 1.0
144408 219446 1.0
42156 1116594 1.0
5348 1120197 1.0
16819 1131167 1.0
108963 1095507 1.0
28359 35863 1.0
7419 1113182 1.0
6741 49895 1.0
7532 80515 1.0
31769 67245 1.0
3229 1152277 1.0
31489 632935 1.0
128 20526 1.0
108974 108963 1.0
6213 1106966 1.0
6214 1106172 1.0
194609 126128 1.0
3229 1152673 1.0
753047 767763 1.0
642621 1131164 1.0
35335 59772 1.0
8703 27535 1.0
64484 1105394 1.0
54129 1128319 1.0
6378 28473 1.0
117315 28336 1.0
70520 27631 1.0
24974 1104258 1.0
116545 578649 1.0
36131 1152633 1.0
561595 561582 1.0
28249 1116347 1.0
30895 1152673 1.0
6213 28227 1.0
578365 578309 1.0
6213 6215 1.0
63812 1105360 1.0
90888 13885 1.0
18832 81350 1.0
2665 99023 1.0
230879 230884 1.0
753047 753265 1.0
117 33013 1.0
5348 911198 1.0
3229 1131647 1.0
642681 644441 1.0
137849 17242 1.0
51909 1105428 1.0
8619 36145 1.0
3229 949511 1.0
6196 58540 1.0
3229 48550 1.0
8581 75691 1.0
4330 69418 1.0
28278 1107312 1.0
80515 1121603 1.0
314459 1121603 1.0
85449 1120169 1.0
3229 1128868 1.0
134128 1113182 1.0
16819 646286 1.0
114 1118245 1.0
6151 193742 1.0
18313 249421 1.0
30895 144679 1.0
2665 751408 1.0
28350 341188 1.0
94641 116553 1.0
4584 6184 1.0
28412 1128430 1.0
202520 1115701 1.0
35335 168958 1.0
22229 1128369 1.0
80491 314459 1.0
249421 567018 1.0
28412 6220 1.0
4649 434 1.0
126867 1108258 1.0
77438 1129994 1.0
230884 751408 1.0
59798 25181 1.0
28350 1109957 1.0
561581 646440 1.0
40605 40583 1.0
6216 1123553 1.0
54129 17477 1.0
130 13960 1.0
30895 1154251 1.0
4330 1108834 1.0
153063 561568 1.0
2698 342802 1.0
114 7432 1.0
8703 51866 1.0
5348 99025 1.0
42156 1152179 1.0
230879 1132486 1.0
194609 1129572 1.0
7532 314459 1.0
2695 1108169 1.0
696345 696342 1.0
63812 1121057 1.0
38829 1152244 1.0
96851 96847 1.0
13193 17208 1.0
20178 64271 1.0
230879 2658 1.0
42156 340299 1.0
45212 120013 1.0
103543 126927 1.0
54131 459214 1.0
6216 1116347 1.0
6214 28278 1.0
116545 246618 1.0
18815 1104449 1.0
137849 1115291 1.0
579108 1128314 1.0
77758 424 1.0
6213 10796 1.0
6385 1103162 1.0
54131 459213 1.0
853155 853118 1.0
6214 628500 1.0
13885 31043 1.0
114 976334 1.0
22229 459216 1.0
117 17476 1.0
51879 51909 1.0
23774 1106406 1.0
10796 6217 1.0
17477 1103162 1.0
4584 6196 1.0
753047 1136631 1.0
633081 632796 1.0
8581 1120059 1.0
2665 2658 1.0
6169 1106406 1.0
6213 7419 1.0
114 1117942 1.0
128 39403 1.0
227286 1115790 1.0
66809 82090 1.0
6169 7419 1.0
189620 1129994 1.0
153063 561610 1.0
28412 6217 1.0
158812 1127812 1.0
90888 1113934 1.0
626999 139547 1.0
6214 6184 1.0
2665 1130676 1.0
219446 567018 1.0
22883 22876 1.0
36620 189620 1.0
6213 1117942 1.0
114 124064 1.0
2665 230884 1.0
12330 107569 1.0
230879 851968 1.0
64271 91852 1.0
20924 289885 1.0
230879 99030 1.0
13195 1107312 1.0
22875 1110947 1.0
6213 218410 1.0
20923 294030 1.0
82090 82087 1.0
117328 38829 1.0
6213 128 1.0
114 1120170 1.0
561789 561674 1.0
6213 1103315 1.0
54131 578780 1.0
90470 1129994 1.0
633081 632874 1.0
28487 1153056 1.0
2665 1131607 1.0
20534 1111052 1.0
594511 1153899 1.0
262178 85449 1.0
31105 175291 1.0
2665 1115375 1.0
9581 633585 1.0
219446 249421 1.0
6238 1130356 1.0
5348 342802 1.0
101143 596075 1.0
3229 1130915 1.0
77438 590022 1.0
27535 13686 1.0
25181 25184 1.0
99030 578337 1.0
4330 151708 1.0
84020 1106492 1.0
10796 30895 1.0
6215 6224 1.0
6213 1111052 1.0
126868 126867 1.0
2665 696345 1.0
2658 696346 1.0
135766 6917 1.0
193742 6152 1.0
6224 6163 1.0
114 1118332 1.0
81350 892139 1.0
77438 1153262 1.0
101143 101145 1.0
6213 35863 1.0
2698 256106 1.0
6913 4330 1.0
103515 1128314 1.0
6213 1113614 1.0
6913 1152917 1.0
6741 1130637 1.0
31489 40605 1.0
6213 13193 1.0
28202 325497 1.0
293271 293285 1.0
8703 502574 1.0
145315 294126 1.0
126920 103543 1.0
59798 96335 1.0
108047 578649 1.0
578646 578645 1.0
633081 31489 1.0
7419 1105764 1.0
4584 976334 1.0
4330 12946 1.0
6214 6155 1.0
124064 6224 1.0
40605 633721 1.0
30817 1120211 1.0
114 6155 1.0
853114 853155 1.0
4330 753265 1.0
230879 1130808 1.0
1717 1116336 1.0
294126 649944 1.0
114 130 1.0
24974 40125 1.0
13917 1120020 1.0
3229 27631 1.0
114 91975 1.0
31489 227286 1.0
6385 6378 1.0
5348 139547 1.0
75983 1106568 1.0
94641 1102550 1.0
114 755217 1.0
16819 1131236 1.0
4649 449841 1.0
27631 55968 1.0
141596 40125 1.0
6184 399339 1.0
3229 1108834 1.0
6213 6163 1.0
137956 13024 1.0
114 39403 1.0
6210 1120731 1.0
114 55968 1.0
38537 153063 1.0
646286 6913 1.0
6214 1130600 1.0
80491 80515 1.0
114 1126029 1.0
81350 1106172 1.0
28412 27631 1.0
2696 1123239 1.0
28350 6210 1.0
814836 1138619 1.0
4584 13917 1.0
4584 1120020 1.0
2696 5869 1.0
6378 1129208 1.0
6213 20534 1.0
334153 1117618 1.0
3229 919885 1.0
578646 1128319 1.0
114 6170 1.0
28350 1113459 1.0
258259 168958 1.0
51909 502574 1.0
9716 1153262 1.0
194609 1154520 1.0
6214 1152740 1.0
6216 1113739 1.0
10796 1113934 1.0
4649 135765 1.0
578337 1132486 1.0
578646 1153900 1.0
6215 1120170 1.0
10796 180373 1.0
117 39403 1.0
3229 25181 1.0
31489 9581 1.0
28249 628668 1.0
7537 1113534 1.0
51866 22883 1.0
114 1105394 1.0
2665 1132948 1.0
114 1114125 1.0
6238 84459 1.0
2658 1130676 1.0
6214 188471 1.0
145315 649944 1.0
6184 3229 1.0
643003 1131189 1.0
8617 1116268 1.0
529165 1126315 1.0
75983 1115790 1.0
853115 853155 1.0
6213 17208 1.0
6214 399339 1.0
28287 1385 1.0
135464 1133004 1.0
230879 1132948 1.0
117316 117315 1.0
237489 2665 1.0
109323 137849 1.0
578365 578306 1.0
17476 892139 1.0
54129 578645 1.0
6385 55968 1.0
28202 1114629 1.0
633081 1130780 1.0
6385 28473 1.0
6151 1107355 1.0
2696 1113035 1.0
116545 116553 1.0
25181 27174 1.0
6213 1122425 1.0
642621 1131258 1.0
118435 118436 1.0
4584 124064 1.0
458439 1123493 1.0
6213 6155 1.0
42156 1118120 1.0
48550 227286 1.0
116545 1128319 1.0
561611 561610 1.0
753047 753264 1.0
248823 682666 1.0
43639 469504 1.0
58268 137956 1.0
589923 590022 1.0
230879 236759 1.0
20924 294030 1.0
633585 633721 1.0
2696 1114192 1.0
621555 1130243 1.0
16819 1131274 1.0
6214 345340 1.0
561674 562067 1.0
4584 1130600 1.0
6213 434 1.0
114 1111052 1.0
10798 1154500 1.0
6169 1130567 1.0
34315 40125 1.0
2665 1132968 1.0
27535 308232 1.0
4274 1119078 1.0
563613 1129572 1.0
77758 294030 1.0
567005 1127810 1.0
13686 1107355 1.0
114 1103315 1.0
72406 1105764 1.0
27174 180373 1.0
32872 1118245 1.0
8617 36145 1.0
18832 1122425 1.0
2658 696342 1.0
96851 594387 1.0
16819 644093 1.0
118559 1108209 1.0
6213 6210 1.0
28350 628667 1.0
118424 118436 1.0
126927 646286 1.0
562067 1127566 1.0
117 28387 1.0
4584 6213 1.0
28385 1106112 1.0
72056 1135122 1.0
20534 1103315 1.0
8581 1132968 1.0
106590 1095507 1.0
114 38480 1.0
103515 1113742 1.0
34961 22883 1.0
51879 51866 1.0
36145 1105672 1.0
31489 40583 1.0
463 58454 1.0
12330 395553 1.0
28350 241133 1.0
696345 696346 1.0
2658 1135899 1.0
6913 1135108 1.0
6213 195361 1.0
6213 293271 1.0
194609 1128868 1.0
853115 853116 1.0
118559 1121739 1.0
6163 20534 1.0
51866 27535 1.0
2665 1130808 1.0
8703 101145 1.0
135464 237489 1.0
124064 6163 1.0
6213 28350 1.0
139738 1108834 1.0
6216 96847 1.0
853116 853155 1.0
2658 236759 1.0
17476 33013 1.0
648369 1131414 1.0
642847 642681 1.0
12330 400356 1.0
400356 1120777 1.0
67584 1127566 1.0
4584 293285 1.0
108962 108963 1.0
2702 12330 1.0
230884 1131607 1.0
2698 1114192 1.0
216877 1117618 1.0
114 434 1.0
6917 449841 1.0
230879 696345 1.0
22229 1103383 1.0
117 75674 1.0
62347 62333 1.0
3229 1140289 1.0
117 6170 1.0
149669 589923 1.0
114966 1125258 1.0
7537 409255 1.0
6378 1122425 1.0
7419 1117760 1.0
6213 28471 1.0
626531 626574 1.0
4584 628815 1.0
1717 1115291 1.0
28489 6210 1.0
230879 696342 1.0
13885 84459 1.0
459206 1123530 1.0
278394 851968 1.0
59798 1154251 1.0
86359 18834 1.0
51879 22883 1.0
17208 32872 1.0
117 6214 1.0
753070 767763 1.0
230879 205192 1.0
3229 1154251 1.0
8581 75695 1.0
6213 28278 1.0
6163 1113739 1.0
35335 35343 1.0
8703 59244 1.0
6213 399339 1.0
6913 1131230 1.0
114 6220 1.0
24974 34315 1.0
4330 1152917 1.0
4584 6155 1.0
54131 593859 1.0
216878 334153 1.0
159897 310653 1.0
189708 149669 1.0
5462 119956 1.0
10798 212777 1.0
108047 578645 1.0
114 28350 1.0
28287 1107355 1.0
43186 16461 1.0
20924 1113934 1.0
5348 1132968 1.0
108974 108962 1.0
4330 120013 1.0
249421 1127812 1.0
85449 1152290 1.0
40125 1104258 1.0
5869 1110520 1.0
195361 1111304 1.0
2665 578347 1.0
20534 23774 1.0
6196 81350 1.0
7532 1121603 1.0
4584 1113739 1.0
6196 1120731 1.0
89308 101145 1.0
75674 1109957 1.0
16819 646195 1.0
28487 8213 1.0
2695 1120197 1.0
194645 248823 1.0
16819 644334 1.0
17208 1153262 1.0
20923 20924 1.0
578309 578347 1.0
578646 1128291 1.0
3229 31769 1.0
6213 1111230 1.0
134128 1117760 1.0
107569 1120777 1.0
330208 99025 1.0
18834 1152740 1.0
28487 128 1.0
20924 1115701 1.0
205192 99030 1.0
30817 75691 1.0
117328 91852 1.0
5348 75695 1.0
22229 1107418 1.0
153063 561581 1.0
28385 118558 1.0
6169 20526 1.0
626530 1130454 1.0
3229 62347 1.0
126920 126927 1.0
27535 173884 1.0
7419 1109581 1.0
20526 1118092 1.0
6214 93320 1.0
8617 175291 1.0
114 28287 1.0
6213 1128267 1.0
25791 28202 1.0
561593 1131223 1.0
233106 630890 1.0
25805 385251 1.0
43186 152731 1.0
153063 561593 1.0
2696 256106 1.0
6213 628667 1.0
22229 22241 1.0
593022 1128946 1.0
152731 1109392 1.0
54129 117315 1.0
853115 853114 1.0
20534 1107455 1.0
3229 90888 1.0
7532 7537 1.0
10798 434 1.0
6163 134128 1.0
13686 1120431 1.0
578646 1153899 1.0
6151 1106547 1.0
117 189708 1.0
153063 561613 1.0
205192 1132968 1.0
30817 3229 1.0
108047 578646 1.0
3229 1125082 1.0
5348 256106 1.0
6184 27631 1.0
2658 578347 1.0
47839 1124837 1.0
67584 1127558 1.0
103515 1153853 1.0
424 218666 1.0
18812 20920 1.0
218410 1152663 1.0
91852 20178 1.0
4584 1128839 1.0
4584 128 1.0
28350 13193 1.0
27174 25184 1.0
13024 899119 1.0
25805 1110028 1.0
280876 1115291 1.0
114 28227 1.0
341188 682666 1.0
126927 644093 1.0
2665 395540 1.0
2702 395553 1.0
6151 1130567 1.0
6213 1107455 1.0
6220 6163 1.0
6213 6220 1.0
10798 10796 1.0
28489 13193 1.0
22241 595193 1.0
22869 22876 1.0
85299 299197 1.0
2696 342802 1.0
4330 1132459 1.0
626530 626531 1.0
632796 884094 1.0
59798 180373 1.0
6213 1106547 1.0
17242 1115291 1.0
64271 38829 1.0
2665 578337 1.0
108047 1153899 1.0
135766 135765 1.0
6163 96847 1.0
17476 1129208 1.0
75695 1113035 1.0
6385 17476 1.0
3229 35863 1.0
77758 1129907 1.0
4584 6214 1.0
75695 139547 1.0
4330 119956 1.0
54129 578649 1.0
256106 1114192 1.0
424 47684 1.0
31769 67246 1.0
117328 1115166 1.0
3229 1105718 1.0
6213 6224 1.0
128 1114125 1.0
578337 696346 1.0
58268 899119 1.0
3229 7022 1.0
77758 613409 1.0
59798 1152277 1.0
644843 1131274 1.0
31489 632796 1.0
59798 30895 1.0
4330 428610 1.0
117 149669 1.0
38537 646195 1.0
2702 72056 1.0
767763 1136631 1.0
6213 28202 1.0
103515 246618 1.0
9581 1130780 1.0
10796 31097 1.0
5348 1118083 1.0
75694 214472 1.0
67584 562067 1.0
2696 1108050 1.0
3229 35343 1.0
43639 99025 1.0
25181 1154251 1.0
54131 1153897 1.0
3229 82087 1.0
31489 632874 1.0
7532 1153097 1.0
6213 1123553 1.0
67245 67246 1.0
409255 1153097 1.0
2665 205192 1.0
135766 449841 1.0
561809 1127558 1.0
18834 18833 1.0
6151 6213 1.0
753047 753070 1.0
22229 243483 1.0
2665 1122704 1.0
108047 1153853 1.0
36620 1128430 1.0
561789 1127551 1.0
6169 170338 1.0
28385 1125895 1.0
4584 6151 1.0
77438 1152633 1.0
289885 1115701 1.0
103515 459214 1.0
642681 1131167 1.0
6196 976334 1.0
376704 1119654 1.0
753070 753264 1.0
28350 628668 1.0
175291 52784 1.0
6214 1115886 1.0
153063 561595 1.0
124064 6220 1.0
578337 99023 1.0
4649 8703 1.0
55968 892139 1.0
10798 8703 1.0
395540 1130676 1.0
2702 1120777 1.0
51909 173884 1.0
2696 1118083 1.0
114 128 1.0
20534 7419 1.0
6213 55968 1.0
3229 96335 1.0
289945 48550 1.0
117 38480 1.0
751408 1135899 1.0
16819 643003 1.0
380341 60560 1.0
36131 77438 1.0
22875 1113934 1.0
6151 6214 1.0
27241 1106492 1.0
114 28387 1.0
8581 2665 1.0
94641 594387 1.0
188471 628500 1.0
99023 578347 1.0
8703 173884 1.0
23774 7432 1.0
51866 34961 1.0
6213 628815 1.0
89335 59244 1.0
12330 1120777 1.0
628667 628668 1.0
8703 1105428 1.0
6213 23774 1.0
156794 1109581 1.0
4330 328370 1.0
6385 892139 1.0
216877 334153 1.0
6213 1130567 1.0
2696 469504 1.0
54129 593022 1.0
77758 289885 1.0
117 28202 1.0
20923 289885 1.0
6213 58540 1.0
633585 884094 1.0
7419 1107312 1.0
613409 1129907 1.0
34961 31043 1.0
646289 6913 1.0
96847 594025 1.0
2665 630817 1.0
230879 578337 1.0
2658 1115375 1.0
108047 1128319 1.0
22229 595193 1.0
6213 134128 1.0
6216 976334 1.0
561809 562067 1.0
853114 853116 1.0
28227 20526 1.0
578337 696345 1.0
459214 1123530 1.0
64271 1152244 1.0
38537 1131270 1.0
2665 1132486 1.0
30895 1152277 1.0
18832 682666 1.0
18812 510715 1.0
80515 314459 1.0
219446 1127812 1.0
8617 52784 1.0
20534 1106966 1.0
114 28471 1.0
71336 1105718 1.0
194609 563613 1.0
341188 1117942 1.0
6151 6155 1.0
2665 578306 1.0
25805 1121063 1.0
47682 47684 1.0
626530 626574 1.0
230879 1133428 1.0
6214 1105764 1.0
561674 561581 1.0
4584 6210 1.0
2665 43639 1.0
54129 117316 1.0
1717 1135108 1.0
40605 884094 1.0
94641 1153897 1.0
6151 1385 1.0
7537 314459 1.0
144408 3229 1.0
6213 38480 1.0
189620 1133417 1.0
8619 175291 1.0
6213 299195 1.0
633721 1130915 1.0
4649 411092 1.0
4584 13885 1.0
31489 633721 1.0
10796 93320 1.0
36145 52784 1.0
8703 89335 1.0
7419 1118245 1.0
116545 1128291 1.0
22241 1103383 1.0
75693 214472 1.0
61417 212777 1.0
35863 134060 1.0
6213 193742 1.0
6151 6152 1.0
6220 134128 1.0
126909 103543 1.0
168332 86359 1.0
114 1106112 1.0
6220 6224 1.0
3229 27174 1.0
25181 1152673 1.0
126926 126909 1.0
628815 1130567 1.0
6213 91975 1.0
114 58540 1.0
578306 578347 1.0
75695 911198 1.0
134128 1113614 1.0
114 8213 1.0
114 1106406 1.0
6214 1126029 1.0
58268 13024 1.0
4649 6917 1.0
6213 628668 1.0
59798 27174 1.0
851968 1140231 1.0
8703 434 1.0
18834 1152944 1.0
51879 1114664 1.0
6213 1120020 1.0
17476 1103162 1.0
6213 755217 1.0
243483 459214 1.0
4274 1114664 1.0
561595 561581 1.0
2665 1113035 1.0
3229 25184 1.0
330208 469504 1.0
2696 1133004 1.0
4584 193742 1.0
230879 1140230 1.0
27174 35343 1.0
6224 345340 1.0
5348 1114192 1.0
130 345340 1.0
567018 1127812 1.0
6213 1113459 1.0
28227 6169 1.0
13966 13960 1.0
54131 243483 1.0
368657 400455 1.0
6238 1123991 1.0
459216 1123530 1.0
58454 144679 1.0
646412 1131330 1.0
28249 1129096 1.0
5348 1123239 1.0
20178 38829 1.0
108983 108962 1.0
424 1135125 1.0
7537 1131348 1.0
6163 28202 1.0
6214 38480 1.0
6213 1111304 1.0
399339 1120731 1.0
18832 18833 1.0
166989 1110028 1.0
696343 1133428 1.0
13193 755217 1.0
86359 1152740 1.0
128 91975 1.0
6213 241133 1.0
3229 1154169 1.0
103515 54131 1.0
6213 1385 1.0
6163 1111052 1.0
28350 6220 1.0
54129 1128291 1.0
166989 25805 1.0
216878 1117618 1.0
2696 2695 1.0
28542 124064 1.0
13885 42847 1.0
12330 949217 1.0
2696 2698 1.0
3229 1125895 1.0
28287 567005 1.0
17242 280876 1.0
642681 644093 1.0
28287 1106547 1.0
6385 682666 1.0
6213 6214 1.0
642681 644334 1.0
632874 40583 1.0
6184 1105718 1.0
6741 411092 1.0
4584 28287 1.0
6213 299197 1.0
38537 642847 1.0
114 1106172 1.0
3229 1128839 1.0
753264 767763 1.0
2695 2698 1.0
3229 82098 1.0
126926 103543 1.0
6213 20526 1.0
4584 1102550 1.0
23774 1107455 1.0
449841 1123093 1.0
6214 149669 1.0
31489 1130780 1.0
75695 1120059 1.0
8703 353541 1.0
230884 1132486 1.0
561581 561582 1.0
106590 1129994 1.0
107569 1107385 1.0
17476 1122425 1.0
108983 310653 1.0
230879 751408 1.0
644441 644334 1.0
6184 13686 1.0
99023 578306 1.0
54131 1128982 1.0
6238 10793 1.0
28389 353541 1.0
6913 703953 1.0
561613 561568 1.0
68115 47684 1.0
6213 124064 1.0
753047 1136634 1.0
91975 1113459 1.0
6213 1129096 1.0
6213 1117760 1.0
8703 308232 1.0
630817 1130676 1.0
561789 562067 1.0
6214 6215 1.0
593544 1128982 1.0
166989 1121063 1.0
6213 1109957 1.0
3229 1106568 1.0
642621 16819 1.0
4330 1104449 1.0
2695 342802 1.0
116545 578645 1.0
114 1107455 1.0
108974 1133417 1.0
6163 1106966 1.0
28542 206259 1.0
6196 1153056 1.0
114 6196 1.0
6214 124064 1.0
633585 40605 1.0
6213 13960 1.0
4584 1130567 1.0
130 39403 1.0
17208 1152633 1.0
25791 45212 1.0
13195 755217 1.0
6213 1113182 1.0
644441 1131258 1.0
99023 578309 1.0
8703 51909 1.0
32688 69418 1.0
35343 1118332 1.0
2658 696345 1.0
230884 1135899 1.0
22875 22876 1.0
6913 428610 1.0
3229 1109392 1.0
2658 1131607 1.0
3229 118559 1.0
3229 1108209 1.0
6213 1129243 1.0
135464 8581 1.0
27535 1112026 1.0
32688 1717 1.0
626530 1154012 1.0
114 191404 1.0
22241 1107418 1.0
5462 227286 1.0
47682 47683 1.0
6214 6378 1.0
6152 299195 1.0
13195 1120731 1.0
561610 561595 1.0
126868 1108258 1.0
6741 51909 1.0
853118 1140289 1.0
644093 1131236 1.0
36145 1116268 1.0
28350 1129243 1.0
561674 1127541 1.0
219446 1112426 1.0
108047 578898 1.0
241133 1113459 1.0
61417 94416 1.0
199571 46431 1.0
82098 82087 1.0
230879 696343 1.0
642681 1131236 1.0
5462 1129111 1.0
7537 1153097 1.0
90470 106590 1.0
108962 1095507 1.0
6213 6184 1.0
6184 1120731 1.0
77438 589923 1.0
86359 1133469 1.0
117 32872 1.0
2696 5348 1.0
578646 578649 1.0
54129 28336 1.0
2665 696346 1.0
4330 1136393 1.0
6224 28387 1.0
25181 96335 1.0
20526 1103315 1.0
108962 159897 1.0
