12195 12165 1.0
34257 1106771 1.0
250566 1113926 1.0
155158 8687 1.0
51180 12350 1.0
53942 1117184 1.0
13652 13656 1.0
12198 95225 1.0
12210 77515 1.0
3232 1106330 1.0
5194 1152714 1.0
31055 1106630 1.0
59626 217115 1.0
20602 1108167 1.0
195792 593210 1.0
65057 74698 1.0
17798 323128 1.0
592996 1128978 1.0
87482 34266 1.0
66596 8821 1.0
682508 1132857 1.0
25805 1108167 1.0
4330 1103676 1.0
49811 463825 1.0
294126 649944 1.0
687401 273949 1.0
20601 42207 1.0
2654 197783 1.0
12350 157805 1.0
2653 321861 1.0
4330 118436 1.0
64319 111866 1.0
12182 1106418 1.0
3231 46431 1.0
134199 164885 1.0
16485 105856 1.0
39127 49660 1.0
17798 39131 1.0
2654 211906 1.0
1246 42207 1.0
102884 9513 1.0
851968 1140231 1.0
521183 1125992 1.0
2653 102406 1.0
14429 14431 1.0
395553 684972 1.0
23070 134307 1.0
3084 255233 1.0
824245 1139009 1.0
89308 101145 1.0
134316 142268 1.0
145315 294126 1.0
159084 1152711 1.0
155738 157761 1.0
152227 987197 1.0
39130 521252 1.0
19621 1114153 1.0
205196 1130568 1.0
594011 1153896 1.0
1481 521269 1.0
208345 55801 1.0
28649 12182 1.0
7537 141171 1.0
118424 118436 1.0
62329 1131565 1.0
107177 1119751 1.0
65074 714748 1.0
10177 124734 1.0
10177 249858 1.0
15429 175576 1.0
509379 1125393 1.0
137130 65074 1.0
157805 6539 1.0
2654 1104851 1.0
105856 289085 1.0
656048 1131828 1.0
3231 49660 1.0
39127 1105932 1.0
74427 368605 1.0
3236 1125467 1.0
39127 3231 1.0
642798 644470 1.0
292277 578845 1.0
34257 1116974 1.0
36162 1152975 1.0
67415 51180 1.0
3828 207395 1.0
16451 118436 1.0
278394 851968 1.0
28649 155736 1.0
67633 55801 1.0
643069 1131192 1.0
63486 509379 1.0
20601 12158 1.0
3231 6334 1.0
395725 1135115 1.0
642621 1131164 1.0
34708 120039 1.0
50354 289088 1.0
52847 1153811 1.0
12347 16451 1.0
3222 1103737 1.0
16485 1109891 1.0
56167 1152308 1.0
13982 34979 1.0
14428 14429 1.0
116528 1110438 1.0
101263 1112099 1.0
12198 27612 1.0
12350 12198 1.0
27530 592826 1.0
133550 140569 1.0
166989 25805 1.0
1481 1117184 1.0
110041 287787 1.0
13652 83746 1.0
155736 155738 1.0
34082 1119216 1.0
111866 249858 1.0
3222 167656 1.0
34257 1111186 1.0
101261 101263 1.0
134307 134316 1.0
4330 137873 1.0
644494 1131314 1.0
210309 1111978 1.0
7032 52847 1.0
9515 9513 1.0
19621 1131464 1.0
180399 385572 1.0
13654 1115959 1.0
19621 42847 1.0
264556 289085 1.0
142268 1117920 1.0
12350 152227 1.0
14428 1103031 1.0
1481 399173 1.0
20601 20602 1.0
16485 1120049 1.0
2654 1107861 1.0
5966 1102625 1.0
70281 1105672 1.0
8619 36145 1.0
1997 1102442 1.0
101143 101145 1.0
12350 12210 1.0
7032 323128 1.0
152227 152226 1.0
734406 1135115 1.0
48768 1104647 1.0
12198 1126350 1.0
634904 634975 1.0
642798 1131172 1.0
141171 1121569 1.0
152227 1139928 1.0
3233 1114222 1.0
13654 83746 1.0
75693 214472 1.0
38722 51180 1.0
3231 8699 1.0
284414 1115456 1.0
593329 87363 1.0
65074 23070 1.0
1997 49811 1.0
2654 1110438 1.0
133563 133566 1.0
287787 1130847 1.0
10169 6334 1.0
8872 1104647 1.0
10177 15429 1.0
75969 1105932 1.0
53942 56167 1.0
10177 12210 1.0
19045 593210 1.0
644494 644470 1.0
936 207395 1.0
40151 1153703 1.0
3233 1125467 1.0
3231 3237 1.0
1237 1102400 1.0
15429 1104007 1.0
4330 1112929 1.0
6334 68463 1.0
4330 120013 1.0
3231 8821 1.0
19621 123825 1.0
380341 60560 1.0
50354 14807 1.0
34708 211432 1.0
617575 1130080 1.0
4330 328370 1.0
14430 14429 1.0
15429 12197 1.0
3222 1114222 1.0
20602 12247 1.0
3231 636098 1.0
73119 14431 1.0
287787 634975 1.0
385572 1120084 1.0
118873 1115959 1.0
105856 273949 1.0
27606 124734 1.0
49660 66594 1.0
239810 359067 1.0
83847 1130678 1.0
126926 126909 1.0
15429 77515 1.0
45533 1115456 1.0
2654 1106630 1.0
159085 241821 1.0
86258 1106418 1.0
137130 23070 1.0
52007 1104809 1.0
14429 73119 1.0
28649 155738 1.0
260121 1114352 1.0
102939 143676 1.0
13885 42847 1.0
56167 1117184 1.0
592993 1128978 1.0
55770 208345 1.0
31105 1105672 1.0
12210 1112574 1.0
10169 3231 1.0
4330 299197 1.0
14531 592830 1.0
133563 105856 1.0
25791 45212 1.0
59626 6125 1.0
123556 141160 1.0
12347 72101 1.0
12350 12158 1.0
4330 1109439 1.0
3231 200480 1.0
2653 1119751 1.0
1481 200480 1.0
4330 395553 1.0
12350 6125 1.0
8821 1153811 1.0
1237 143676 1.0
166989 1110028 1.0
3084 1107171 1.0
39127 75972 1.0
1481 1119295 1.0
10177 4804 1.0
1246 1102400 1.0
19045 593328 1.0
12182 12211 1.0
19621 649730 1.0
4804 1108175 1.0
34979 1104007 1.0
4330 168410 1.0
238401 1125386 1.0
27612 1118209 1.0
8687 1102751 1.0
504 506 1.0
13885 84459 1.0
179702 1152859 1.0
14429 1103969 1.0
27606 111866 1.0
626530 626574 1.0
6238 1123991 1.0
3828 1956 1.0
151708 1120786 1.0
458439 1123493 1.0
10177 10169 1.0
14531 56167 1.0
262108 1114442 1.0
75318 1121569 1.0
36145 1104055 1.0
27530 27531 1.0
12195 51180 1.0
644448 1131314 1.0
2653 197783 1.0
4330 684986 1.0
12210 4804 1.0
27531 1106370 1.0
6334 1152307 1.0
12165 1112099 1.0
59626 124734 1.0
14430 1103031 1.0
6238 10793 1.0
141160 1109891 1.0
3231 1113926 1.0
74427 1116974 1.0
8617 36145 1.0
19621 684372 1.0
4330 1108834 1.0
133566 1152714 1.0
12238 12165 1.0
135798 1108656 1.0
175548 1120049 1.0
16471 1104787 1.0
8617 175291 1.0
52000 1104809 1.0
12350 4804 1.0
94639 593105 1.0
48764 1125092 1.0
20602 95225 1.0
10169 17798 1.0
15429 12350 1.0
12182 1153183 1.0
6125 1107572 1.0
779960 1137140 1.0
20601 95225 1.0
2654 1116842 1.0
1956 1111899 1.0
103531 1107171 1.0
644448 644494 1.0
23070 87915 1.0
12195 1107567 1.0
644448 1131258 1.0
3232 20850 1.0
14430 1103969 1.0
4330 32688 1.0
205196 950986 1.0
19621 1106287 1.0
12198 164 1.0
20601 1108167 1.0
27530 66594 1.0
628751 628764 1.0
367312 1119211 1.0
3231 259126 1.0
5194 133566 1.0
12238 1112099 1.0
159085 1152711 1.0
77515 9513 1.0
219239 12247 1.0
19621 628888 1.0
83746 294239 1.0
75694 214472 1.0
205196 1130586 1.0
39131 1106330 1.0
684986 395553 1.0
6318 1108656 1.0
593240 1136791 1.0
25772 1105932 1.0
12182 219239 1.0
142268 1110209 1.0
6334 200480 1.0
13654 987188 1.0
12182 28632 1.0
34257 192870 1.0
654519 1131754 1.0
12210 12182 1.0
42207 219239 1.0
6343 521252 1.0
1997 1109439 1.0
15429 10169 1.0
4330 1114352 1.0
63812 1121057 1.0
27203 1106418 1.0
289085 689152 1.0
10177 27606 1.0
40151 49660 1.0
519353 1125909 1.0
36162 20528 1.0
45603 1104647 1.0
4330 1110438 1.0
6344 1112665 1.0
3231 63486 1.0
23070 1116044 1.0
65057 134307 1.0
13208 1105148 1.0
34266 34263 1.0
205196 628764 1.0
367312 746058 1.0
4330 69418 1.0
12210 67415 1.0
23070 74698 1.0
27543 1106630 1.0
4804 25805 1.0
28385 118558 1.0
65074 74698 1.0
34266 90655 1.0
12247 148399 1.0
1481 4878 1.0
25805 1110028 1.0
179702 141171 1.0
1481 1108267 1.0
3084 33303 1.0
10177 12197 1.0
1955 1956 1.0
1955 1125386 1.0
103430 1154074 1.0
521183 521251 1.0
13212 1105148 1.0
593209 593210 1.0
10177 67415 1.0
71736 1152259 1.0
16471 16474 1.0
19621 1114442 1.0
289945 48550 1.0
95225 42207 1.0
335042 289085 1.0
504 89416 1.0
853155 853118 1.0
578669 1128978 1.0
159084 159085 1.0
12210 6125 1.0
65074 142268 1.0
5966 8699 1.0
284023 1152959 1.0
27530 1106630 1.0
6125 27612 1.0
20602 42207 1.0
733534 948147 1.0
2702 395553 1.0
38771 1104191 1.0
12195 1112099 1.0
12350 12195 1.0
12238 1107567 1.0
3231 68463 1.0
65074 1117920 1.0
19045 87363 1.0
28385 1106112 1.0
75318 141171 1.0
6343 200480 1.0
28640 1059953 1.0
159084 241821 1.0
5966 68463 1.0
72056 1135122 1.0
133563 1120049 1.0
13652 13654 1.0
48555 48550 1.0
62329 251756 1.0
302545 1152858 1.0
12195 1107319 1.0
97377 211432 1.0
74698 134307 1.0
36162 1152307 1.0
36162 1152448 1.0
684972 395547 1.0
18773 167656 1.0
12350 1107319 1.0
16485 1104787 1.0
368657 400455 1.0
6344 200480 1.0
49811 3233 1.0
592993 593105 1.0
20602 1121537 1.0
48764 1104647 1.0
12238 101263 1.0
87915 142268 1.0
936 1111899 1.0
688824 1133008 1.0
251756 195792 1.0
12195 38722 1.0
3222 964248 1.0
4330 151708 1.0
56167 239810 1.0
134314 1116044 1.0
15429 210309 1.0
2654 1152075 1.0
12350 20601 1.0
642621 1131258 1.0
12182 28641 1.0
8617 52784 1.0
7537 1113534 1.0
270600 1153003 1.0
739280 746058 1.0
20601 1121537 1.0
6334 1116268 1.0
13658 987188 1.0
19045 593329 1.0
124952 1123756 1.0
36145 1105672 1.0
683294 1132857 1.0
3240 3233 1.0
6334 46431 1.0
34257 87482 1.0
12350 68495 1.0
13205 13208 1.0
12350 6539 1.0
10169 63486 1.0
3233 1103737 1.0
6125 28641 1.0
12350 1131611 1.0
733534 1135122 1.0
15429 217115 1.0
67415 12195 1.0
8699 104840 1.0
34257 1114398 1.0
133567 133566 1.0
12247 1119471 1.0
601462 1129367 1.0
34263 90655 1.0
10169 39131 1.0
5966 1107861 1.0
264556 335042 1.0
19621 950052 1.0
683294 682508 1.0
205196 628751 1.0
39131 3231 1.0
8872 197054 1.0
6334 20850 1.0
593328 87363 1.0
601462 1129369 1.0
39127 116087 1.0
12197 68495 1.0
594011 593942 1.0
36145 1116268 1.0
13658 294239 1.0
10169 158614 1.0
102939 102938 1.0
853115 853155 1.0
103430 75318 1.0
39130 346243 1.0
48550 133563 1.0
521207 521269 1.0
6334 1152448 1.0
1955 1110390 1.0
7032 1109439 1.0
67415 1135746 1.0
19621 23448 1.0
45533 87482 1.0
74427 87482 1.0
936 3828 1.0
66594 8821 1.0
36162 1132815 1.0
20601 12247 1.0
287787 634902 1.0
187260 1110950 1.0
65057 1125909 1.0
192870 1114398 1.0
6334 1107067 1.0
83847 1106287 1.0
83826 1106287 1.0
34266 1122642 1.0
2654 52784 1.0
1237 102938 1.0
166989 1121063 1.0
65074 1110209 1.0
936 1956 1.0
45533 34266 1.0
16437 395725 1.0
45603 1125092 1.0
1481 1102567 1.0
12182 1059953 1.0
25772 1104769 1.0
626530 1154012 1.0
89416 137130 1.0
205196 1112929 1.0
8619 175291 1.0
5194 140569 1.0
1237 1106112 1.0
34257 1115456 1.0
12350 27612 1.0
64319 249858 1.0
14430 14431 1.0
19621 948147 1.0
62329 195792 1.0
85324 628751 1.0
62607 294145 1.0
51180 1107319 1.0
75972 1128935 1.0
133550 133566 1.0
17821 245955 1.0
853115 853114 1.0
3240 964248 1.0
8696 1102751 1.0
8961 1103610 1.0
287787 1130856 1.0
853114 19621 1.0
133553 1120049 1.0
141160 133553 1.0
27246 1110390 1.0
12182 155736 1.0
1956 101143 1.0
192870 1111186 1.0
7537 1153097 1.0
19621 83826 1.0
634938 1130847 1.0
133567 1152714 1.0
134199 447224 1.0
27243 1104851 1.0
506 1106546 1.0
506 89416 1.0
12182 1117249 1.0
3233 509379 1.0
48555 133563 1.0
27606 249858 1.0
40151 1152975 1.0
34082 1103969 1.0
45212 120013 1.0
175548 105856 1.0
123825 649730 1.0
3231 1106330 1.0
6238 84459 1.0
255233 33303 1.0
3232 521251 1.0
17811 63486 1.0
27530 1128542 1.0
1997 1108551 1.0
7032 1110438 1.0
3231 1131471 1.0
521251 1125992 1.0
179706 141171 1.0
74427 34266 1.0
1997 7032 1.0
63812 1105360 1.0
649730 1131464 1.0
38722 1135746 1.0
14430 73119 1.0
34257 1122642 1.0
4553 1102548 1.0
36145 52784 1.0
5194 133563 1.0
395553 395547 1.0
52784 1104851 1.0
34257 368605 1.0
20602 12158 1.0
20528 1107067 1.0
36162 1153703 1.0
1481 521207 1.0
684531 684372 1.0
270600 1114838 1.0
19621 649739 1.0
6318 1119295 1.0
10177 68505 1.0
103531 656048 1.0
6125 385251 1.0
145315 649944 1.0
44121 1104435 1.0
10169 20850 1.0
102938 143676 1.0
13656 1120431 1.0
65074 134316 1.0
12197 111866 1.0
3231 1153169 1.0
34257 1153003 1.0
14429 1119216 1.0
60682 63477 1.0
8961 1133390 1.0
14531 1105932 1.0
287787 634938 1.0
4804 77515 1.0
8821 1102761 1.0
3236 3237 1.0
13654 119686 1.0
205196 815096 1.0
23070 134316 1.0
213246 34263 1.0
2653 28641 1.0
116512 1107808 1.0
15429 1107572 1.0
180399 1120084 1.0
5055 1107861 1.0
3237 964248 1.0
65074 65057 1.0
10177 9515 1.0
3231 104840 1.0
3231 1102761 1.0
578845 593559 1.0
74427 34257 1.0
936 129558 1.0
3231 1106370 1.0
89416 1106546 1.0
287787 634904 1.0
6343 1125992 1.0
16471 1114992 1.0
118873 987188 1.0
2653 1116268 1.0
601462 1129368 1.0
14428 73119 1.0
1481 1106052 1.0
340299 74427 1.0
80656 13652 1.0
123825 649739 1.0
40151 1152307 1.0
4804 164 1.0
15429 41666 1.0
38722 5038 1.0
93755 175576 1.0
39127 592826 1.0
39127 277263 1.0
626530 1130454 1.0
14429 1103031 1.0
8832 1102761 1.0
2653 1116842 1.0
39127 116081 1.0
16437 51831 1.0
17811 1107136 1.0
55770 521207 1.0
593942 1153896 1.0
12195 1132285 1.0
103528 103529 1.0
20601 124734 1.0
262121 1114442 1.0
10169 711598 1.0
9515 4804 1.0
13885 1104379 1.0
409255 1153097 1.0
644448 644470 1.0
39127 592830 1.0
17798 3231 1.0
62329 593155 1.0
593155 593240 1.0
123825 42847 1.0
368605 1153003 1.0
16843 643069 1.0
3231 20850 1.0
6343 359067 1.0
32688 69418 1.0
376704 1119654 1.0
936 3084 1.0
124952 1119742 1.0
28640 28641 1.0
87915 1153786 1.0
133553 105856 1.0
49660 3237 1.0
6318 1121057 1.0
208345 1114777 1.0
20601 25805 1.0
2653 175291 1.0
97377 39130 1.0
2653 6125 1.0
65074 134307 1.0
7537 1131348 1.0
27203 148399 1.0
124952 1126011 1.0
39127 52835 1.0
17798 1152308 1.0
139738 1108834 1.0
34263 87482 1.0
521183 521207 1.0
626531 1130454 1.0
124734 1108167 1.0
14428 34082 1.0
10169 63477 1.0
5055 1119751 1.0
628888 628764 1.0
430574 1105622 1.0
628751 950986 1.0
27543 27531 1.0
2653 167656 1.0
2653 107177 1.0
10169 259126 1.0
9716 6539 1.0
39127 1128881 1.0
36620 120039 1.0
3231 328370 1.0
2653 1152075 1.0
592826 1128935 1.0
126926 103543 1.0
205196 628766 1.0
815073 205196 1.0
199571 46431 1.0
39127 1128927 1.0
134316 1117920 1.0
7537 409255 1.0
346243 521251 1.0
16471 1126044 1.0
123556 50354 1.0
133550 1109891 1.0
16843 1152991 1.0
593559 593560 1.0
3231 180399 1.0
4330 1152917 1.0
101263 1139928 1.0
75972 592830 1.0
14428 14431 1.0
15431 35854 1.0
853115 19621 1.0
14429 34082 1.0
94639 593942 1.0
6334 1153169 1.0
42156 340299 1.0
10169 1107067 1.0
1246 1104007 1.0
87915 1110209 1.0
112099 1114777 1.0
163235 1109873 1.0
3231 1128536 1.0
70281 1106630 1.0
4330 69392 1.0
27203 1118209 1.0
90655 1122642 1.0
1997 3233 1.0
13658 13656 1.0
152226 1102400 1.0
12350 1104007 1.0
67633 1114777 1.0
1481 1111614 1.0
175548 689152 1.0
3240 39130 1.0
164885 447224 1.0
578669 1128943 1.0
346292 1152958 1.0
3231 66594 1.0
6318 20833 1.0
2702 72056 1.0
39130 36620 1.0
335042 1117653 1.0
59626 102406 1.0
578845 593240 1.0
4804 68505 1.0
3232 66594 1.0
684986 684972 1.0
141160 1131345 1.0
273949 1114992 1.0
15429 35854 1.0
41666 943087 1.0
14430 34082 1.0
10177 12198 1.0
134314 134316 1.0
101143 596075 1.0
157761 219239 1.0
14430 1119216 1.0
8699 1102751 1.0
578845 593560 1.0
626530 626531 1.0
13658 1115959 1.0
42847 1104379 1.0
8696 104840 1.0
45533 1104495 1.0
116528 25772 1.0
89308 103528 1.0
123825 1131464 1.0
72101 1118347 1.0
1997 1109542 1.0
31105 175291 1.0
52847 1131471 1.0
85324 299197 1.0
74427 1106771 1.0
55770 1114777 1.0
12182 28640 1.0
52000 52007 1.0
16471 273949 1.0
13658 1120431 1.0
14428 1103969 1.0
4804 102884 1.0
116081 116087 1.0
504 1102364 1.0
14090 1103016 1.0
33301 33303 1.0
853114 853116 1.0
6334 1153703 1.0
34257 34263 1.0
6238 1130356 1.0
12198 12158 1.0
649739 1131464 1.0
63812 1125393 1.0
6125 12211 1.0
424540 48555 1.0
8872 1125092 1.0
28230 1123756 1.0
4804 12182 1.0
10177 68495 1.0
75969 592830 1.0
12182 157761 1.0
284023 346292 1.0
39127 1128935 1.0
20528 1103676 1.0
75972 1105932 1.0
111676 89308 1.0
179702 1121569 1.0
19621 1126044 1.0
241821 1152711 1.0
5966 1110390 1.0
56167 1119178 1.0
1956 1118302 1.0
12350 20602 1.0
321861 1117089 1.0
71736 1152991 1.0
89416 65074 1.0
116528 3237 1.0
593240 593210 1.0
626531 626574 1.0
3231 1115471 1.0
853116 853155 1.0
16437 16474 1.0
12197 1119471 1.0
103528 1107171 1.0
25805 1121063 1.0
213246 1122642 1.0
3231 63477 1.0
19621 1135137 1.0
12350 16451 1.0
42156 1152179 1.0
592830 1128935 1.0
12211 12165 1.0
45533 1106771 1.0
40151 1152448 1.0
42156 1118120 1.0
195792 19045 1.0
13658 119686 1.0
289088 689152 1.0
25805 385251 1.0
3231 1107067 1.0
59626 249858 1.0
119686 987188 1.0
123556 14807 1.0
13212 214472 1.0
34257 90655 1.0
34257 34266 1.0
19621 853116 1.0
34708 102406 1.0
124734 25805 1.0
10177 1112574 1.0
621555 1130243 1.0
20601 1118209 1.0
521252 1125992 1.0
123825 23448 1.0
25772 1997 1.0
97377 3240 1.0
75969 1153811 1.0
15429 9515 1.0
8617 1116268 1.0
56167 359067 1.0
65057 519353 1.0
182093 197054 1.0
16485 12347 1.0
739280 367312 1.0
5055 1104851 1.0
155158 397590 1.0
853115 853116 1.0
10169 636098 1.0
1246 6125 1.0
14090 643069 1.0
65074 87915 1.0
3231 1125386 1.0
12350 67415 1.0
12182 5038 1.0
12195 1131611 1.0
592996 1128943 1.0
13212 13208 1.0
19621 1128846 1.0
4804 1112574 1.0
13205 1105148 1.0
2654 1123926 1.0
16843 1152259 1.0
39130 39131 1.0
67415 164 1.0
175291 52784 1.0
197054 1125092 1.0
80656 13654 1.0
3232 1128536 1.0
504 1112650 1.0
80656 13656 1.0
592993 1128943 1.0
15429 9513 1.0
17798 56167 1.0
16437 430329 1.0
594483 1129040 1.0
12158 148399 1.0
39127 46476 1.0
141160 917493 1.0
52835 1115471 1.0
2653 1104055 1.0
34263 1122642 1.0
66596 362926 1.0
12165 1107567 1.0
180301 1110628 1.0
648369 1131414 1.0
67415 38722 1.0
12182 12165 1.0
287787 1123756 1.0
13212 358884 1.0
28230 1108267 1.0
634902 634975 1.0
15429 219239 1.0
39131 6334 1.0
2654 463825 1.0
14431 1103031 1.0
3240 36620 1.0
12182 321861 1.0
126909 103543 1.0
5055 167656 1.0
14531 1152308 1.0
3236 3233 1.0
83847 1117501 1.0
853114 853155 1.0
523010 1126044 1.0
7032 137873 1.0
284023 1152958 1.0
6334 1152975 1.0
4878 1102567 1.0
75969 1128935 1.0
4804 157761 1.0
5194 133550 1.0
3233 66594 1.0
521269 1125993 1.0
34979 1106418 1.0
261040 1117184 1.0
103529 1107171 1.0
116081 277263 1.0
118873 1109566 1.0
626574 1154012 1.0
179702 424540 1.0
4330 1103737 1.0
506 1102364 1.0
9716 28674 1.0
10177 164 1.0
33301 1022969 1.0
45533 1116974 1.0
10169 49660 1.0
14531 60682 1.0
