61417 1106764 1.0
27895 1132706 1.0
35 594900 1.0
40886 145215 1.0
35 198653 1.0
63931 13717 1.0
10435 8703 1.0
210872 1129610 1.0
6209 118260 1.0
85352 1129027 1.0
210871 59715 1.0
568857 1153816 1.0
8865 103515 1.0
210871 568857 1.0
35 578780 1.0
467383 1128977 1.0
13136 160705 1.0
35 273152 1.0
906 34355 1.0
240321 1136397 1.0
60170 399370 1.0
108974 108963 1.0
23546 27230 1.0
54129 28336 1.0
36140 105057 1.0
2440 27230 1.0
22229 1103383 1.0
54129 117316 1.0
35 1128985 1.0
51049 51045 1.0
85352 576691 1.0
44455 227178 1.0
240321 1132434 1.0
693143 695284 1.0
159897 310653 1.0
54129 1128291 1.0
11148 25413 1.0
240791 650834 1.0
141342 70970 1.0
210871 38205 1.0
101660 1107095 1.0
575795 595063 1.0
37483 2440 1.0
22563 36140 1.0
582349 1128437 1.0
39890 1154229 1.0
36140 63915 1.0
593060 1128977 1.0
35 573978 1.0
175256 1120643 1.0
39890 559804 1.0
1688 152483 1.0
35 1119505 1.0
154982 1130934 1.0
116553 246618 1.0
94416 1106764 1.0
8703 1105428 1.0
79809 1153275 1.0
10796 601567 1.0
38205 592975 1.0
193352 1131719 1.0
23738 65650 1.0
35 1112911 1.0
35 97645 1.0
112378 654177 1.0
22563 10435 1.0
10435 1103394 1.0
198653 1152896 1.0
227178 1128946 1.0
2440 212777 1.0
399370 60159 1.0
8224 55403 1.0
2440 1107095 1.0
27895 1122580 1.0
576362 286500 1.0
66805 509315 1.0
2440 49843 1.0
41714 1033 1.0
23116 1105433 1.0
57119 593060 1.0
35 1131116 1.0
108047 1153899 1.0
11342 79809 1.0
89547 976284 1.0
41714 44455 1.0
910 1140040 1.0
35 1137466 1.0
41714 594047 1.0
79809 1121659 1.0
608191 70970 1.0
18615 1000012 1.0
193347 612306 1.0
117316 117315 1.0
35 1129027 1.0
57119 592975 1.0
545647 582511 1.0
2440 591017 1.0
36140 12439 1.0
2440 23546 1.0
2440 1127619 1.0
35 592973 1.0
145215 429805 1.0
82920 576691 1.0
575077 608191 1.0
1953 1153724 1.0
51052 51045 1.0
35 1050679 1.0
286513 1131557 1.0
38205 592986 1.0
148341 1109208 1.0
2440 151430 1.0
35797 399370 1.0
6935 1120650 1.0
11148 193354 1.0
4335 1136310 1.0
143323 217139 1.0
45605 144212 1.0
111770 1119623 1.0
5462 119956 1.0
82920 84021 1.0
10435 22566 1.0
906 910 1.0
11335 582511 1.0
35 259702 1.0
35 190706 1.0
3220 40922 1.0
23738 411092 1.0
35 1128227 1.0
51879 22883 1.0
35 38205 1.0
44455 128540 1.0
28957 159897 1.0
593544 1128982 1.0
66556 66563 1.0
559804 714289 1.0
249421 567018 1.0
612306 1131719 1.0
578898 578646 1.0
15987 158098 1.0
591016 1128856 1.0
45189 272720 1.0
5869 910 1.0
35 81722 1.0
33907 1134022 1.0
3097 1106236 1.0
132806 593260 1.0
39890 1154233 1.0
35 1128945 1.0
3220 39124 1.0
4649 135766 1.0
19697 40124 1.0
358887 358894 1.0
27535 173884 1.0
8224 133615 1.0
22431 49844 1.0
35 594649 1.0
116545 578649 1.0
57119 595056 1.0
23738 1118764 1.0
51049 1134320 1.0
35061 45605 1.0
714256 1154233 1.0
249421 1127812 1.0
97645 33907 1.0
35 84021 1.0
1033 1107062 1.0
8703 27535 1.0
11335 1153264 1.0
89335 59244 1.0
24966 1154042 1.0
144701 1128997 1.0
85352 1127430 1.0
8224 1153866 1.0
54129 593022 1.0
112378 1131728 1.0
2440 49847 1.0
24966 65212 1.0
66751 573535 1.0
189655 714260 1.0
1688 69284 1.0
27895 112378 1.0
10798 601561 1.0
36140 112378 1.0
22241 1103383 1.0
653441 1134346 1.0
4649 434 1.0
20923 1115701 1.0
108047 578898 1.0
54129 578780 1.0
714256 1154232 1.0
8703 502574 1.0
40886 654177 1.0
210871 575077 1.0
116545 116553 1.0
65650 1118764 1.0
193347 193354 1.0
66751 1138043 1.0
101811 101662 1.0
22563 1121459 1.0
24966 95719 1.0
20923 294030 1.0
8703 308232 1.0
44455 568857 1.0
35 103515 1.0
10798 212777 1.0
35 694759 1.0
89547 45188 1.0
85352 561238 1.0
51045 242663 1.0
35 85352 1.0
35852 41732 1.0
96851 594387 1.0
1694 39474 1.0
8224 23738 1.0
3097 1952 1.0
62634 243483 1.0
35 263498 1.0
22431 49843 1.0
40125 1104258 1.0
54131 243483 1.0
66564 141324 1.0
154982 1133028 1.0
45188 350362 1.0
245288 1122460 1.0
143323 154134 1.0
46501 1153275 1.0
100935 1134865 1.0
35 1128204 1.0
89547 1152379 1.0
35 593260 1.0
910 35905 1.0
49847 49844 1.0
2440 1153254 1.0
575077 594649 1.0
65653 1112319 1.0
8224 1110426 1.0
46079 1152569 1.0
594511 1153900 1.0
567018 1127812 1.0
653441 189774 1.0
24966 40124 1.0
32083 6771 1.0
23738 189574 1.0
44514 210871 1.0
35 427606 1.0
89547 1132385 1.0
35061 144701 1.0
40886 429805 1.0
40886 141868 1.0
6935 18615 1.0
714256 714260 1.0
35 1128314 1.0
210871 595157 1.0
4274 1105428 1.0
40886 112378 1.0
27895 1786 1.0
91581 358894 1.0
33907 593813 1.0
20923 1116530 1.0
10798 1154500 1.0
5959 545647 1.0
35 415693 1.0
562940 61417 1.0
210872 35 1.0
24974 1112723 1.0
198866 73327 1.0
97390 1152358 1.0
22431 49847 1.0
145215 654177 1.0
575077 66556 1.0
2440 6917 1.0
189774 1134346 1.0
910 94953 1.0
71904 239800 1.0
54129 578649 1.0
578646 1128319 1.0
32260 94713 1.0
574009 594900 1.0
35 387795 1.0
60169 399370 1.0
189571 521855 1.0
35 248425 1.0
591017 1128856 1.0
58758 1688 1.0
10798 10796 1.0
22563 22566 1.0
73162 653441 1.0
18615 4660 1.0
4335 62274 1.0
1688 1694 1.0
358887 79809 1.0
35 1129683 1.0
45605 1035 1.0
2440 1114512 1.0
248425 592975 1.0
108962 159897 1.0
1033 1034 1.0
48781 1134865 1.0
54129 17477 1.0
190698 1114502 1.0
38205 1128997 1.0
910 13136 1.0
254923 108047 1.0
4274 1114664 1.0
578646 1128291 1.0
8703 51909 1.0
4335 62417 1.0
578646 578649 1.0
35 66556 1.0
10798 252715 1.0
22563 22564 1.0
36140 350373 1.0
578646 1153899 1.0
28957 189577 1.0
65653 1105450 1.0
232606 25413 1.0
35 54131 1.0
714289 1154232 1.0
35 132806 1.0
73327 1153728 1.0
193354 1129835 1.0
910 1129111 1.0
19697 95718 1.0
33907 593091 1.0
95718 32698 1.0
18313 249421 1.0
73162 1134320 1.0
2440 591016 1.0
51052 242663 1.0
66556 1129778 1.0
85352 1153943 1.0
108962 108963 1.0
449841 1123093 1.0
189655 559804 1.0
35852 1035 1.0
34315 40125 1.0
22566 1103394 1.0
46468 27249 1.0
152483 593091 1.0
2440 18615 1.0
82920 1128198 1.0
61069 1107062 1.0
192850 272720 1.0
591016 591017 1.0
54129 117315 1.0
103515 1129778 1.0
14062 1152358 1.0
1953 1153728 1.0
46452 582343 1.0
259701 1114331 1.0
65650 309476 1.0
13213 131318 1.0
41714 190697 1.0
12337 57764 1.0
82920 1129683 1.0
44455 1128985 1.0
22563 1103394 1.0
8865 1129570 1.0
486840 595063 1.0
575402 1129778 1.0
348305 193352 1.0
35 69296 1.0
4335 1140547 1.0
576973 1128208 1.0
39890 714975 1.0
8224 263279 1.0
1786 35797 1.0
10796 1153148 1.0
66564 66563 1.0
57119 592986 1.0
175256 682815 1.0
22563 12439 1.0
45605 682815 1.0
61417 212777 1.0
15987 523394 1.0
910 1105530 1.0
32083 1120962 1.0
63915 145215 1.0
98693 575331 1.0
25702 1136397 1.0
108983 310653 1.0
35 593813 1.0
71904 95718 1.0
38205 593060 1.0
51049 1154232 1.0
62274 94713 1.0
25702 147870 1.0
94641 116553 1.0
12439 105057 1.0
128540 387795 1.0
38205 1153942 1.0
263482 1114512 1.0
35 1109199 1.0
11148 1131719 1.0
27510 1110998 1.0
1688 1134022 1.0
59045 1121867 1.0
2440 1061127 1.0
25702 675649 1.0
82664 3097 1.0
32083 1153933 1.0
69284 206371 1.0
94641 1129018 1.0
227178 96847 1.0
2440 1120650 1.0
65212 1105433 1.0
35 27510 1.0
73162 189774 1.0
219446 249421 1.0
58758 69284 1.0
39890 294030 1.0
210872 273152 1.0
1035 1110515 1.0
23738 101811 1.0
54129 594543 1.0
4335 95718 1.0
1035 1107062 1.0
82920 1125492 1.0
66751 695284 1.0
35061 263498 1.0
94641 1153897 1.0
73162 714879 1.0
36140 57764 1.0
82920 259702 1.0
35797 627024 1.0
15670 12558 1.0
36140 46500 1.0
108047 1128319 1.0
35 8865 1.0
66556 54131 1.0
35797 100961 1.0
84021 1133047 1.0
96851 96847 1.0
38205 595056 1.0
35 190697 1.0
592973 592986 1.0
910 31043 1.0
189774 714879 1.0
217139 154134 1.0
58758 1128204 1.0
240321 1132459 1.0
46501 57764 1.0
57119 647408 1.0
35 28851 1.0
82920 1152421 1.0
40886 1121459 1.0
755082 1136393 1.0
63931 6939 1.0
22563 3220 1.0
114189 88356 1.0
54131 59715 1.0
89547 237376 1.0
35 1688 1.0
3220 429805 1.0
51049 39890 1.0
523574 714289 1.0
6939 1116922 1.0
523574 653441 1.0
63915 6935 1.0
35 1133196 1.0
6917 449841 1.0
35 1131360 1.0
22563 1120962 1.0
35 640617 1.0
594047 1129629 1.0
1688 1136814 1.0
116545 1128319 1.0
41714 61069 1.0
910 227286 1.0
61073 975567 1.0
910 131042 1.0
210871 81714 1.0
24966 131318 1.0
486840 1128975 1.0
45189 192734 1.0
35 1153280 1.0
910 1118848 1.0
463 58454 1.0
41714 190706 1.0
648121 1131420 1.0
145176 1112723 1.0
108047 578646 1.0
35061 682815 1.0
141347 1119708 1.0
84021 18582 1.0
116552 246618 1.0
25702 1118848 1.0
578646 578645 1.0
35797 60169 1.0
73327 1153724 1.0
231249 1127913 1.0
28389 353541 1.0
22229 1128369 1.0
39890 714289 1.0
35 249421 1.0
219446 1127812 1.0
45605 975567 1.0
14062 1152421 1.0
69284 69296 1.0
18619 4660 1.0
37483 63931 1.0
390693 1131639 1.0
89547 45189 1.0
814836 1138619 1.0
575077 593544 1.0
466170 66794 1.0
3235 65653 1.0
576257 1153943 1.0
108962 1095507 1.0
175256 1133196 1.0
35 1154459 1.0
54132 62634 1.0
219446 567018 1.0
143323 1130539 1.0
135766 135765 1.0
118259 118260 1.0
910 67292 1.0
66556 141324 1.0
131042 40125 1.0
35 1133338 1.0
20924 289885 1.0
1688 1131360 1.0
98693 1152358 1.0
85352 682815 1.0
101811 6935 1.0
35061 210871 1.0
10796 1110947 1.0
57764 711527 1.0
66556 593859 1.0
523574 523394 1.0
358866 358894 1.0
35 1113438 1.0
54132 578780 1.0
2440 1106388 1.0
50807 1104749 1.0
654177 1131728 1.0
54131 593859 1.0
39890 523394 1.0
13717 37998 1.0
23738 11325 1.0
38205 606647 1.0
61417 94416 1.0
141342 608191 1.0
22564 10435 1.0
35061 1153860 1.0
82920 1153943 1.0
31863 358894 1.0
112378 141868 1.0
2440 582343 1.0
51909 502574 1.0
108047 578645 1.0
648121 648106 1.0
37483 1130539 1.0
35 608326 1.0
89547 1116328 1.0
579008 248425 1.0
22229 190697 1.0
32083 45605 1.0
579008 593921 1.0
8865 785678 1.0
51879 51909 1.0
24974 1104258 1.0
82920 1127913 1.0
22229 22241 1.0
27895 105057 1.0
45189 1105450 1.0
307656 1131360 1.0
103515 459214 1.0
232860 1113084 1.0
910 12946 1.0
22563 6771 1.0
606479 1129610 1.0
8079 192850 1.0
23738 84020 1.0
22229 243483 1.0
22229 1112911 1.0
645016 1154071 1.0
415693 254923 1.0
35 1117476 1.0
263498 1153860 1.0
467383 116553 1.0
575077 117316 1.0
575077 579008 1.0
1035 1034 1.0
38205 1129610 1.0
579008 594387 1.0
35 568857 1.0
6771 65653 1.0
35 41714 1.0
35 54129 1.0
592975 592986 1.0
49843 49844 1.0
8703 1119078 1.0
54132 1128985 1.0
14062 97390 1.0
45189 976284 1.0
34961 31043 1.0
35 1114331 1.0
35 116552 1.0
3220 654177 1.0
82920 70970 1.0
103515 246618 1.0
116545 246618 1.0
54129 578645 1.0
594047 650834 1.0
193352 193347 1.0
143323 84021 1.0
65212 1154042 1.0
582343 1128437 1.0
593022 1128946 1.0
3217 1000012 1.0
576362 568857 1.0
27249 8079 1.0
24966 131042 1.0
6935 101660 1.0
594511 1153899 1.0
144701 595063 1.0
232605 25413 1.0
41216 1104300 1.0
397488 1120643 1.0
1959 82664 1.0
198443 190697 1.0
46452 1153091 1.0
4335 1136397 1.0
231249 1125492 1.0
35 1153943 1.0
8224 1153148 1.0
108983 159897 1.0
49843 1106388 1.0
24966 19697 1.0
650807 1131549 1.0
35 231249 1.0
54131 66563 1.0
65212 23116 1.0
57119 1132731 1.0
35 1113831 1.0
8224 49844 1.0
189574 1123689 1.0
193352 1129835 1.0
54132 59715 1.0
1688 1133338 1.0
39890 714256 1.0
8703 51866 1.0
8703 89335 1.0
3220 1131728 1.0
190706 144212 1.0
35 1152508 1.0
33907 1136814 1.0
35 1129018 1.0
210871 198653 1.0
18615 582343 1.0
35 18582 1.0
370366 928873 1.0
608326 1129683 1.0
910 1110520 1.0
35 66563 1.0
4649 449841 1.0
108974 108962 1.0
4660 582343 1.0
5462 910 1.0
210871 35 1.0
103515 1127913 1.0
141868 429805 1.0
8079 1121867 1.0
8865 647408 1.0
243483 459214 1.0
8875 395075 1.0
648106 648112 1.0
906 1105344 1.0
35 575331 1.0
240791 1113438 1.0
51866 27535 1.0
39890 521855 1.0
35 44368 1.0
14062 44368 1.0
152483 583318 1.0
45189 192850 1.0
240321 675649 1.0
84021 415693 1.0
35 575077 1.0
82920 1152358 1.0
20924 294030 1.0
67292 1105530 1.0
190698 198443 1.0
20923 289885 1.0
144701 1112911 1.0
263279 1114502 1.0
14062 141347 1.0
568857 1129629 1.0
89547 6771 1.0
375605 1119505 1.0
35 1131557 1.0
108974 66794 1.0
11342 65650 1.0
51879 1114664 1.0
910 160705 1.0
35 98698 1.0
35061 240791 1.0
259702 1131116 1.0
35 46079 1.0
2440 1110426 1.0
318187 1116922 1.0
648112 648121 1.0
575795 1128975 1.0
45605 190706 1.0
117315 28336 1.0
19697 32698 1.0
910 340078 1.0
198653 1130539 1.0
29738 155277 1.0
375825 1119623 1.0
4274 1119078 1.0
44514 606479 1.0
4649 411092 1.0
8703 434 1.0
576257 594649 1.0
100935 1120643 1.0
54132 1117476 1.0
59715 96845 1.0
35 1153853 1.0
85352 66556 1.0
145176 40124 1.0
358866 79809 1.0
3217 65653 1.0
210871 1129629 1.0
714260 559804 1.0
8224 22431 1.0
8224 65653 1.0
714260 714879 1.0
35061 503871 1.0
1953 1153166 1.0
910 34355 1.0
14062 1153280 1.0
644843 645016 1.0
8875 18582 1.0
61069 975567 1.0
35 1152421 1.0
25794 582343 1.0
1959 3097 1.0
35 286500 1.0
22241 1107418 1.0
35 576725 1.0
82666 1106236 1.0
103515 54131 1.0
79809 79817 1.0
513189 787016 1.0
35 787016 1.0
35 593091 1.0
1959 1152896 1.0
20924 1115701 1.0
35 259701 1.0
45188 45189 1.0
25702 1153897 1.0
648106 1131421 1.0
35 148170 1.0
147870 1132434 1.0
60159 60169 1.0
28851 54131 1.0
35 574462 1.0
81714 81722 1.0
35797 1110998 1.0
4335 32698 1.0
154982 1130931 1.0
35 513189 1.0
578650 1128291 1.0
220420 1128227 1.0
14062 1119708 1.0
54129 1128319 1.0
427606 1050679 1.0
46500 57764 1.0
24966 92065 1.0
35 577227 1.0
82920 513189 1.0
141342 1119708 1.0
577227 1131752 1.0
24966 1106671 1.0
11335 11325 1.0
27895 23738 1.0
135765 6917 1.0
22563 1786 1.0
96847 594025 1.0
51866 34961 1.0
28957 88356 1.0
8865 395075 1.0
31863 91581 1.0
263069 1131116 1.0
141324 1113438 1.0
578650 1153853 1.0
263486 1114512 1.0
35 69284 1.0
15984 158098 1.0
575077 608190 1.0
35 1127430 1.0
15984 714975 1.0
8224 1128531 1.0
108983 108962 1.0
3220 145215 1.0
307656 270085 1.0
133615 55403 1.0
35061 48766 1.0
193347 1129835 1.0
57119 1153942 1.0
35797 1050679 1.0
51909 1105428 1.0
35 45599 1.0
54131 1128982 1.0
50838 1126503 1.0
32698 95719 1.0
35 33907 1.0
28957 66794 1.0
36140 27249 1.0
62389 1107325 1.0
154982 1121867 1.0
573535 693143 1.0
5462 227286 1.0
73162 559804 1.0
35 1033 1.0
2440 1000012 1.0
246618 1113742 1.0
714289 1154230 1.0
23738 1153064 1.0
24974 40125 1.0
97390 1153943 1.0
24966 1152194 1.0
35 1119708 1.0
35797 188318 1.0
39890 1123689 1.0
644361 645016 1.0
289885 1115701 1.0
144701 22229 1.0
18619 1153091 1.0
54131 578780 1.0
101811 1153064 1.0
23738 27249 1.0
248425 594387 1.0
35 486840 1.0
593091 593248 1.0
148170 1128997 1.0
158812 1127812 1.0
4335 46468 1.0
39890 51045 1.0
34961 22883 1.0
89547 66805 1.0
35 263279 1.0
103515 1113742 1.0
10798 434 1.0
39890 1154232 1.0
132806 45599 1.0
576691 1128198 1.0
102061 509315 1.0
28851 595157 1.0
22875 1110947 1.0
193347 1131719 1.0
1688 39474 1.0
63915 38000 1.0
423816 1134865 1.0
45605 1131639 1.0
227178 1128985 1.0
35 1103985 1.0
523574 1154229 1.0
35 1153065 1.0
523394 714975 1.0
1688 44368 1.0
49843 49847 1.0
645452 645016 1.0
6935 308003 1.0
592973 592975 1.0
61069 1129610 1.0
65650 1105450 1.0
12439 340078 1.0
578650 578649 1.0
85352 1154459 1.0
22241 1128369 1.0
51909 173884 1.0
84021 509233 1.0
85352 1152421 1.0
562940 1127619 1.0
35 15670 1.0
8224 11342 1.0
41714 144212 1.0
23738 11342 1.0
32083 200630 1.0
206371 69296 1.0
604073 1129494 1.0
82920 81714 1.0
40886 1131728 1.0
35 574009 1.0
210871 1128151 1.0
70970 1129683 1.0
608190 608191 1.0
66794 1153031 1.0
48781 397488 1.0
144701 1136342 1.0
193352 612306 1.0
8079 154982 1.0
259702 1114331 1.0
8224 49843 1.0
10796 46536 1.0
210871 1117476 1.0
1959 1153728 1.0
10798 18619 1.0
22563 63915 1.0
640617 259702 1.0
35 198443 1.0
1688 694759 1.0
22241 595193 1.0
27230 23545 1.0
141342 35061 1.0
100961 60169 1.0
45605 1033 1.0
101811 151430 1.0
27510 1128990 1.0
8079 105057 1.0
24966 1105433 1.0
108963 1095507 1.0
248431 1113831 1.0
910 1105344 1.0
85352 1153280 1.0
397488 1134865 1.0
240791 45605 1.0
32083 35061 1.0
423816 48781 1.0
35 579008 1.0
239800 95718 1.0
227286 1115790 1.0
227178 1114502 1.0
38205 117316 1.0
6209 8875 1.0
101662 1107095 1.0
97390 100935 1.0
147870 636500 1.0
5959 582511 1.0
263069 148341 1.0
10435 112378 1.0
45189 1132385 1.0
89547 1112319 1.0
11335 545647 1.0
55403 1128531 1.0
84021 1106298 1.0
644363 645016 1.0
513189 576691 1.0
94641 62634 1.0
148341 1131116 1.0
12337 1129683 1.0
19697 239800 1.0
11148 1129835 1.0
4649 8703 1.0
35061 1152761 1.0
559804 653441 1.0
198866 1153728 1.0
714289 189571 1.0
97645 593091 1.0
8865 608292 1.0
189571 1154232 1.0
103515 1153853 1.0
35 594543 1.0
79809 91581 1.0
15987 653441 1.0
35 128540 1.0
41714 568857 1.0
82920 273152 1.0
141342 40 1.0
190698 190697 1.0
22229 1107418 1.0
35 141347 1.0
27535 34961 1.0
35 254923 1.0
4649 6917 1.0
45605 503871 1.0
73327 1105810 1.0
24974 131042 1.0
8703 173884 1.0
14062 1154459 1.0
82920 1153280 1.0
8224 22563 1.0
22229 595193 1.0
24974 6771 1.0
910 576257 1.0
1688 84021 1.0
35797 1128974 1.0
44368 1128227 1.0
210871 273152 1.0
46470 1105450 1.0
648112 1131421 1.0
608190 70970 1.0
73162 714260 1.0
11335 1127657 1.0
35 141342 1.0
151430 1115670 1.0
178718 69296 1.0
8865 8875 1.0
35 561238 1.0
15987 714289 1.0
8224 601567 1.0
144212 1131549 1.0
54131 459214 1.0
20924 1113934 1.0
27535 308232 1.0
35061 22229 1.0
210872 593260 1.0
910 1152194 1.0
54129 108047 1.0
73162 1134348 1.0
910 12439 1.0
48766 595056 1.0
135766 6917 1.0
85352 640617 1.0
97390 33907 1.0
40124 1112723 1.0
35 206371 1.0
37483 5959 1.0
85352 577086 1.0
513189 1125597 1.0
1959 73327 1.0
1817 1114502 1.0
24966 63549 1.0
28267 1152896 1.0
25702 910 1.0
62417 41216 1.0
252715 601561 1.0
84020 1106298 1.0
3220 1132706 1.0
73327 1153166 1.0
35797 60170 1.0
36140 35797 1.0
28957 94713 1.0
79809 31863 1.0
646900 1132731 1.0
35 594047 1.0
579108 1128314 1.0
63549 1105344 1.0
82920 35 1.0
57119 1152676 1.0
35 1136814 1.0
38205 108047 1.0
278403 627024 1.0
4649 135765 1.0
82664 1106236 1.0
46079 69284 1.0
8224 62389 1.0
24966 145176 1.0
133615 1128531 1.0
19697 131318 1.0
45188 192734 1.0
48781 1120643 1.0
24974 34315 1.0
92065 1106671 1.0
906 1140040 1.0
8703 353541 1.0
103515 1128314 1.0
84021 263279 1.0
103515 575402 1.0
148170 1109199 1.0
112378 145215 1.0
23116 40124 1.0
35 48766 1.0
24966 239800 1.0
253762 23116 1.0
41714 1110515 1.0
135766 449841 1.0
714289 714208 1.0
22564 22566 1.0
54131 1153897 1.0
8875 608292 1.0
646900 1131360 1.0
576973 58758 1.0
62417 1107558 1.0
116545 1128291 1.0
66563 96845 1.0
35 35061 1.0
910 1122460 1.0
910 675649 1.0
82920 98698 1.0
116545 578645 1.0
23738 101662 1.0
57119 606647 1.0
31479 294030 1.0
263482 263486 1.0
714208 189774 1.0
5462 1129111 1.0
145215 141868 1.0
22564 1103394 1.0
73162 521855 1.0
23738 22563 1.0
648112 1131420 1.0
11335 49843 1.0
31479 114189 1.0
370366 1140040 1.0
1688 1153065 1.0
14062 98693 1.0
51049 242663 1.0
15984 189577 1.0
108047 1107418 1.0
35 647408 1.0
263498 1152761 1.0
31479 289885 1.0
54132 579008 1.0
210872 210871 1.0
35852 1113438 1.0
54132 594387 1.0
232606 232605 1.0
24966 1105344 1.0
6935 1106388 1.0
35 1127913 1.0
286513 177993 1.0
31479 1115701 1.0
82920 573978 1.0
35 66805 1.0
39890 242663 1.0
54129 578646 1.0
787016 573978 1.0
906 1136397 1.0
66751 693143 1.0
11335 217139 1.0
13717 38000 1.0
73327 1106236 1.0
39890 653441 1.0
85352 593091 1.0
32260 62274 1.0
85352 1114331 1.0
85352 574462 1.0
248425 1113831 1.0
27510 188318 1.0
85352 152483 1.0
66794 1102646 1.0
82920 608326 1.0
116552 116553 1.0
8703 59244 1.0
10798 8703 1.0
38205 61069 1.0
50838 25794 1.0
6935 1000012 1.0
147870 1109185 1.0
2440 63931 1.0
240791 503871 1.0
51879 51866 1.0
24966 23116 1.0
44455 387795 1.0
40 1109017 1.0
108962 310653 1.0
61069 1153816 1.0
94641 594387 1.0
132821 695284 1.0
79809 1131466 1.0
2440 1117786 1.0
270456 63549 1.0
4649 1105887 1.0
57119 1129570 1.0
40 116552 1.0
51866 22883 1.0
22875 1113934 1.0
177993 1110515 1.0
6209 118259 1.0
35852 486840 1.0
35 1131752 1.0
10796 1113934 1.0
82920 1119708 1.0
133615 1153866 1.0
18619 18615 1.0
5869 1110520 1.0
8875 1152676 1.0
108047 1153853 1.0
575077 94641 1.0
82666 3097 1.0
340078 928873 1.0
14062 33907 1.0
193352 193354 1.0
22431 1110426 1.0
39890 189571 1.0
24966 79809 1.0
4335 239800 1.0
54132 593921 1.0
1688 576725 1.0
2440 49844 1.0
8875 1129570 1.0
8079 39124 1.0
4335 1104300 1.0
112378 1121459 1.0
35 1129778 1.0
45188 976284 1.0
578646 1153900 1.0
20923 20924 1.0
35061 1113438 1.0
108047 28336 1.0
593201 594649 1.0
97390 98693 1.0
23116 576257 1.0
421481 375825 1.0
70970 593068 1.0
144701 1128975 1.0
23738 1153148 1.0
66564 593859 1.0
1688 1103985 1.0
6935 1115670 1.0
79817 1131466 1.0
84021 98698 1.0
188318 1110998 1.0
4335 755082 1.0
248425 1121398 1.0
54131 141324 1.0
45188 1130929 1.0
40124 1104258 1.0
63915 6939 1.0
58758 1128208 1.0
8224 49847 1.0
10796 31097 1.0
108047 578649 1.0
210872 606479 1.0
132806 48766 1.0
576362 1129629 1.0
82920 1154459 1.0
51866 1119078 1.0
63931 1117786 1.0
