300806 6818 1.0
230879 696342 1.0
3229 35343 1.0
56119 127033 1.0
6767 1114864 1.0
7272 763181 1.0
23502 184918 1.0
25181 1152673 1.0
83449 22874 1.0
162080 739707 1.0
617378 1130069 1.0
1365 49482 1.0
28359 35863 1.0
78552 78511 1.0
30895 1154251 1.0
7297 763181 1.0
10531 194617 1.0
1026 1153945 1.0
40131 118079 1.0
17201 1126012 1.0
6925 372862 1.0
17201 184157 1.0
52515 446271 1.0
503883 1154076 1.0
762980 1136446 1.0
14529 1119987 1.0
194617 215912 1.0
762980 1136447 1.0
3229 1140289 1.0
12576 1071981 1.0
33412 124296 1.0
2665 578347 1.0
1365 85299 1.0
20584 1106849 1.0
33231 445938 1.0
100197 447250 1.0
121792 1152394 1.0
49482 217984 1.0
78557 78511 1.0
30895 144679 1.0
2658 696345 1.0
235678 235679 1.0
52515 300806 1.0
22386 38839 1.0
267824 69198 1.0
3229 1109392 1.0
2665 696346 1.0
35922 390894 1.0
28290 308529 1.0
18781 18785 1.0
503877 1154076 1.0
33895 82087 1.0
78557 9586 1.0
56115 1129573 1.0
22869 22876 1.0
22386 310530 1.0
46887 1111788 1.0
22386 3932 1.0
646913 647413 1.0
74937 74920 1.0
753047 753265 1.0
46491 137380 1.0
641976 1131150 1.0
3229 1132418 1.0
3229 27174 1.0
3229 1130927 1.0
10174 10186 1.0
197452 424 1.0
43186 16461 1.0
6913 428610 1.0
3229 641976 1.0
289779 289780 1.0
593104 1129015 1.0
145134 641976 1.0
9586 1120138 1.0
1272 30895 1.0
8581 1120059 1.0
763010 1136447 1.0
46491 37541 1.0
8581 2665 1.0
136767 136766 1.0
3229 52515 1.0
18812 20920 1.0
136767 348437 1.0
2658 1130808 1.0
1365 1154169 1.0
189856 1129994 1.0
293974 1125469 1.0
99030 578337 1.0
561593 1131223 1.0
5454 1130680 1.0
1272 1128256 1.0
646809 646913 1.0
35922 50337 1.0
12576 1107674 1.0
20584 1111788 1.0
137380 85449 1.0
193932 1111240 1.0
430711 1132416 1.0
57932 6925 1.0
31349 686532 1.0
182094 1131550 1.0
646809 1131374 1.0
83725 62718 1.0
56115 1107674 1.0
267824 1153195 1.0
235683 57773 1.0
20584 20592 1.0
62347 62333 1.0
25181 1152277 1.0
119712 1114118 1.0
194609 563613 1.0
33412 211875 1.0
6814 37884 1.0
753047 1136634 1.0
36131 17208 1.0
3229 948299 1.0
106590 1129994 1.0
563613 1129572 1.0
85299 575292 1.0
10531 31336 1.0
202522 446271 1.0
77438 106590 1.0
35922 50336 1.0
18812 510715 1.0
646412 1131330 1.0
56115 63832 1.0
127940 243274 1.0
3229 35922 1.0
233106 630890 1.0
3229 1131647 1.0
6767 1106103 1.0
1365 1132968 1.0
230884 1132486 1.0
61312 1105231 1.0
230879 1132486 1.0
12576 1105221 1.0
288 36167 1.0
153063 561593 1.0
50337 13269 1.0
6741 9708 1.0
46491 107251 1.0
1365 1128839 1.0
1272 93923 1.0
59798 1152673 1.0
30817 75691 1.0
194223 390922 1.0
289781 289780 1.0
7276 763181 1.0
2665 751408 1.0
1365 1152821 1.0
1365 330148 1.0
184157 95435 1.0
56115 135130 1.0
2658 230884 1.0
134219 503893 1.0
82098 82087 1.0
31353 1152904 1.0
68115 47684 1.0
9708 136766 1.0
575292 1131734 1.0
103482 27514 1.0
30895 1152277 1.0
1365 22835 1.0
135130 416455 1.0
74749 1113852 1.0
8874 647447 1.0
193931 1111240 1.0
3229 1131748 1.0
20857 1127863 1.0
59798 1152277 1.0
70520 36167 1.0
613409 1129907 1.0
3229 396412 1.0
643735 643734 1.0
25181 1154251 1.0
6814 445938 1.0
6741 1130637 1.0
46547 107251 1.0
735303 735311 1.0
68224 1128425 1.0
18815 20920 1.0
696345 236759 1.0
56119 63832 1.0
578365 578306 1.0
30895 30901 1.0
1365 90888 1.0
6814 300071 1.0
194609 126128 1.0
17242 1115291 1.0
35922 194223 1.0
99023 578306 1.0
2665 763009 1.0
18536 86923 1.0
2354 1113852 1.0
503883 646836 1.0
3229 16461 1.0
74975 38846 1.0
1365 949318 1.0
35863 20972 1.0
763010 762980 1.0
2665 395540 1.0
189566 1153014 1.0
46887 235776 1.0
35922 1152272 1.0
3243 368431 1.0
107251 107252 1.0
9586 33818 1.0
6913 703953 1.0
503877 1131374 1.0
216878 334153 1.0
22386 38845 1.0
1272 85452 1.0
103482 1114388 1.0
31927 1124844 1.0
645088 645084 1.0
33231 1105531 1.0
1365 1114388 1.0
2354 10186 1.0
20584 1118823 1.0
20584 389715 1.0
56112 56115 1.0
56112 56119 1.0
631015 631052 1.0
137790 2354 1.0
230884 751408 1.0
87417 289779 1.0
3229 949511 1.0
18770 531351 1.0
3229 1108209 1.0
2354 74749 1.0
3243 30895 1.0
1365 1132922 1.0
6818 1105531 1.0
135130 1105221 1.0
78511 9586 1.0
85449 1120169 1.0
440815 645571 1.0
631015 396412 1.0
424 1135125 1.0
127033 416455 1.0
29723 6818 1.0
56112 1104999 1.0
31353 686532 1.0
6775 350319 1.0
118559 1108209 1.0
145134 129287 1.0
69198 8581 1.0
10531 43698 1.0
230879 99030 1.0
137380 37541 1.0
5454 1128425 1.0
1365 120084 1.0
33231 1132887 1.0
22835 1110563 1.0
17201 1107140 1.0
189620 1129994 1.0
751408 1135899 1.0
77758 180373 1.0
30817 631052 1.0
91038 52515 1.0
189623 683355 1.0
2658 1135899 1.0
6767 69397 1.0
120817 1140543 1.0
40135 118079 1.0
35335 168958 1.0
6818 37884 1.0
154023 1112106 1.0
1365 7276 1.0
289781 1128453 1.0
1365 649731 1.0
43698 31349 1.0
105865 193931 1.0
2658 99023 1.0
6741 1153160 1.0
72908 6923 1.0
325314 1122704 1.0
1365 1131647 1.0
93318 1126050 1.0
162080 1135345 1.0
152731 23507 1.0
738941 1135455 1.0
3229 1152673 1.0
6913 1717 1.0
129287 907845 1.0
1717 1135108 1.0
6818 50337 1.0
756061 1136447 1.0
6784 560936 1.0
1365 1131745 1.0
72908 93923 1.0
688849 1133010 1.0
31353 31349 1.0
33231 1121254 1.0
58453 87417 1.0
235678 689439 1.0
260979 1114388 1.0
733167 1154276 1.0
18811 1112686 1.0
82090 82087 1.0
100197 688361 1.0
1365 1114605 1.0
131315 411005 1.0
6913 1131230 1.0
230879 1133428 1.0
83725 56115 1.0
2658 1130676 1.0
3229 1106568 1.0
6818 293974 1.0
289780 1153784 1.0
6784 562123 1.0
37884 300071 1.0
6311 69397 1.0
289780 1128453 1.0
578337 99023 1.0
58436 87417 1.0
424 47684 1.0
31353 1063773 1.0
753070 753264 1.0
205192 1132968 1.0
30817 1120211 1.0
78552 78557 1.0
27174 96335 1.0
31353 1124844 1.0
205192 578337 1.0
194609 31927 1.0
189856 683404 1.0
194617 1129572 1.0
578337 696345 1.0
24476 1153024 1.0
194609 1129572 1.0
2665 1122704 1.0
230879 230884 1.0
30817 3229 1.0
6741 83725 1.0
6311 1114864 1.0
226698 1112767 1.0
6767 6925 1.0
33904 1103960 1.0
77758 613409 1.0
12576 1104999 1.0
3229 96335 1.0
33895 1103960 1.0
5454 1105574 1.0
35922 1152162 1.0
237489 2665 1.0
78555 78557 1.0
131317 411005 1.0
2665 230884 1.0
1365 340075 1.0
25181 27174 1.0
2665 578337 1.0
1365 1129443 1.0
648232 567005 1.0
78557 1120138 1.0
68224 1105574 1.0
134315 23069 1.0
1365 23507 1.0
3229 1154169 1.0
215912 31932 1.0
2658 1132948 1.0
14529 1114864 1.0
230879 578337 1.0
68224 1130680 1.0
1365 949511 1.0
756061 1136110 1.0
153063 561568 1.0
756061 1136446 1.0
47682 47683 1.0
31353 1129442 1.0
503883 577331 1.0
1272 20593 1.0
33895 33904 1.0
46547 1118823 1.0
189856 1129518 1.0
77438 589923 1.0
193931 193932 1.0
10531 31349 1.0
6775 1111240 1.0
38846 38845 1.0
137790 128203 1.0
118559 1121739 1.0
578337 236759 1.0
139865 1108841 1.0
2658 578347 1.0
300806 1133010 1.0
12576 83725 1.0
7297 763010 1.0
1272 1135125 1.0
105865 193932 1.0
696345 696346 1.0
1365 157401 1.0
12576 574710 1.0
50337 390894 1.0
162075 1109830 1.0
184918 330148 1.0
39199 39210 1.0
2665 1105574 1.0
31353 31336 1.0
12576 127033 1.0
72908 1127863 1.0
3229 1128868 1.0
107251 389715 1.0
643734 643777 1.0
57948 1114526 1.0
3229 82098 1.0
2665 2658 1.0
17208 1152633 1.0
2658 282700 1.0
1365 436796 1.0
36802 590022 1.0
31353 1123576 1.0
57922 1118658 1.0
46491 1120169 1.0
763009 1136449 1.0
12576 56119 1.0
27174 25184 1.0
310530 38839 1.0
77108 77112 1.0
738941 162080 1.0
31336 686532 1.0
235679 235670 1.0
578306 578347 1.0
575292 1138968 1.0
46887 6311 1.0
753047 753070 1.0
45052 27250 1.0
74975 1107041 1.0
100701 1107041 1.0
767763 1136631 1.0
52515 39199 1.0
2665 696345 1.0
230879 696343 1.0
33818 78552 1.0
62676 14083 1.0
18811 20920 1.0
85452 1152290 1.0
120084 1140543 1.0
135464 1135589 1.0
6913 1135108 1.0
109323 137849 1.0
17242 280876 1.0
6913 1116336 1.0
6925 57922 1.0
31353 286562 1.0
235678 235670 1.0
14529 239829 1.0
6925 1118658 1.0
6923 1155073 1.0
20584 235776 1.0
35922 66982 1.0
3229 1154251 1.0
3229 7022 1.0
258259 168958 1.0
189566 36802 1.0
114966 1125258 1.0
578337 1132486 1.0
3229 1112767 1.0
2665 1132968 1.0
43186 152731 1.0
2665 1132948 1.0
1272 444240 1.0
561610 561595 1.0
218682 22874 1.0
37541 260979 1.0
87417 289780 1.0
38846 1128407 1.0
2665 578309 1.0
50337 396412 1.0
137849 17242 1.0
696343 1133428 1.0
753264 767763 1.0
189566 90470 1.0
753047 753264 1.0
641956 1131150 1.0
230879 696346 1.0
2658 395540 1.0
1272 552469 1.0
350319 193932 1.0
31353 194617 1.0
59798 25181 1.0
7272 7276 1.0
6814 293974 1.0
43698 686532 1.0
6923 20857 1.0
503893 1153577 1.0
189620 1133417 1.0
3243 96335 1.0
416964 127940 1.0
1365 562123 1.0
52003 1112194 1.0
86923 1114184 1.0
77758 424 1.0
18770 531348 1.0
3229 1126037 1.0
360028 1118823 1.0
235683 235679 1.0
646809 1154076 1.0
646289 6913 1.0
503893 646837 1.0
56119 1105221 1.0
74975 3932 1.0
289781 1153784 1.0
6941 372862 1.0
6767 235776 1.0
217984 1112369 1.0
56115 56119 1.0
594119 1129021 1.0
74920 1105877 1.0
194609 1154520 1.0
739707 950305 1.0
424 218666 1.0
23502 23507 1.0
135464 8581 1.0
33823 1119004 1.0
158172 445938 1.0
642641 645084 1.0
28290 1104999 1.0
77758 1129907 1.0
50336 50337 1.0
69198 411005 1.0
31353 1152162 1.0
1365 1110494 1.0
1365 7297 1.0
36802 37888 1.0
179180 139865 1.0
193918 1111240 1.0
753070 767763 1.0
90470 1129994 1.0
6925 57948 1.0
194609 215912 1.0
578309 578347 1.0
28290 63832 1.0
739816 1140548 1.0
13972 1126050 1.0
154023 1133846 1.0
671052 1132406 1.0
25181 25184 1.0
503883 646809 1.0
377303 1129572 1.0
194617 1124844 1.0
2658 696342 1.0
205192 99030 1.0
33231 300071 1.0
561581 646440 1.0
753047 767763 1.0
6818 1128425 1.0
135130 574710 1.0
78555 1120138 1.0
12169 4637 1.0
216878 1117618 1.0
216877 334153 1.0
582139 1128425 1.0
12169 989397 1.0
179180 1126037 1.0
56708 56709 1.0
29708 131315 1.0
235683 1154524 1.0
3229 33412 1.0
3229 157401 1.0
35922 396412 1.0
1365 853150 1.0
1272 1135358 1.0
1365 237521 1.0
157401 1118017 1.0
561674 1127541 1.0
77438 1129994 1.0
31927 1129572 1.0
56112 1107674 1.0
10186 86840 1.0
56115 127033 1.0
95597 95579 1.0
2665 1130676 1.0
46547 389715 1.0
57922 57948 1.0
6818 50336 1.0
230884 1131607 1.0
99023 578347 1.0
39210 66986 1.0
23507 649731 1.0
46491 107252 1.0
6818 1121254 1.0
561613 561568 1.0
46491 51834 1.0
1365 1031453 1.0
75983 1106568 1.0
57948 1118658 1.0
31336 1129442 1.0
31353 686559 1.0
18811 1106401 1.0
6311 235776 1.0
3229 23502 1.0
1026 1105231 1.0
72908 954315 1.0
763009 1136447 1.0
230879 205192 1.0
650814 1131550 1.0
66809 82090 1.0
17208 184157 1.0
71336 1105718 1.0
503883 646913 1.0
1365 184918 1.0
37888 293974 1.0
50336 390894 1.0
134320 23069 1.0
73712 1112194 1.0
2658 1115375 1.0
230879 1132948 1.0
589923 590022 1.0
1365 139865 1.0
289780 801170 1.0
134060 481073 1.0
25181 96335 1.0
3243 30901 1.0
6923 93923 1.0
29723 131315 1.0
74749 10186 1.0
1717 1116336 1.0
153063 561613 1.0
100197 193931 1.0
22835 39904 1.0
7041 1120880 1.0
39199 66982 1.0
12576 62718 1.0
8874 646809 1.0
594039 1129015 1.0
2665 99023 1.0
33231 158172 1.0
630817 1130676 1.0
139865 1110563 1.0
503883 647447 1.0
6923 6941 1.0
22386 38846 1.0
739816 1135894 1.0
43186 1135894 1.0
6784 6775 1.0
237489 1120059 1.0
235679 689439 1.0
2658 1140230 1.0
43698 1129442 1.0
8581 75691 1.0
582139 1130680 1.0
189566 189856 1.0
179180 1110563 1.0
3229 390922 1.0
255628 1140543 1.0
74821 1131149 1.0
230879 578309 1.0
289781 801170 1.0
1365 1116594 1.0
135464 1133004 1.0
27174 180373 1.0
10531 686532 1.0
1365 1135368 1.0
22874 22876 1.0
194609 1128868 1.0
31927 194617 1.0
503883 647413 1.0
647315 1154076 1.0
56115 1104999 1.0
1365 1105062 1.0
10981 1102873 1.0
3243 31932 1.0
3229 100197 1.0
1365 1120866 1.0
230879 751408 1.0
262178 1138968 1.0
31353 43698 1.0
12576 229635 1.0
83449 218682 1.0
1365 26850 1.0
32872 1118245 1.0
503883 1153577 1.0
1365 1102407 1.0
37879 1105116 1.0
137790 1113852 1.0
37888 1152633 1.0
230879 696345 1.0
633030 633031 1.0
503883 1131374 1.0
33823 78549 1.0
1717 50381 1.0
3229 1128839 1.0
954315 1155073 1.0
33823 78557 1.0
93923 6941 1.0
74821 1120252 1.0
17208 95435 1.0
12576 28290 1.0
74975 38845 1.0
46491 1152290 1.0
696345 696342 1.0
31353 1152272 1.0
3229 49482 1.0
578337 696346 1.0
202520 446271 1.0
56112 127033 1.0
137790 74749 1.0
230879 1130808 1.0
17201 32872 1.0
368431 30901 1.0
2665 205192 1.0
17201 1118245 1.0
35863 134060 1.0
1365 1113995 1.0
56112 63832 1.0
77758 1131745 1.0
115188 1107728 1.0
24476 1103499 1.0
153063 561581 1.0
7296 763181 1.0
2665 582139 1.0
560936 562123 1.0
1717 733167 1.0
1365 560936 1.0
3229 1105718 1.0
68224 582139 1.0
45052 1131266 1.0
6346 1112075 1.0
216877 1117618 1.0
2665 1131607 1.0
77438 293974 1.0
230879 236759 1.0
3229 118559 1.0
289779 801170 1.0
754594 1136040 1.0
31927 31932 1.0
17201 17208 1.0
58436 1114239 1.0
153063 1131223 1.0
683360 683404 1.0
763010 1136449 1.0
78508 1120138 1.0
77438 1153262 1.0
152731 1109392 1.0
230879 2658 1.0
6814 1125469 1.0
162075 737204 1.0
49482 1112369 1.0
235679 57773 1.0
28290 56709 1.0
78552 9586 1.0
49482 631052 1.0
128203 128202 1.0
1365 648232 1.0
2665 578306 1.0
10531 1102850 1.0
6814 390896 1.0
2658 236759 1.0
46491 389715 1.0
26850 1114605 1.0
255628 1135589 1.0
59798 96335 1.0
73712 52003 1.0
56115 62718 1.0
47839 1124837 1.0
6818 390896 1.0
334153 1117618 1.0
12576 63832 1.0
10531 1130634 1.0
23507 1109392 1.0
578365 578309 1.0
35922 1152904 1.0
1365 77758 1.0
22386 1128407 1.0
56708 308529 1.0
330148 23502 1.0
20584 6311 1.0
153063 440815 1.0
153063 645084 1.0
2665 631052 1.0
35922 390896 1.0
59798 180373 1.0
85449 1152290 1.0
1365 948846 1.0
445938 315266 1.0
20972 1116181 1.0
503877 1153577 1.0
36802 589923 1.0
56709 308529 1.0
1365 950305 1.0
3229 35863 1.0
1365 1119140 1.0
93273 989397 1.0
135464 120084 1.0
99023 578309 1.0
300806 29723 1.0
87417 289781 1.0
7272 1136446 1.0
85452 1120169 1.0
103482 1119140 1.0
33818 78557 1.0
1365 1131748 1.0
31353 31927 1.0
1272 520471 1.0
561595 561582 1.0
29723 300071 1.0
37888 1125469 1.0
6814 158172 1.0
318071 1153014 1.0
35335 35343 1.0
6741 49895 1.0
46887 1153106 1.0
46491 46547 1.0
2665 1115375 1.0
77438 590022 1.0
36131 77438 1.0
37541 1119140 1.0
237521 2665 1.0
35922 1105116 1.0
74937 74921 1.0
78555 33818 1.0
1365 948299 1.0
74821 1131150 1.0
430711 671052 1.0
50336 13269 1.0
641956 1131149 1.0
23507 217852 1.0
33231 315266 1.0
154047 1133846 1.0
3229 25181 1.0
763010 1136446 1.0
11093 39199 1.0
56709 416455 1.0
124296 51834 1.0
28290 1107674 1.0
56709 1128959 1.0
3229 919885 1.0
72805 899085 1.0
137849 1115291 1.0
49482 7297 1.0
6346 1106103 1.0
763009 1136446 1.0
2665 1130808 1.0
10531 31353 1.0
711994 1134197 1.0
50336 683355 1.0
31336 31349 1.0
1272 6923 1.0
90888 340075 1.0
300806 396412 1.0
47682 47684 1.0
56119 1104999 1.0
8581 1132968 1.0
160732 1128853 1.0
20592 20593 1.0
127033 574710 1.0
2665 630817 1.0
12576 135130 1.0
3229 1103960 1.0
36802 189856 1.0
189856 683355 1.0
20857 1155073 1.0
33231 293974 1.0
561581 561582 1.0
184918 171225 1.0
561611 561610 1.0
22386 1107010 1.0
59798 27174 1.0
23069 74700 1.0
7272 7297 1.0
230884 1135899 1.0
561611 561595 1.0
235683 235670 1.0
74921 1105877 1.0
17208 1153262 1.0
3229 82087 1.0
561674 561581 1.0
6784 1116629 1.0
2665 1132486 1.0
33895 1153577 1.0
12576 56112 1.0
136766 348437 1.0
143476 1112686 1.0
154047 1112106 1.0
235683 235678 1.0
182094 650814 1.0
17208 32872 1.0
6311 1115677 1.0
642593 1131163 1.0
18532 86923 1.0
134219 1112075 1.0
389715 107252 1.0
3229 62347 1.0
6784 350319 1.0
1365 1136422 1.0
189721 1129518 1.0
31353 1129608 1.0
18815 1104449 1.0
33818 1120138 1.0
83725 56119 1.0
1272 1123867 1.0
739816 1140543 1.0
280876 1115291 1.0
90470 106590 1.0
230879 1140230 1.0
33818 78549 1.0
1272 30901 1.0
520471 1125953 1.0
38845 1107010 1.0
78557 78549 1.0
74975 1128407 1.0
531348 531351 1.0
3229 25184 1.0
10531 1129442 1.0
59798 30895 1.0
153063 561595 1.0
144679 1114239 1.0
1365 1120211 1.0
1365 171225 1.0
616336 689439 1.0
74937 1105877 1.0
1365 23502 1.0
78511 735303 1.0
395540 1130676 1.0
18536 1106854 1.0
77438 158172 1.0
12576 1129573 1.0
149139 1123215 1.0
56112 83725 1.0
46491 1118823 1.0
6913 1105011 1.0
752684 1135955 1.0
20584 20593 1.0
226698 1122304 1.0
9708 136768 1.0
18781 86840 1.0
27174 35343 1.0
83449 22869 1.0
561595 561581 1.0
2658 696346 1.0
6925 1114526 1.0
39210 66982 1.0
1717 1115291 1.0
1026 1129798 1.0
162075 162080 1.0
137790 10186 1.0
647447 577331 1.0
3229 1125895 1.0
10981 23507 1.0
1365 1136442 1.0
127940 1114364 1.0
288107 1123215 1.0
3229 1125082 1.0
1365 39904 1.0
162080 1109830 1.0
57773 235670 1.0
95588 95579 1.0
30895 1152673 1.0
140005 86840 1.0
154023 154047 1.0
262178 85449 1.0
282700 1115375 1.0
255628 120084 1.0
87417 801170 1.0
3229 1152277 1.0
197452 1135894 1.0
2354 1107140 1.0
16461 1105603 1.0
59798 1154251 1.0
3243 854434 1.0
6814 315266 1.0
35922 390922 1.0
503893 33904 1.0
17201 95435 1.0
36131 1152633 1.0
3229 447250 1.0
7297 7276 1.0
2658 1131607 1.0
683355 683404 1.0
11337 1128256 1.0
136768 136766 1.0
153063 561610 1.0
194617 31932 1.0
6741 348437 1.0
3229 90888 1.0
33823 78552 1.0
57773 1154524 1.0
12576 56709 1.0
83461 954315 1.0
87417 1128453 1.0
33823 33818 1.0
235679 1154524 1.0
62676 312409 1.0
753047 1136631 1.0
1272 560936 1.0
37888 77438 1.0
563613 31927 1.0
135464 237489 1.0
77438 1152633 1.0
62718 127033 1.0
12576 416455 1.0
2658 751408 1.0
