137868 1154068 1.0
31489 9581 1.0
6782 1123068 1.0
85688 97892 1.0
6385 892139 1.0
4584 976334 1.0
174425 636511 1.0
64271 1152244 1.0
4584 293285 1.0
4584 6196 1.0
31489 632796 1.0
6898 78994 1.0
6213 6163 1.0
91853 1110579 1.0
202639 672064 1.0
8594 1154525 1.0
6639 116084 1.0
644093 1131236 1.0
6385 28473 1.0
20179 95188 1.0
128 1114125 1.0
341188 1117942 1.0
137359 1108728 1.0
6213 628815 1.0
5075 1120563 1.0
124064 6163 1.0
27623 75674 1.0
116084 195150 1.0
27627 27632 1.0
7532 1121603 1.0
13966 13960 1.0
16008 189572 1.0
85688 75121 1.0
114 6220 1.0
653628 1133930 1.0
642894 646334 1.0
189708 149669 1.0
22886 28447 1.0
5069 1120563 1.0
643221 1131334 1.0
70442 70441 1.0
44017 206524 1.0
12330 213279 1.0
643221 646286 1.0
171954 820662 1.0
3218 66782 1.0
315789 1139195 1.0
6213 28485 1.0
12330 1120777 1.0
20180 943 1.0
117 17476 1.0
6214 1130600 1.0
3218 35070 1.0
124224 169279 1.0
28447 1107367 1.0
633585 40605 1.0
14545 14549 1.0
1999 1123068 1.0
28471 91975 1.0
6214 23258 1.0
20179 91853 1.0
20193 1152244 1.0
70444 1108329 1.0
6213 6224 1.0
444191 1154068 1.0
27627 116021 1.0
67245 67246 1.0
643239 126927 1.0
6213 218410 1.0
6196 1120731 1.0
117 28278 1.0
6378 1122425 1.0
2696 5348 1.0
16819 126793 1.0
191222 191216 1.0
20180 91853 1.0
733576 1135082 1.0
3187 129897 1.0
22886 1120444 1.0
7047 54844 1.0
5069 385067 1.0
16008 308920 1.0
887 134128 1.0
58552 1113828 1.0
307336 708945 1.0
6214 1126029 1.0
6213 1129243 1.0
12638 1123188 1.0
15889 15892 1.0
644577 643485 1.0
12638 6910 1.0
263553 662416 1.0
6163 1106966 1.0
672070 1132443 1.0
70442 1107215 1.0
20179 20178 1.0
49720 49753 1.0
2696 99025 1.0
75695 1113035 1.0
20193 5062 1.0
117328 91852 1.0
2696 1114192 1.0
248395 58552 1.0
3218 417017 1.0
6163 1113739 1.0
47570 385067 1.0
13917 1120020 1.0
167670 1123068 1.0
63835 1110531 1.0
285687 285675 1.0
6163 1111052 1.0
6213 13960 1.0
114 1114125 1.0
77829 470511 1.0
2696 2695 1.0
6910 1117219 1.0
6213 195361 1.0
6151 1107355 1.0
6163 20534 1.0
202639 144408 1.0
6196 81350 1.0
10183 54550 1.0
35490 95188 1.0
6151 1130567 1.0
6213 1385 1.0
28287 1385 1.0
28412 6220 1.0
31769 67245 1.0
2695 1120197 1.0
124064 6224 1.0
175909 221302 1.0
194645 248823 1.0
3085 30973 1.0
119761 143801 1.0
114 28387 1.0
6214 13960 1.0
28487 8213 1.0
4584 628500 1.0
248823 682666 1.0
80515 1121603 1.0
6213 6215 1.0
187354 1127851 1.0
293271 293285 1.0
13195 755217 1.0
130 345340 1.0
265203 86359 1.0
16008 3191 1.0
17488 1103162 1.0
253971 1129621 1.0
6130 1154124 1.0
6130 675847 1.0
17476 1103162 1.0
644577 1131301 1.0
887 1111304 1.0
6163 130 1.0
2696 256106 1.0
110162 110164 1.0
86359 18834 1.0
145384 7430 1.0
20193 91853 1.0
6216 1116347 1.0
29492 400473 1.0
238099 1127851 1.0
8594 8591 1.0
709113 1134031 1.0
4584 6210 1.0
137359 1118286 1.0
35778 1919 1.0
28491 1152910 1.0
887 6215 1.0
6184 13686 1.0
107569 1120777 1.0
5086 1105698 1.0
6213 7419 1.0
6214 38480 1.0
6151 6155 1.0
95188 1116410 1.0
114 1117942 1.0
3112 470511 1.0
28278 1107312 1.0
6151 6214 1.0
66782 1105505 1.0
28491 341188 1.0
654326 1131741 1.0
38537 1131277 1.0
3095 110162 1.0
643695 1154068 1.0
2663 1119671 1.0
202639 1154124 1.0
3191 5086 1.0
126927 644093 1.0
124224 6898 1.0
6213 161221 1.0
5348 256106 1.0
675756 1132505 1.0
643221 1131236 1.0
112787 1120444 1.0
93555 143801 1.0
131117 212930 1.0
175909 112787 1.0
3187 5086 1.0
6213 193742 1.0
20534 1106966 1.0
91853 1116410 1.0
175909 1153891 1.0
1949 3101 1.0
41417 128383 1.0
5064 1120563 1.0
6213 38480 1.0
5348 1118083 1.0
64271 91852 1.0
6213 1128267 1.0
75674 1109957 1.0
887 265203 1.0
644577 645897 1.0
628458 628459 1.0
20178 64271 1.0
6169 1114629 1.0
633081 31489 1.0
6213 28278 1.0
28504 7430 1.0
642847 642681 1.0
117 6214 1.0
126912 66990 1.0
330208 469504 1.0
2696 342802 1.0
643199 1131198 1.0
6385 1103162 1.0
6215 6224 1.0
131117 152219 1.0
114 1120170 1.0
114 191404 1.0
29492 1112426 1.0
887 64519 1.0
130 39403 1.0
5086 561364 1.0
12638 263553 1.0
16819 644093 1.0
941 20180 1.0
672071 6130 1.0
110162 110163 1.0
6213 28350 1.0
114 136665 1.0
38537 1131270 1.0
126927 646286 1.0
5064 1129106 1.0
628667 628668 1.0
32276 84695 1.0
16819 1131236 1.0
28489 13193 1.0
73146 1108389 1.0
31083 1123068 1.0
38537 137868 1.0
6214 6184 1.0
117 28387 1.0
20534 7419 1.0
58268 13024 1.0
27623 686061 1.0
4584 782486 1.0
6213 1106547 1.0
129042 1121313 1.0
9581 633585 1.0
20193 1108597 1.0
6213 1120020 1.0
9559 252725 1.0
81350 892139 1.0
5064 5069 1.0
171954 1110256 1.0
119761 284025 1.0
31489 632935 1.0
8591 709113 1.0
20526 1103315 1.0
105899 1111304 1.0
365294 7430 1.0
307015 1131198 1.0
70444 1107215 1.0
95642 28447 1.0
114 8213 1.0
330208 99025 1.0
178209 195150 1.0
41417 1113551 1.0
18832 81350 1.0
171954 1135750 1.0
6385 17476 1.0
8594 1213 1.0
219976 1116410 1.0
27631 28254 1.0
6213 1117942 1.0
20534 23774 1.0
129045 1108363 1.0
27623 1126029 1.0
643221 1131335 1.0
6910 1152150 1.0
4584 1116347 1.0
519318 1125906 1.0
6898 431206 1.0
27623 686015 1.0
28026 5064 1.0
31769 67246 1.0
4584 6151 1.0
6213 399339 1.0
3223 1153101 1.0
642894 1131335 1.0
16008 642827 1.0
15889 1153891 1.0
6214 188471 1.0
12330 107569 1.0
6214 124064 1.0
29492 144408 1.0
78994 662279 1.0
28350 628667 1.0
643221 643485 1.0
6213 628667 1.0
644577 1131334 1.0
6152 299195 1.0
6215 1120170 1.0
5348 1123239 1.0
31483 118682 1.0
20534 70442 1.0
202639 643597 1.0
27631 55968 1.0
188471 628500 1.0
654339 1131741 1.0
41417 1108329 1.0
95586 95589 1.0
134128 1113614 1.0
3191 310742 1.0
31489 633585 1.0
20193 1153877 1.0
672070 1154124 1.0
54844 1104946 1.0
28202 1114629 1.0
13195 1120731 1.0
3192 310742 1.0
3095 110163 1.0
6169 1130567 1.0
887 6213 1.0
6213 28471 1.0
6214 28447 1.0
3187 1110000 1.0
114 1118332 1.0
10430 1120713 1.0
66990 1153861 1.0
642894 1131312 1.0
6213 1111230 1.0
337766 110162 1.0
5348 75695 1.0
28350 628668 1.0
2698 1114192 1.0
32276 15076 1.0
12330 156977 1.0
6155 1126029 1.0
117 28202 1.0
39165 39126 1.0
4584 188471 1.0
17476 1129208 1.0
114 124064 1.0
27623 27632 1.0
6213 1117760 1.0
137868 1131277 1.0
114 91975 1.0
54550 5600 1.0
50980 73972 1.0
6213 1107355 1.0
178209 116084 1.0
2696 1118083 1.0
633081 632796 1.0
529165 1126315 1.0
6214 6196 1.0
130 13960 1.0
7419 341188 1.0
6196 58540 1.0
28350 1109957 1.0
203646 1116569 1.0
28964 1125402 1.0
15892 1118388 1.0
20179 91852 1.0
193742 6152 1.0
817774 820661 1.0
632796 884094 1.0
573553 1138970 1.0
212107 1112071 1.0
114 55968 1.0
642894 1131301 1.0
399339 1120731 1.0
137868 642827 1.0
5075 5069 1.0
3085 15889 1.0
6224 6163 1.0
42848 1116835 1.0
6213 1113182 1.0
202639 1117348 1.0
131122 212930 1.0
6130 671269 1.0
16476 1123087 1.0
17363 444191 1.0
18774 73146 1.0
672071 1132461 1.0
6214 97892 1.0
126867 1108258 1.0
4584 6155 1.0
126920 126927 1.0
38537 642847 1.0
642681 1131167 1.0
27241 1106492 1.0
573553 1135750 1.0
645870 1131301 1.0
6213 6214 1.0
633081 40605 1.0
42221 42209 1.0
231198 144408 1.0
2696 1120858 1.0
642681 1131236 1.0
117 149669 1.0
28350 341188 1.0
15889 1110024 1.0
6220 6163 1.0
35778 1108389 1.0
28350 28227 1.0
6151 6152 1.0
6130 1132461 1.0
6213 28227 1.0
6213 6155 1.0
16008 3192 1.0
13195 1107312 1.0
4584 1120020 1.0
35490 64271 1.0
19231 12960 1.0
114 128 1.0
6378 28473 1.0
6213 13193 1.0
117328 1115166 1.0
3191 129897 1.0
354004 1118546 1.0
70444 70442 1.0
671269 1132461 1.0
117 39403 1.0
28504 365294 1.0
28487 1153056 1.0
129042 129045 1.0
12631 78994 1.0
561809 1127558 1.0
17476 28456 1.0
145384 95589 1.0
114 193742 1.0
6130 1154123 1.0
137359 1153150 1.0
114308 63835 1.0
114 39403 1.0
42221 248119 1.0
20178 91853 1.0
6213 1107455 1.0
642894 643239 1.0
6910 169279 1.0
202639 1154123 1.0
15889 221302 1.0
8594 58268 1.0
39165 118682 1.0
156977 1152490 1.0
6213 1111304 1.0
166825 1110024 1.0
9559 1102794 1.0
2696 2698 1.0
4584 6214 1.0
3191 1106789 1.0
1951 3095 1.0
15889 1118388 1.0
28350 1129243 1.0
40605 633721 1.0
27199 248119 1.0
40605 884094 1.0
941 28265 1.0
6898 6910 1.0
6213 1123553 1.0
662416 1123188 1.0
11326 11339 1.0
643221 1131305 1.0
11339 45061 1.0
114 1105394 1.0
263553 1117219 1.0
12631 1152150 1.0
195361 1111304 1.0
114 23258 1.0
20193 1130653 1.0
7532 80515 1.0
3192 423463 1.0
33325 429781 1.0
6214 345340 1.0
643221 645897 1.0
4584 193742 1.0
13193 755217 1.0
642894 1131236 1.0
3218 187354 1.0
4584 1130567 1.0
31489 1130780 1.0
20534 1103315 1.0
114 1111052 1.0
117 189708 1.0
645046 1131301 1.0
114 341188 1.0
28265 1152436 1.0
11339 44017 1.0
20193 1130657 1.0
16819 646195 1.0
28412 27631 1.0
3101 110163 1.0
5600 77826 1.0
4584 28287 1.0
642894 646357 1.0
12330 1152490 1.0
80515 314459 1.0
28350 241133 1.0
28254 105899 1.0
70444 70441 1.0
117 341188 1.0
136665 23258 1.0
6213 1103315 1.0
12631 1123188 1.0
58268 137956 1.0
28227 6169 1.0
16819 646286 1.0
31483 1131137 1.0
28964 1125944 1.0
39165 1131137 1.0
75695 911198 1.0
18777 103537 1.0
28542 206259 1.0
95594 7430 1.0
67584 1127558 1.0
20193 566653 1.0
17476 892139 1.0
28387 1107312 1.0
241133 1113459 1.0
42221 27199 1.0
114 6196 1.0
75695 139547 1.0
10183 10430 1.0
6213 20526 1.0
95198 1110579 1.0
28350 1113459 1.0
6210 1120731 1.0
6213 1113459 1.0
3192 642827 1.0
12638 662416 1.0
20534 1111052 1.0
28202 325497 1.0
643239 644093 1.0
10183 1120713 1.0
27623 105899 1.0
134128 1117760 1.0
27623 1104182 1.0
887 299195 1.0
206524 48075 1.0
91853 1116397 1.0
12330 1153861 1.0
126920 645897 1.0
64271 38829 1.0
23774 1106406 1.0
2695 2698 1.0
6910 1123188 1.0
12631 6910 1.0
23774 1107455 1.0
64271 95188 1.0
162664 118682 1.0
675847 1132505 1.0
6163 134128 1.0
6378 1129208 1.0
58540 181782 1.0
18777 116790 1.0
20193 566664 1.0
6214 628500 1.0
27627 686015 1.0
40605 40583 1.0
73146 116790 1.0
3191 162664 1.0
5348 1108050 1.0
384428 1120019 1.0
6213 241133 1.0
646334 646357 1.0
10183 1114336 1.0
3223 1153150 1.0
66990 390889 1.0
3112 110163 1.0
3191 308920 1.0
43639 469504 1.0
43639 99025 1.0
20193 112813 1.0
6385 1129243 1.0
28287 1107355 1.0
35778 73146 1.0
6786 1106789 1.0
28487 95586 1.0
174425 174418 1.0
1919 1108389 1.0
4584 628815 1.0
6385 682666 1.0
5062 5069 1.0
672070 672071 1.0
191222 708945 1.0
642920 642930 1.0
117328 95188 1.0
20821 1127851 1.0
126868 126867 1.0
7419 1109581 1.0
8594 1132809 1.0
9581 1130780 1.0
28254 1118092 1.0
13686 1385 1.0
3192 561364 1.0
202639 1123087 1.0
5086 129896 1.0
12330 400356 1.0
20193 1116839 1.0
2695 1108169 1.0
70444 128383 1.0
887 170798 1.0
1213 1154525 1.0
33325 1110256 1.0
7047 2663 1.0
133628 1108570 1.0
6213 23774 1.0
3192 5086 1.0
2696 1108050 1.0
19231 1153736 1.0
92589 39165 1.0
10430 3095 1.0
671269 1154124 1.0
644427 1131257 1.0
6213 1106966 1.0
81350 1106172 1.0
117 33013 1.0
4983 7867 1.0
4584 6213 1.0
3187 129896 1.0
12359 242637 1.0
1999 39126 1.0
5348 911198 1.0
561364 642827 1.0
14545 1103038 1.0
887 6151 1.0
6898 1123188 1.0
263553 6910 1.0
321004 1117049 1.0
137956 13024 1.0
153598 1113459 1.0
4329 1111304 1.0
610529 1153946 1.0
2696 1108169 1.0
643221 642894 1.0
6214 6155 1.0
3085 5062 1.0
110163 110164 1.0
58268 899119 1.0
117 38480 1.0
94229 1111733 1.0
31489 633721 1.0
459216 1123530 1.0
6910 662416 1.0
6213 293271 1.0
6214 1152740 1.0
143801 284025 1.0
400356 1120777 1.0
3191 423463 1.0
177115 5069 1.0
169279 1154103 1.0
444191 6910 1.0
6169 7419 1.0
643221 644577 1.0
128 91975 1.0
32276 636511 1.0
10183 47570 1.0
887 976334 1.0
633081 1130780 1.0
626999 911198 1.0
576795 1128201 1.0
1919 1109581 1.0
633721 1130915 1.0
12631 662416 1.0
643221 643239 1.0
92589 1131137 1.0
643239 1131312 1.0
55968 892139 1.0
633081 632874 1.0
27627 686030 1.0
12194 27199 1.0
114 64484 1.0
642920 1131184 1.0
20193 1119180 1.0
6214 28278 1.0
709518 1134056 1.0
28350 6220 1.0
31083 48066 1.0
562067 1127566 1.0
3101 110164 1.0
67584 1127566 1.0
6213 1130567 1.0
20193 1153879 1.0
5348 1120197 1.0
16819 644334 1.0
28504 1153287 1.0
573553 171954 1.0
28504 95589 1.0
5348 2695 1.0
15892 1116146 1.0
6216 1113739 1.0
20193 144330 1.0
940 28265 1.0
86359 1152740 1.0
6213 153598 1.0
3112 77829 1.0
6214 399339 1.0
20178 38829 1.0
16470 1129621 1.0
28447 194645 1.0
642894 645870 1.0
27627 686061 1.0
17476 1122425 1.0
7867 1138027 1.0
174418 307336 1.0
114 1126029 1.0
6184 399339 1.0
6169 1106406 1.0
64519 63835 1.0
6213 6220 1.0
91975 1113459 1.0
13686 1107355 1.0
114 6170 1.0
6214 149669 1.0
6213 1106406 1.0
307015 643199 1.0
114 28471 1.0
38829 1152244 1.0
3191 3192 1.0
3085 221302 1.0
642681 644093 1.0
77826 470511 1.0
16819 1131274 1.0
95594 1153287 1.0
66990 1152490 1.0
628815 1130567 1.0
643221 644093 1.0
672070 6130 1.0
6151 6213 1.0
107569 1107385 1.0
4329 1110768 1.0
626999 139547 1.0
156794 1109581 1.0
4584 6184 1.0
574264 576795 1.0
228990 228992 1.0
75674 686015 1.0
267003 75121 1.0
643221 1131257 1.0
561809 1131300 1.0
887 114308 1.0
18777 33013 1.0
6196 976334 1.0
7419 1107312 1.0
218410 1152663 1.0
28489 6210 1.0
44017 1106492 1.0
23258 18251 1.0
6213 1111052 1.0
12330 949217 1.0
124828 1108169 1.0
156977 1153861 1.0
12638 6898 1.0
91852 20178 1.0
129045 1121313 1.0
284025 949217 1.0
644427 644577 1.0
643239 16819 1.0
642681 646286 1.0
30934 12960 1.0
4584 1113739 1.0
6151 1385 1.0
28491 782486 1.0
17476 170338 1.0
642894 1131180 1.0
4584 124064 1.0
3191 642827 1.0
103537 126912 1.0
166825 1118388 1.0
6213 755217 1.0
6385 6378 1.0
16819 1131312 1.0
86359 1152944 1.0
117 206259 1.0
114 28287 1.0
3112 77826 1.0
134128 1113182 1.0
18777 73146 1.0
31483 39165 1.0
117 1109581 1.0
17476 33013 1.0
6214 1105764 1.0
161221 1153922 1.0
633585 633721 1.0
7532 314459 1.0
93555 284025 1.0
3191 1131267 1.0
7430 1153287 1.0
171954 1138755 1.0
6213 6184 1.0
642894 643485 1.0
5075 5064 1.0
114 1106172 1.0
5348 1120858 1.0
28487 128 1.0
72406 1105764 1.0
20193 3085 1.0
145384 1153287 1.0
129042 1108363 1.0
2696 469504 1.0
522338 1132864 1.0
27632 28254 1.0
12631 6898 1.0
6213 20534 1.0
459206 1123530 1.0
941 940 1.0
6220 6224 1.0
6213 672064 1.0
672064 6130 1.0
5062 1120563 1.0
20526 1118092 1.0
128 20526 1.0
642894 646286 1.0
259772 1114336 1.0
3192 129896 1.0
6216 1123553 1.0
27623 28254 1.0
63835 95586 1.0
168332 86359 1.0
162664 39165 1.0
16476 12359 1.0
64484 1105394 1.0
31489 1152150 1.0
400473 131117 1.0
887 1105033 1.0
248395 1113828 1.0
6213 28202 1.0
114 976334 1.0
43165 1131195 1.0
42209 27199 1.0
6213 299195 1.0
35490 1104031 1.0
566664 3085 1.0
566653 3085 1.0
114 1107455 1.0
24530 1109581 1.0
6216 230300 1.0
114 38480 1.0
2696 1113035 1.0
86359 1133469 1.0
18834 1152944 1.0
887 28456 1.0
67584 562067 1.0
128383 1108329 1.0
128 39403 1.0
16819 643221 1.0
4584 128 1.0
672070 1154123 1.0
73323 28447 1.0
178209 568045 1.0
29492 152219 1.0
940 20180 1.0
7047 14549 1.0
5348 99025 1.0
28350 6210 1.0
27627 105899 1.0
6224 28387 1.0
24043 15076 1.0
7419 1113182 1.0
31483 39126 1.0
335733 643199 1.0
31489 40583 1.0
114 130 1.0
16008 1131165 1.0
18832 1122425 1.0
29492 131117 1.0
6213 6210 1.0
8591 1154525 1.0
4584 1130600 1.0
28254 686061 1.0
3223 167670 1.0
28287 1106547 1.0
80491 7532 1.0
28447 1120444 1.0
28026 5069 1.0
195150 568045 1.0
6216 976334 1.0
7867 315789 1.0
3112 1949 1.0
15889 175909 1.0
6151 193742 1.0
6213 1105764 1.0
174418 636511 1.0
5348 342802 1.0
6163 28202 1.0
18834 18833 1.0
28412 6217 1.0
6213 91975 1.0
314459 1121603 1.0
18832 682666 1.0
212097 1112071 1.0
218410 134128 1.0
643221 126927 1.0
12631 12638 1.0
5348 139547 1.0
6169 20526 1.0
662250 1132073 1.0
7430 95586 1.0
8594 709113 1.0
642894 645046 1.0
20193 1153889 1.0
6184 27631 1.0
29492 1122574 1.0
221302 1153891 1.0
6910 1154103 1.0
16819 643003 1.0
6184 1120731 1.0
400356 66990 1.0
117328 38829 1.0
19231 686061 1.0
231198 1153922 1.0
6169 170338 1.0
35490 1116410 1.0
169280 1154103 1.0
114 28350 1.0
6214 27631 1.0
114 7432 1.0
307336 285675 1.0
193742 1111230 1.0
75121 417017 1.0
642930 1131184 1.0
28485 23258 1.0
7047 1135082 1.0
561789 1127551 1.0
95642 990075 1.0
643695 643597 1.0
20193 566488 1.0
137868 1131300 1.0
156977 390889 1.0
3112 1152564 1.0
38537 646195 1.0
6213 1108329 1.0
643239 1131334 1.0
643003 1131189 1.0
307015 335733 1.0
219218 1112417 1.0
4584 13917 1.0
3101 70441 1.0
5064 1121176 1.0
5064 385067 1.0
22886 1107367 1.0
202639 242637 1.0
6213 58540 1.0
6213 1122425 1.0
126868 1108258 1.0
431206 662572 1.0
18834 1152740 1.0
6214 93320 1.0
78994 662572 1.0
642681 644334 1.0
5062 5064 1.0
5086 354004 1.0
20534 1107455 1.0
561789 562067 1.0
2698 99025 1.0
566653 566664 1.0
114 28227 1.0
38829 1116397 1.0
15076 708945 1.0
178727 1110546 1.0
15889 1152564 1.0
31489 632874 1.0
18777 345340 1.0
6213 128 1.0
2698 342802 1.0
28412 1128430 1.0
3112 110164 1.0
6385 55968 1.0
114 6155 1.0
117 6170 1.0
6214 1106172 1.0
573553 820662 1.0
6213 628668 1.0
887 1113614 1.0
44017 48075 1.0
126793 1131270 1.0
126927 645897 1.0
13024 899119 1.0
16819 1131167 1.0
114 755217 1.0
10183 6378 1.0
17476 1105033 1.0
6213 55968 1.0
943 91852 1.0
315789 1138027 1.0
6910 431206 1.0
6224 345340 1.0
3191 1127530 1.0
12359 1131634 1.0
6213 1109957 1.0
459213 1123530 1.0
628500 1130600 1.0
94229 1123087 1.0
6151 1106547 1.0
2698 256106 1.0
80491 314459 1.0
385067 272345 1.0
117 75674 1.0
18832 18833 1.0
12638 119761 1.0
6639 568045 1.0
16476 1129621 1.0
6213 124064 1.0
20193 1138091 1.0
6213 1129096 1.0
28254 686015 1.0
28202 1128267 1.0
5348 1114192 1.0
887 35490 1.0
887 161221 1.0
7419 1105764 1.0
3191 129896 1.0
95642 1107367 1.0
28350 13193 1.0
5086 423463 1.0
887 17476 1.0
3218 1106492 1.0
6213 134128 1.0
632874 40583 1.0
2696 1123239 1.0
32276 174418 1.0
17476 682666 1.0
27627 28254 1.0
4584 28278 1.0
341188 682666 1.0
3218 6639 1.0
633585 884094 1.0
8591 167205 1.0
28265 943 1.0
93555 119761 1.0
3191 561364 1.0
408885 1154173 1.0
654326 654339 1.0
95188 1110579 1.0
6220 134128 1.0
20193 30973 1.0
643221 1131312 1.0
10183 259772 1.0
7419 1117760 1.0
6214 1115886 1.0
14549 1103038 1.0
28487 206259 1.0
114 1103315 1.0
644577 1131305 1.0
6214 6378 1.0
28227 20526 1.0
6196 1153056 1.0
645046 646357 1.0
5064 272345 1.0
671293 1132443 1.0
8594 180187 1.0
6639 178209 1.0
170798 656231 1.0
173863 116790 1.0
1213 409725 1.0
6214 95589 1.0
256106 1114192 1.0
137868 1110000 1.0
124064 6220 1.0
3101 110162 1.0
6213 1116347 1.0
12631 1154103 1.0
27623 686030 1.0
242637 1113541 1.0
20193 1116397 1.0
18777 18774 1.0
18777 173863 1.0
6214 6215 1.0
5062 28026 1.0
31489 40605 1.0
114 58540 1.0
116084 568045 1.0
117 28471 1.0
19231 30934 1.0
645046 646334 1.0
116790 345340 1.0
671269 1132443 1.0
561809 562067 1.0
33325 12960 1.0
2695 342802 1.0
95594 95589 1.0
35778 519318 1.0
137359 1153101 1.0
1949 129042 1.0
6196 28387 1.0
116021 12960 1.0
80491 80515 1.0
8591 137956 1.0
28491 153598 1.0
38480 1104182 1.0
4584 1102550 1.0
4329 28254 1.0
7047 212930 1.0
672071 1132443 1.0
6213 1113614 1.0
114 1106406 1.0
23774 7432 1.0
28542 124064 1.0
4329 105899 1.0
114 28485 1.0
6214 6224 1.0
671269 1154123 1.0
