61069,38205 61069,41714 61069,35 41714,44455 41714,210871 38205,35 38205,887 38205
294239,13658 294239,83746 294239
1105450,45189 1105450,46470 1105450,65650 1105450,65653 1105450,45188 45189,4804 45189,89547 45189,1272 65653,3217 65653,3235 65653,6771 65653,8224 65653
395075,8865 395075,8872 395075,8874 395075,8875 395075
566488
1113739,3243 1113739,4584 1113739,6163 1113739,6216 1113739,124064 6163,6213 6163,6220 6163,6224 6163
51879
219976
423463,3191 423463,3192 423463,5086 423463,16008 3191,3192 3191,39890 3191,5086 3191
578337,205192 578337,230879 578337,2665 578337,99030 578337,230879 205192,2665 205192,237489 2665,237521 2665,8581 2665
48768
85299,1365 85299
578650
509379,3233 509379,63486 509379,1997 3233,3236 3233,3240 3233,49811 3233
671052,430711 671052
943,20180 943,28265 943,940 20180,941 20180,940 28265,941 28265
6318
302545
145315
617575
101143,1956 101143,1959 101143,82666 101143,1955 1956,35 1956,3828 1956,936 1956
44455,41714 44455,35 41714,44455 41714
763181,7272 763181,7276 763181,7296 763181,7297 763181,1365 7276,19621 7276,7272 7276,7297 7276
395725,12337 395725,16437 395725,20193 395725,3085 395725,20193 3085,566653 3085,566664 3085
646837,35 646837,503893 646837,210871 35,210872 35,82920 35
1136342,144701 1136342,22229 144701,35061 144701
6125,12210 6125,12350 6125,1246 6125,2653 6125,59626 6125,15429 12350,51180 12350,10177 12210,12350 12210,4804 12210
114189,10169 114189,31479 114189,10177 10169,15429 10169,158614 10169
647315
582349
335733,307015 335733,35 335733,35 307015,82920 307015,210871 35,210872 35,82920 35
1135358,10796 1135358,1272 1135358,10798 10796,6213 10796,887 10796,13686 1272,4584 1272
1152143,13213 1152143,1365 1152143,27510 1152143,27514 1152143,103482 27510,35 27510,103482 27514
193742,114 193742,4584 193742,6151 193742,6213 193742,4584 6151,6213 6151,887 6151,4584 6213,6151 6213,887 6213
824245
1106052,1481 1106052,18251 1106052,23258 1106052,23258 18251,114 23258,136665 23258,28485 23258,6214 23258,85299 23258
248823,194645 248823,28447 194645
1102364,504 1102364,506 1102364,504 506,89416 506
1110256,171954 1110256,33325 1110256,67415 1110256,573553 171954,67415 171954
1108363,129042 1108363,129045 1108363,1949 129042,129042 129045,3097 129045
22886
216878
509233,84021 509233,143323 84021,1688 84021,35 84021,82920 84021,98698 84021
318071
17363
1132459,240321 1132459,4330 1132459,12638 4330,6913 4330
486840,35 486840,35852 486840,210871 35,210872 35,82920 35
56112,12576 56112,83725 56112,35 12576,6213 12576,83725 12576,887 12576
182094,190706 182094,41714 182094,35 190706,41714 190706,45605 190706,35 41714,44455 41714
593560,578845 593560,593559 593560,578845 593559,593560 593559
137380,46491 137380
1121057,6318 1121057,63812 1121057
1125082,3229 1125082,144408 3229,29492 3229,30817 3229,6184 3229
97645,35 97645,210871 35,210872 35,82920 35
577086
24476
1108551,1997 1108551,2440 1108551,25772 1997,3233 1997,37483 2440
1132706,27895 1132706,3220 1132706
1121176,28026 5064,5062 5064,5069 5064,5075 5064,5064 1121176
1128945,35 1128945,210871 35,210872 35,82920 35
375605
103528,89308 103528
1122574
1122304
23070,137130 23070,23069 23070,65074 23070,74698 23070,87915 23070,134315 23069,134320 23069,74700 23069,89416 137130,137130 65074,89416 65074
562067,561674 562067,561789 562067,561809 562067,67584 562067,561789 561674
20821
633721,31489 633721,40605 633721,633585 633721,31489 40605,633081 40605,633585 40605,633081 31489,31489 633585,9581 633585
40605,31489 40605,633081 40605,633585 40605,633081 31489,31489 633585,9581 633585
1127541,561674 1127541,561789 561674
9513,102879 9513,102884 9513,15429 9513,77515 9513,9515 9513,4804 102884,9513 102879,9515 102879
1127566,562067 1127566,67584 1127566,561674 562067,561789 562067,561809 562067,67584 562067
24966
3187,5086 3187
147870,25702 147870
148170,35 148170,210871 35,210872 35,82920 35
242637,12359 242637,202639 242637,910 242637,24966 202639,25702 202639,16476 12359,8617 12359
577331,503883 577331,647447 577331,287787 647447,35 647447,503883 647447,8874 647447
642827,137868 642827,16008 642827,3191 642827,3192 642827,561364 642827,16008 3191,3192 3191,39890 3191,5086 3191,38537 137868
1108834,139738 1108834,25702 1108834,3229 1108834,4330 1108834,910 1108834,144408 3229,29492 3229,30817 3229,6184 3229,12638 4330,6913 4330
61073
28278,117 28278,4584 28278,6213 28278,6214 28278,910 28278,4584 6213,6151 6213,887 6213
1114222,3222 1114222,3233 1114222,3235 1114222,1997 3233,3236 3233,3240 3233,49811 3233
11335
107251,23738 22563,36140 22563,8224 22563,107251 389715,20584 389715,22563 389715,46491 389715,46547 389715,22563 107251,389715 107251,46491 107251,46547 107251
567018,219446 567018,249421 567018,18313 249421,219446 249421,35 249421
77826,3112 77826,5600 77826,77826 3112,77829 3112
1131184,642920 1131184,642930 1131184,642920 642930
99025,2696 99025,2698 99025,330208 99025,43639 99025,5348 99025,5348 2696
1154230
154982,1997 154982,8079 154982,25772 1997,3233 1997
1135746,31353 1135746,38722 1135746,67415 1135746,12195 38722,67415 38722
212930,131117 212930,131122 212930,6209 212930,7047 212930,29492 131117,400473 131117
5069,5062 28026,5064 28026,28026 5064,5062 5064,5069 5064,5075 5064,177115 5069,28026 5069,5062 5069,5064 5069,5075 5069
1123867,10169 1123867,1272 1123867,13686 1272,4584 1272,10177 10169,15429 10169,158614 10169
13686,22563 13686,27535 13686,40135 13686,6184 13686,23738 22563,36140 22563,8224 22563,51866 27535,8703 27535,19621 6184,4584 6184,6213 6184,6214 6184
38000,13717 38000,63915 38000,8687 38000,23507 13717,63931 13717
390922,194223 390922,3229 390922,35922 390922,144408 3229,29492 3229,30817 3229,6184 3229,28957 35922,3229 35922,4335 35922,50336 35922,35922 194223
1112650
1106330,3231 1106330,3232 1106330,39131 1106330,10169 3231,17798 3231,39127 3231,39131 3231,6334 3231
987197
38839,1959 38839,22386 38839,310530 38839,1959 310530,22386 310530,3828 310530,38839 310530
1115959,118873 1115959,13654 1115959,13658 1115959,13652 13654,80656 13654
152226,152227 152226,5959 152226
67415,10177 67415,12210 67415,12350 67415,15429 12350,51180 12350,10177 12210,12350 12210,4804 12210,15429 10177
1134346,653441 189774,714208 189774,73162 189774,15987 653441,39890 653441,523574 653441,559804 653441,73162 653441,189774 1134346,653441 1134346
219218
1131734,141342 575292,35 575292,85299 575292,575292 1131734
103531,656231 103531,170798 656231
17477,54129 17477
109323,5086 109323
198866
1127551
1129610,210872 1129610,38205 1129610,606479 1129610,61069 1129610,210871 38205,35 38205,887 38205
1121569,141171 1121569,179702 1121569,75318 1121569,179702 141171,179706 141171,75318 141171,7532 141171,7537 141171
1132434,147870 1132434,240321 1132434,25702 147870
379288
325497,28202 325497,117 28202,25791 28202,6163 28202,6213 28202
95588
399173
1105887,4649 1105887,75121 1105887,267003 75121,85688 75121
58454,463 58454
62274,32260 62274,4335 62274,50381 62274,28632 32260,62274 32260,1717 50381,51180 50381,62274 50381
1118332,114 1118332,35343 1118332
1116839
85324
94416,61417 94416
130,114 130,36802 130,39403 130,6163 130,124064 6163,6213 6163,6220 6163,6224 6163
1120643,100935 1120643,175256 1120643,397488 1120643,48781 1120643,8874 1120643,48781 397488,97390 100935
1120713,10183 1120713,10430 1120713,10798 10183
263482
346292,284023 346292,32083 346292,346292 284023,93555 284023
260121
87363,195792 19045,887 19045,19045 593328,87363 593328,19045 593329,70970 593329,19045 87363,593328 87363,593329 87363,887 87363
7296
248425,35 248425,579008 248425,210871 35,210872 35,82920 35
399370,35797 399370,60159 399370,60169 399370,60170 399370,1786 35797,36140 35797,4330 35797,6784 35797,35797 60170,6784 60170
241133,28350 241133,6213 241133,114 28350,6213 28350,4584 6213,6151 6213,887 6213
31353,10531 31353,31353 10531
88356,114189 88356,18773 88356,28957 88356,39126 88356,10169 114189,31479 114189,10169 39126,1999 39126,31483 39126,3231 39126,39165 39126
1106546,24476 1106546,506 1106546,89416 1106546,504 506,89416 506
42221
1131348
593544,575077 593544
78555
47682
16843,126793 16843,16819 126793
1105877,74920 1105877,74921 1105877,74937 1105877,74937 74920,74937 74921
34315,24974 34315
648106,648112 648106,648121 648106
737204,162080 162075,162075 737204
35905,29723 35905,910 35905,300806 29723,35905 29723
1113182,134128 1113182,6213 1113182,7419 1113182,4584 6213,6151 6213,887 6213,218410 134128,6163 134128,6213 134128,6220 134128,887 134128
633081
51866,51879 51866,8703 51866
1109830,162075 1109830,162080 1109830,162080 162075,162075 162080,738941 162080
1110515,286513 177993,35852 1035,45605 1035,1035 1110515,177993 1110515,177998 1110515,41714 1110515,35 41714,44455 41714
1152259,16843 1152259,71736 1152259
59244,8703 59244,89335 59244,8703 89335
1153816,568857 1153816,61069 1153816,8874 1153816,210871 568857,35 568857,41714 568857,44455 568857,576362 568857
1103960,3229 1103960,33895 1103960,33904 1103960,33907 1103960,35 1103960,58758 33895,144408 3229,29492 3229,30817 3229,6184 3229,14062 33907,35 33907,97390 33907,97645 33907,210871 35,210872 35,82920 35,33895 33904,35 33904,503893 33904
1112929,205196 1112929,4330 1112929,815073 205196,815096 205196,12638 4330,6913 4330
179702
348437,136766 348437,136767 348437,6741 348437,136767 136766,136768 136766,2440 136766,63931 136766,9708 136766
6210,28350 6210,28489 6210,4584 6210,6213 6210,114 28350,6213 28350,4584 6213,6151 6213,887 6213
1114331,134199 1114331,259701 1114331,259702 1114331,35 1114331,85352 1114331,35 259701,210871 35,210872 35,82920 35,35 259702,640617 259702,82920 259702
62347,19621 62347,3229 62347,853114 19621,853115 19621,853116 19621,144408 3229,29492 3229,30817 3229,6184 3229
101660,6935 101660
34355,906 34355,910 34355
117315,117316 117315,54129 117315,38205 117316,54129 117316,575077 117316
101811,12350 101811,23738 101811,15429 12350,51180 12350,27895 23738,8224 23738
592826,27530 592826,39127 592826
31769,32083 31769,3229 31769,67245 31769,67246 31769,144408 3229,29492 3229,30817 3229,6184 3229
33325
175909,15889 175909,3085 15889
1131748,1365 1131748,3229 1131748,144408 3229,29492 3229,30817 3229,6184 3229
32688,4330 32688,12638 4330,6913 4330
642930,642920 642930
73327,1959 73327,198866 73327,64271 73327
1135455
55403,133615 55403,8224 55403,8224 133615,85688 8224
73146,73146 35778,18777 18774,73146 18774,18774 73146,18777 73146,23738 73146,35778 73146,27895 23738,8224 23738
1154233,39890 1154233,714256 1154233,51049 39890
228990
5600,54550 5600,10183 54550
1115166
1152394
253971,44514 253971
1129111,5462 1129111,910 1129111,910 5462
15076,24043 15076,32276 15076
1129208,1272 1129208,17476 1129208,6378 1129208,117 17476,13269 17476,6385 17476,887 17476,10183 6378,6214 6378,6385 6378,13686 1272,4584 1272
1131420,648112 1131420,648121 1131420
561611
1131258,642621 1131258,644441 1131258,644448 1131258
604073
1132815,36162 1132815,8224 1132815,85688 8224
71904
262108
1116146
90655,34257 90655,34263 90655,34266 90655,34257 34266,45533 34266,74427 34266,87482 34266,74427 34257,213246 34263,34257 34263,34266 34263,90655 34263
33895,58758 33895
27530
116790,173863 116790,18777 116790,4335 116790,73146 116790,18777 173863
102938,102939 102938,1237 102938,143676 102938
1106854
17821
164885,134199 164885,447224 164885
1109017
62718,12576 62718,56115 62718,83725 62718,35 12576,6213 12576,83725 12576,887 12576,56112 56115,83725 56115
1111186,192870 1111186,34257 1111186,74427 34257,34257 192870
1117089
27250,23738 27250,2654 27250,45052 27250,8079 27250,27895 23738,8224 23738
131042,24966 131042,24974 131042,910 131042
95586,28487 95586,63835 95586,7430 95586,145384 7430,28504 7430,365294 7430,95594 7430,114308 63835,64519 63835
632935,31489 632935,633081 31489
1113831,248425 1113831,248431 1113831,35 1113831,35 248425,579008 248425,210871 35,210872 35,82920 35
578646,108047 578646,54129 578646,578898 578646,108047 578898,254923 108047,28336 108047,38205 108047,54129 108047
688849
192850,192850 272720,3233 272720,36145 272720,45189 272720,45188 45189,4804 45189,89547 45189,272720 192850,3233 192850,45189 192850,8079 192850,1997 3233,3236 3233,3240 3233,49811 3233
594483
1117476,210871 1117476,35 1117476,54132 1117476,210872 210871,273152 210871,35 210871,35061 210871,44514 210871,210871 35,210872 35,82920 35
1102548
14431,14428 14431,14429 14431,14430 14431,73119 14431,14428 14429,14430 14429,73119 14429
1026
242663,39890 242663,51045 242663,51049 242663,51052 242663,39890 51045,51049 51045,51052 51045,51049 39890
82666
1152490,12330 1152490,156977 1152490,66990 1152490,2702 12330
6782
134315
8224,85688 8224
294126,145315 294126
308232,27535 308232,46491 308232,8703 308232,51866 27535,8703 27535
17242,137849 17242,109323 137849,5086 137849
46887
628751,205196 628751,85324 628751,815073 205196,815096 205196
1114398,192870 1114398,34257 1114398,74427 34257,34257 192870
66596
1129494
6917,1272 6917,135765 6917,135766 6917,2440 6917,4649 6917,135766 135765,4649 135765,4649 135766,13686 1272,4584 1272,37483 2440
13656,13652 13656,13658 13656,80656 13656,80656 13652
593104
133566,133550 133566,133563 133566,133567 133566,5194 133566,3229 133550,5194 133550,48550 133563,48555 133563,5194 133563
289781,35 289781,87417 289781,210871 35,210872 35,82920 35
51052
1103038,14529 1103038,14531 1103038,14545 1103038,14549 1103038,51934 14545,14545 14549,31479 14549,7047 14549
1114336,10183 1114336,259772 1114336,10798 10183,10183 259772
45061
395547,156977 395547,395553 395547,4329 395547,684972 395547,12330 395553,2702 395553,4330 395553,684986 395553,395553 684972,684986 684972,4330 4329
315789,7867 315789
1112767,226698 1112767,3229 1112767,144408 3229,29492 3229,30817 3229,6184 3229
1123093,449841 1123093,135766 449841,4649 449841,6917 449841
1130637
189574,23738 189574,27895 23738,8224 23738
232605,232606 232605,8594 232605
59715,210871 59715,54131 59715,54132 59715,210872 210871,273152 210871,35 210871,35061 210871,44514 210871,103515 54131,28851 54131,35 54131,66556 54131
1128846,19621 1128846,853114 19621,853115 19621,853116 19621
1107567,12182 12165,12195 12165,12211 12165,12238 12165,31353 10531,10531 1107567,12165 1107567,12195 1107567,12238 1107567,31353 1107567,12350 12195,51180 12195,67415 12195
1111265
59045,2653 59045,27243 59045
6767,22563 6767,3218 6767,23738 22563,36140 22563,8224 22563
1123188,12631 1123188,12638 1123188,662416 1123188,6898 1123188,6910 1123188,6898 12631,12631 662416,12638 662416,263553 662416,6910 662416
116087,116081 116087,116084 116087,39127 116087,39127 116081,178209 116084,39127 116084,6639 116084
52000,52003 52000,73712 52003
1120962,1272 1120962,22563 1120962,32083 1120962,23738 22563,36140 22563,8224 22563,13686 1272,4584 1272
66782,3218 66782
144408,202639 144408,231198 144408,29492 144408,24966 202639,25702 202639,69198 231198
155738,155736 155738,28649 155738,12182 155736,155738 155736,28649 155736
814836
300806,52515 300806,3229 52515,91038 52515
2698,2695 2698,2696 2698,5348 2696,2696 2695,2698 2695,342802 2695,5348 2695
102939
189572,16008 189572,189571 189572,714256 189572,16008 189571,39890 189571,714289 189571
75318,103430 75318,75318 103430
77438,36131 77438,37888 77438,36802 37888,77438 37888
1135137,1365 1135137,19621 1135137,910 1135137,853114 19621,853115 19621,853116 19621
1131741,654326 1131741,654339 1131741,3229 654326,654339 654326
12337
1106172,114 1106172,38722 1106172,6214 1106172,81350 1106172,12195 38722,67415 38722
1130780,31489 1130780,633081 1130780,9581 1130780,633081 31489
1119987,14529 1119987,17798 1119987,3218 1119987
45188,45189 45188,89547 45188,45188 45189,4804 45189,89547 45189
1121603,314459 1121603,7532 1121603,80515 1121603,7537 7532,80491 7532,7532 314459,7537 314459,80491 314459,80515 314459
853150
1131267,24966 1131267,3191 1131267,16008 3191,3192 3191,39890 3191,5086 3191
1123926,22563 1123926,2654 1123926,23738 22563,36140 22563,8224 22563
1152740,18834 1152740,6214 1152740,86359 1152740,56709 18834,86359 18834
187354,3218 187354,6923 187354,1272 6923,2440 6923,72908 6923
212097
26850,1365 26850
1153786
2702
683360,522338 683360
75691,30817 75691,8581 75691
46491
1129021
259126,10169 259126,3231 259126,10169 3231,17798 3231,39127 3231,39131 3231,6334 3231,10177 10169,15429 10169,158614 10169
711598,10169 711598,10177 10169,15429 10169,158614 10169
128540,114 28287,28290 28287,4584 28287,56708 28287,56709 28287,128540 387795,28287 387795,35 387795,44455 387795,28287 128540,35 128540,387795 128540,44455 128540,210871 35,210872 35,82920 35
1154459,14062 1154459,35 1154459,82920 1154459,85352 1154459,210871 35,210872 35,82920 35
40583,31489 40583,40605 40583,632874 40583,31489 40605,633081 40605,633585 40605,633081 31489,31489 632874,633081 632874
1132922
372862,187354 372862,20821 372862,6925 372862,6941 372862,3218 187354,6923 187354,3218 6941,6923 6941,93923 6941
1136422,1365 1136422,6184 1136422,19621 6184,4584 6184,6213 6184,6214 6184
1131266
89308,111676 89308
1110947,10183 1110947,10796 1110947,22875 1110947,3243 1110947,10798 10796,6213 10796,887 10796,10798 10183
93318
129558,936 129558,941 129558
251756,62329 251756
166825
1153195,231198 1153195,267824 1153195,69198 231198
299195,6152 299195,6213 299195,887 299195,4584 6213,6151 6213,887 6213
1153703,36162 1153703,40151 1153703,6334 1153703,10169 6334,3231 6334,39131 6334,6767 6334
601567,10796 601567,8224 601567,85688 8224,10798 10796,6213 10796,887 10796
1132809,232606 1132809,8594 1132809
124296,33412 124296
10796,10798 10796,6213 10796,887 10796,4584 6213,6151 6213,887 6213
1131611,12195 1131611,12350 1131611,608326 1131611,15429 12350,51180 12350,35 608326,82920 608326,12350 12195,51180 12195,67415 12195
27535,51866 27535,8703 27535,51879 51866,8703 51866
34266,34257 34266,45533 34266,74427 34266,87482 34266,74427 34257
1107140,17201 1107140,2354 1107140,137790 2354,74749 2354
853116,19621 853116,853114 853116,853115 853116,853114 19621,853115 19621,853116 19621,853115 853114
15670,35 15670,210871 35,210872 35,82920 35
509315,102061 509315,66805 509315,35 66805,89547 66805
9515,10177 9515,15429 9515,15429 10177
1107010,22386 1107010,38829 1107010,38845 1107010,936 1107010,117328 38829,20178 38829,64271 38829,22386 38845,38846 38845,74975 38845,936 38845
101263,101261 101263,12238 101263
246618,103515 246618,116545 246618,116552 246618,116553 246618,35 103515,8865 103515,35 116552,40 116552,116545 116553,116552 116553,246618 116553,467383 116553,94641 116553
1118546,354004 1118546,5086 354004
1107674,12576 28290,35 28290,12576 56112,83725 56112,12576 1107674,28290 1107674,56112 1107674,56115 1107674,35 12576,6213 12576,83725 12576,887 12576,56112 56115,83725 56115
1132948,230879 1132948,2658 1132948,2665 1132948,230879 2658,2665 2658,696345 2658,237489 2665,237521 2665,8581 2665
33818,33823 33818,78552 33818,78555 33818,78557 33818,9586 33818
189620,36620 189620,10531 36620,3220 36620,3240 36620,39130 36620
44514
211875,10169 211875,33412 211875,10177 10169,15429 10169,158614 10169
573553
579108
67584
560936,1272 560936,1365 560936,562123 560936,6784 560936,1365 562123,560936 562123,6784 562123,13686 1272,4584 1272
628668,28249 628668,28350 628668,6213 628668,628667 628668,114 28350,6213 28350,4584 6213,6151 6213,887 6213
341188,114 341188,117 341188,28350 341188,28491 341188,7419 341188,114 28350,6213 28350
91581,79809 31863,91581 31863,1272 560936,1365 560936,562123 560936,6784 560936,137868 91581,31863 91581,560936 91581,79809 91581,38537 137868
1105764,45212 1105764,6213 1105764,6214 1105764,72406 1105764,7419 1105764,25791 45212,46887 45212,4584 6213,6151 6213,887 6213
1127913,103515 1127913,231249 1127913,35 1127913,82920 1127913,35 231249,35 103515,8865 103515,210871 35,210872 35,82920 35
157805,12350 157805,1272 157805,15429 12350,51180 12350,13686 1272,4584 1272
1153896,593942 1153896,594011 1153896,54131 593942,593104 593942,594011 593942,66564 593942,94639 593942
141324,54131 141324,66556 141324,66564 141324,94639 141324,35 66556,575077 66556,85352 66556,103515 54131,28851 54131,35 54131,66556 54131
45212,25791 45212,46887 45212
519353,521855 519353,65057 519353,73162 519353,65074 65057,189571 521855,39890 521855,73162 521855
703953
552469,10169 552469,1272 552469,13686 1272,4584 1272,10177 10169,15429 10169,158614 10169
911198,5348 911198,626999 911198,627024 911198,75695 911198,5348 75695,8581 75695
365294,28504 365294
385067,28026 5064,5062 5064,5069 5064,5075 5064,10183 47570,177115 5069,28026 5069,5062 5069,5064 5069,5075 5069,47570 385067,5064 385067,5069 385067
751408,230879 751408,230884 751408,2658 751408,2665 751408,230879 2658,2665 2658,696345 2658,237489 2665,237521 2665,8581 2665,230879 230884,2658 230884,2665 230884
1125992,3220 1125992,521183 1125992,521251 1125992,521252 1125992,6343 1125992,39130 521252,6343 521252
1115456,284414 1115456,34257 1115456,45533 1115456,1272 284414,74427 34257
18582,35 18582,84021 18582,8875 18582,210871 35,210872 35,82920 35,143323 84021,1688 84021,35 84021,82920 84021,98698 84021
323128,12439 323128,17798 323128,36140 323128,7032 323128,22563 12439,36140 12439,910 12439
1114838
631015
1107861,2654 1107861,5055 1107861,5966 1107861
1130927,154982 1130927,3229 1130927,1997 154982,8079 154982,144408 3229,29492 3229,30817 3229,6184 3229
1135122,72056 1135122,733534 1135122,2702 72056
642681,642847 642681,38537 642847
1104999,12576 28290,35 28290,12576 56112,83725 56112,12576 1104999,28290 1104999,56112 1104999,56115 1104999,56119 1104999,35 12576,6213 12576,83725 12576,887 12576,12576 56119,35 56119,56112 56119,56115 56119,83725 56119,56112 56115,83725 56115
785678
646900
1104749
612306,193352 193347,612306 193347,348305 193352,193347 612306,193352 612306
892139,117 17476,13269 17476,6385 17476,887 17476,114 55968,27631 55968,6213 55968,6385 55968,17476 892139,55968 892139,6385 892139,81350 892139
521855,189571 521855,39890 521855,73162 521855,16008 189571,39890 189571,714289 189571,51049 39890
4660,12182 4660,18615 4660,18619 4660,2653 4660,12210 12182,28649 12182,4804 12182,1272 18615,18619 18615,2440 18615,4660 18615,6935 18615,10798 18619,19231 18619,27627 18619
20850,10169 20850,3231 20850,3232 20850,6334 20850,10169 3231,17798 3231,39127 3231,39131 3231,6334 3231,10169 6334,3231 6334,39131 6334,6767 6334,10177 10169,15429 10169,158614 10169
28387,114 28387,117 28387,6196 28387,6224 28387,114 6196,4584 6196,6214 6196
255628
73119,14428 73119,14429 73119,14430 73119,14428 14429,14430 14429,73119 14429
510715
1129778,103515 1129778,35 1129778,575402 1129778,66556 1129778,103515 575402,78511 575402,35 103515,8865 103515,210871 35,210872 35,82920 35,35 66556,575077 66556,85352 66556
278394
640617,35 640617,85352 640617,210871 35,210872 35,82920 35
12211,12182 12211,6125 12211,12210 12182,28649 12182,4804 12182
74698,65074 65057,137130 23070,23069 23070,65074 23070,74698 23070,87915 23070,23070 74698,65057 74698,65074 74698,137130 65074,89416 65074
950305,1365 950305,739707 950305,162080 739707
1117219,263553 1117219,6910 1117219,12638 263553,6910 263553
561789
801170,35 289779,87417 289779,35 289781,87417 289781,289779 801170,289780 801170,289781 801170,35 801170,87417 801170,210871 35,210872 35,82920 35,289779 289780,289781 289780,35 289780,87417 289780
1152910
22564,22563 22564,23738 22563,36140 22563,8224 22563
106590,77438 106590,90470 106590
1129367,601462 1129367,82920 1129367
1114664,4274 1114664,51879 1114664
1132864
184918,1365 184918,19621 184918,23502 184918,330148 184918,1365 23502,23507 23502,3229 23502,330148 23502,853114 19621,853115 19621,853116 19621
34257,74427 34257
1118764,12182 1118764,23738 1118764,2653 1118764,65650 1118764,12210 12182,28649 12182,4804 12182,27895 23738,8224 23738
647447,287787 647447,35 647447,503883 647447,8874 647447,110041 287787,35 287787,210871 35,210872 35,82920 35
9559
137868,38537 137868
20923
145215,112378 145215,3220 145215,40886 145215,63915 145215,10435 112378,1272 112378,27895 112378,36140 112378,40886 112378
159085,159084 159085,241821 159085
1103162,117 17476,13269 17476,6385 17476,887 17476,54129 17477,17476 1103162,17477 1103162,17488 1103162,6385 1103162
628815,4584 628815,6213 628815,4584 6213,6151 6213,887 6213
3232
108983,35778 108983,73146 35778
8865,35 8865,210871 35,210872 35,82920 35
1135899,230884 1135899,2658 1135899,751408 1135899,230879 2658,2665 2658,696345 2658,230879 230884,2658 230884,2665 230884
1116569,203646 1116569,910 1116569,270456 203646
1116629,35797 1116629,6784 1116629,1786 35797,36140 35797,4330 35797,6784 35797
137849,109323 137849,5086 137849,5086 109323
459213,54131 459213,103515 54131,28851 54131,35 54131,66556 54131
1108841,139865 1108841,1365 139865,179180 139865
648369
662572,431206 662572,78994 662572,662572 431206,6898 431206,6910 431206,6913 431206
395553,12330 395553,2702 395553,4330 395553,684986 395553,12638 4330,6913 4330,2702 12330
68505,10177 68505,4804 68505,15429 10177,10177 4804,12210 4804,12350 4804,9515 4804
30973,20193 30973,3085 30973,20193 3085,566653 3085,566664 3085
1121659
1955
1125467,3233 1125467,3236 1125467,1997 3233,3236 3233,3240 3233,49811 3233
1125909,65074 65057,521855 519353,65057 519353,73162 519353,519353 1125909,65057 1125909
134314
3235
1130934,1997 154982,8079 154982,154982 1130934
156977,12330 156977,2702 12330
368657,400455 368657,368657 400455
1116336,1717 1116336,6913 1116336,32688 1717,4330 1717,4335 1717,6913 1717
340299,1365 340299,42156 340299
179706
358866,79809 358866
93273
390693
1118083,13136 1118083,2696 1118083,5348 1118083,5348 2696,910 13136
429805,141868 429805,145215 429805,3220 429805,40886 429805,112378 145215,3220 145215,40886 145215,63915 145215,112378 141868,145215 141868,40886 141868,6343 141868
277263,116081 277263,3218 277263,39127 277263,39127 116081
574009,35 574009,210871 35,210872 35,82920 35
975567,45605 975567,61069 975567,61073 975567
1131647,1365 1131647,3229 1131647,144408 3229,29492 3229,30817 3229,6184 3229
19621,853114 19621,853115 19621,853116 19621,853115 853114
143323
1153148,85688 8224,10798 10796,6213 10796,887 10796,10796 1153148,23738 1153148,8224 1153148,27895 23738,8224 23738
42207,1246 42207,20601 42207,20602 42207,95225 42207,12350 20601,20602 20601
1107418,108047 1107418,22229 1107418,22241 1107418,144701 22229,35061 22229,254923 108047,28336 108047,38205 108047,54129 108047
3233,1997 3233,3236 3233,3240 3233,49811 3233,25772 1997,3233 1997,97377 3240
167656,18773 167656,2653 167656,3222 167656,3223 167656,5055 167656
594387,248425 594387,54132 594387,579008 594387,94641 594387,96851 594387,35 248425,579008 248425
1113742,103515 1113742,246618 1113742,35 103515,8865 103515
1136393,4330 1136393,755082 1136393,12638 4330,6913 4330,4335 755082
1123239,2696 1123239,5348 1123239,5348 2696
42156
1104300,41216 1104300,4335 1104300,62417 41216
253762
31489,633081 31489
111866,12197 111866,249858 111866,27606 111866,64319 111866,10177 249858,111866 249858,27606 249858,59626 249858,64319 249858,10177 12197,15429 12197
315266,33231 315266,445938 315266,6814 315266,158172 445938,18777 445938,33231 445938,6814 445938
145134,24966 145134
7430,145384 7430,28504 7430,365294 7430,95594 7430,28504 365294
227286,910 5462,633081 31489,31489 227286,48550 227286,5462 227286,910 227286,289945 48550,3229 48550,48555 48550,910 48550
178727,35 178727,210871 35,210872 35,82920 35
1153091,18619 1153091,46452 1153091,10798 18619,19231 18619,27627 18619
15429,10177 15429,15429 10177
126920,126927 126920,103543 126927,126920 126927,643221 126927,643239 126927,645897 126927
61417,562940 61417
1108389,35778 1919,73146 35778,1919 1108389,35778 1108389,36802 1108389,37888 1108389,73146 1108389,36802 37888,77438 37888
1107136
307656
314459,7532 314459,7537 314459,80491 314459,80515 314459,7537 7532,80491 7532
10183,10798 10183
682815,175256 682815,195792 682815,35061 682815,45605 682815,85352 682815,251756 195792,62329 195792
8821,3231 8821,66594 8821,66596 8821,10169 3231,17798 3231,39127 3231,39131 3231,6334 3231
1152290,3218 1152290,46491 1152290,85449 1152290,85452 1152290
503893,134219 503893,35 503893,210871 35,210872 35,82920 35
131315,28504 131315,29708 131315,29723 131315,29492 29708,300806 29723,35905 29723
1153853,103515 1153853,108047 1153853,35 1153853,578650 1153853,35 103515,8865 103515,210871 35,210872 35,82920 35,254923 108047,28336 108047,38205 108047,54129 108047
370366
429781,12182 429781,33325 429781,4660 429781,12210 12182,28649 12182,4804 12182
102406,2653 102406,34708 102406,59626 102406
1114153,1365 1114153,19621 1114153,853114 19621,853115 19621,853116 19621
2354,137790 2354,74749 2354
606647,38205 606647,57119 606647,210871 38205,35 38205,887 38205
14807,123556 14807,50354 14807,50354 123556
35854,15429 35854,15431 35854
137130,89416 137130
203646,270456 203646
49720,49753 49720,49720 49753
112787,175909 112787
1107041,100701 1107041,74975 1107041
1154173
632874,31489 632874,633081 632874,633081 31489
6220,114 6220,124064 6220,28350 6220,28412 6220,6213 6220,114 28350,6213 28350,4584 6213,6151 6213,887 6213,114 124064,28542 124064,4584 124064,6213 124064,6214 124064
157761,12210 12182,28649 12182,4804 12182,155736 155738,28649 155738,12182 157761,155738 157761,219239 157761,4804 157761,12182 219239,15429 219239,157761 219239,42207 219239,10177 4804,12210 4804,12350 4804,9515 4804
1126315
645016,644361 645016,644363 645016,644843 645016,645452 645016
350319,6775 350319,6784 350319,6784 6775
3229,144408 3229,29492 3229,30817 3229,6184 3229,202639 144408,231198 144408,29492 144408,19621 6184,4584 6184,6213 6184,6214 6184
12359,16476 12359,8617 12359
767763,753047 767763,753070 767763,753264 767763,753070 753047,753264 753047,753265 753047
1128839,1365 1128839,3229 1128839,4584 1128839,144408 3229,29492 3229,30817 3229,6184 3229
28202,117 28202,25791 28202,6163 28202,6213 28202,124064 6163,6213 6163,6220 6163,6224 6163,4584 6213,6151 6213,887 6213
568045,6639 178209,22431 6639,3218 6639,8224 6639,116084 568045,178209 568045,195150 568045,6639 568045,178209 116084,39127 116084,6639 116084,116084 195150,178209 195150,39127 195150
593942,54131 593942,593104 593942,594011 593942,66564 593942,94639 593942,103515 54131,28851 54131,35 54131,66556 54131
1104946,54844 1104946,7047 54844
1118286
33412,3229 33412,144408 3229,29492 3229,30817 3229,6184 3229
141868,10435 112378,1272 112378,27895 112378,36140 112378,40886 112378,112378 145215,3220 145215,40886 145215,63915 145215,112378 141868,145215 141868,40886 141868,6343 141868
85688,1272 85688,13686 1272,4584 1272
18833,18832 18833,18834 18833,56709 18834,86359 18834
1120650,2440 1120650,397590 1120650,6935 1120650,155158 397590,37483 2440
1105672,31105 1105672,36145 1105672,46491 1105672,70281 1105672,8617 36145,8619 36145
686030,27623 686030,27627 686030
1131257,643221 1131257,644427 1131257,16819 643221,643239 643221,643485 643221
145384
853155,853114 853155,853115 853155,853116 853155,853115 853114
66564
95597
6196,114 6196,4584 6196,6214 6196
35852
94713,12182 94713,18777 94713,28957 94713,32260 94713,62274 94713,12210 12182,28649 12182,4804 12182,28632 32260,62274 32260
7432,114 7432,23774 7432,20534 23774,6213 23774
3192,15987 3192,16008 3192,3191 3192,16008 3191,3192 3191,39890 3191,5086 3191
1105603,16461 1105603,16485 1105603,3229 16461,43186 16461
207395,1959 207395,22386 207395,3828 207395,936 207395,936 3828,940 3828,941 3828,943 3828
8079,27249 8079,23738 27249,36140 27249,46468 27249
1127810,28287 567005,648232 567005,567005 1127810
3240,97377 3240
6741
46431,199571 46431,3231 46431,35 46431,6334 46431,210871 35,210872 35,82920 35,10169 3231,17798 3231,39127 3231,39131 3231,6334 3231,10169 6334,3231 6334,39131 6334,6767 6334
67633,379288 67633
309476,12182 309476,65650 309476,12210 12182,28649 12182,4804 12182
990075
1108329,128383 1108329,41417 1108329,6209 1108329,6213 1108329,70444 1108329,4584 6213,6151 6213,887 6213,41417 128383,70444 128383
6311,20584 6311,46887 6311,8224 6311,85688 8224
218410,6213 218410,4584 6213,6151 6213,887 6213
682666,117 17476,13269 17476,6385 17476,887 17476,194645 248823,114 341188,117 341188,28350 341188,28491 341188,7419 341188,17476 682666,18832 682666,248823 682666,341188 682666,6385 682666
421481
1103979,34315 1103979,34355 1103979,906 1103979,906 34355,910 34355
13193,28350 13193,28489 13193,6213 13193,114 28350,6213 28350,4584 6213,6151 6213,887 6213
17811
573978,35 573978,787016 573978,82920 573978,210871 35,210872 35,82920 35
633585,31489 633585,9581 633585,633081 31489
18781
948846
1102550,1026 1102550,251756 1102550,4584 1102550,94641 1102550,62329 251756
648121,648112 648121
689439,235678 689439,235679 689439,616336 689439,235678 235679,235683 235679,235679 235678,235683 235678
1129994,36620 189620,77438 106590,90470 106590,106590 1129994,189620 1129994,189856 1129994,77438 1129994,90470 1129994,189566 189856,36802 189856
28964,18770 28964,28957 28964
20178,20179 20178,91852 20178,91853 20178,117328 91852,20179 91852,64271 91852,943 91852
35922,28957 35922,3229 35922,4335 35922,50336 35922,144408 3229,29492 3229,30817 3229,6184 3229,35922 50336,6818 50336
644470,642798 644470,644448 644470,644494 644470,642894 642798,644448 644494,645870 644494
28265,940 28265,941 28265,941 940
135765,135766 135765,4649 135765,4649 135766
1111304,105899 1111304,195361 1111304,4329 1111304,6213 1111304,887 1111304,6213 195361,4584 6213,6151 6213,887 6213,27623 105899,27627 105899,28254 105899,4329 105899,4330 4329
1115291,32688 1717,4330 1717,4335 1717,6913 1717,109323 137849,5086 137849,137849 1115291,1717 1115291,17242 1115291,280876 1115291,17242 280876,3187 280876
430574
976284,45188 45189,4804 45189,89547 45189,45189 45188,89547 45188,1997 3233,3236 3233,3240 3233,49811 3233,3233 976284,45188 976284,45189 976284,4804 976284,89547 976284,10177 4804,12210 4804,12350 4804,9515 4804
1153101,137359 1153101,1956 1153101,3223 1153101,1955 1956,35 1956,3828 1956,936 1956
1131745,1365 1131745,77758 1131745
20179
1128975,144701 1128975,486840 1128975,575795 1128975,22229 144701,35061 144701
628766,205196 628766,815073 205196,815096 205196
13195
70281
82087,58758 33895,144408 3229,29492 3229,30817 3229,6184 3229,3229 82087,33895 82087,82090 82087,82098 82087
1152379
1135082,19621 1135082,7047 1135082,733576 1135082,853114 19621,853115 19621,853116 19621
1119140,103482 1119140,1365 1119140,37541 1119140,35 103482,137380 37541,46491 37541
1131192
33231
645084,153063 645084,642641 645084,645088 645084,38537 153063,561568 153063,561613 153063
684972,395553 684972,684986 684972,12330 395553,2702 395553,4330 395553,684986 395553
6152,4584 6151,6213 6151,887 6151,114 193742,4584 193742,6151 193742,6213 193742,193742 6152,6151 6152
1152858
1106370,24966 1106370,27531 1106370,3231 1106370,27530 27531,27543 27531,10169 3231,17798 3231,39127 3231,39131 3231,6334 3231
45605,240791 45605,32083 45605,35061 45605,19621 240791,35061 240791,45605 240791
643734,200630 643734,643735 643734,32083 200630
646412
506,504 506,89416 506
1130568,205196 1130568,815073 205196,815096 205196
1131639,390693 1131639,45605 1131639
37541,137380 37541,46491 37541,46491 137380
58268,8594 58268
649731,1365 649731,23507 649731
27203
5966
6163,124064 6163,6213 6163,6220 6163,6224 6163,4584 6213,6151 6213,887 6213,114 124064,28542 124064,4584 124064,6213 124064,6214 124064
34979,13982 34979,34979 13982
1949,1952 1949,1953 1949,3097 1949,3112 1949,3097 1952,1959 3097,82664 3097,82666 3097,77826 3112,77829 3112
950052,1365 950052,19621 950052,853114 19621,853115 19621,853116 19621
593559,578845 593559,593560 593559
192734,45188 45189,4804 45189,89547 45189,45189 45188,89547 45188,1272 192734,45188 192734,45189 192734,13686 1272,4584 1272
1129683,12337 1129683,35 1129683,608326 1129683,70970 1129683,82920 1129683,141342 70970,608190 70970,608191 70970,82920 70970,210871 35,210872 35,82920 35,35 608326,82920 608326
16008
64271,887 35490,20179 20178,91852 20178,91853 20178,20178 64271,35490 64271
1127657
233106
1128542
820662,171954 820662,573553 820662,573553 171954,67415 171954
1132731,57119 1132731,646900 1132731
335042,264556 335042
1131414
1132416
6935,101811 6935,63915 6935,12350 101811,23738 101811
89547,15429 89547
1106630,2654 1106630,27530 1106630,27543 1106630,31055 1106630,70281 1106630
12199,12350 20601,20602 20601,12198 12158,12350 12158,20601 12158,20602 12158,12158 12199,12198 12199,20601 12199,20602 12199,10177 12198,12350 12198,27612 12198
1106671,24966 1106671,92065 1106671
25791
82664,1959 82664
591016,1272 591016,2440 591016,13686 1272,4584 1272,37483 2440
593240,227178 593240,35 593240,578845 593240,593155 593240,44455 227178,210871 35,210872 35,82920 35,62329 593155
235683
1106764,61417 1106764,94416 1106764,61417 94416
1120197,2695 1120197,5348 1120197,2696 2695,2698 2695,342802 2695,5348 2695
13208,13205 13208,13212 13208
43639,2665 43639,237489 2665,237521 2665,8581 2665
359067,239810 359067,56167 359067,6343 359067,56167 239810
1110546,178718 1110546,178727 1110546,33904 1110546,35 178727,33895 33904,35 33904,503893 33904
62329,427606 62329
4553
1140230,230879 1140230,2658 1140230,230879 2658,2665 2658,696345 2658
120817
593813,33895 593813,33907 593813,35 593813,94639 593813,58758 33895,14062 33907,35 33907,97390 33907,97645 33907,210871 35,210872 35,82920 35
20584
1102567,1481 1102567,4878 1102567,1481 4878
6941,3218 6941,6923 6941,93923 6941,1272 6923,2440 6923,72908 6923
662250
1129368
1154042,24966 1154042,65212 1154042
1136814,1688 1136814,33907 1136814,35 1136814,35 1688,58758 1688,14062 33907,35 33907,97390 33907,97645 33907,210871 35,210872 35,82920 35
23116,24966 23116,253762 23116,27627 23116,65212 23116
6213,4584 6213,6151 6213,887 6213,4584 6151,6213 6151,887 6151
608292,8865 608292,8874 608292,8875 608292
27243
33907,14062 33907,35 33907,97390 33907,97645 33907,210871 35,210872 35,82920 35
1116044,134314 1116044,23070 1116044,137130 23070,23069 23070,65074 23070,74698 23070,87915 23070
78511,141342 78511,35 78511,78552 78511,78557 78511,35 141342,210871 35,210872 35,82920 35
1106547,4584 6151,6213 6151,887 6151,114 28287,28290 28287,4584 28287,56708 28287,56709 28287,4584 6213,6151 6213,887 6213,28287 1106547,6151 1106547,6213 1106547
1120019
577227,35 577227,210871 35,210872 35,82920 35
643597,202639 643597,643695 643597,24966 202639,25702 202639
1140543,120084 1140543,120817 1140543,255628 1140543,523010 1140543,739816 1140543,135464 120084,1365 120084,255628 120084,264556 120084
1129443
1120858,2696 1120858,5348 1120858,910 1120858,5348 2696
1112075,134219 1112075,6346 1112075
1153945,1026 1153945,1034 1153945,1026 1034,1033 1034,1035 1034
29723,29723 35905,910 35905,52515 300806,300806 29723,35905 29723
1125386,1955 1125386,238401 1125386,3231 1125386,35 1125386,210871 35,210872 35,82920 35,10169 3231,17798 3231,39127 3231,39131 3231,6334 3231
8766,1213 8766,8594 1213
27612,12198 27612,12350 27612,6125 27612,15429 12350,51180 12350,10177 12198,12350 12198,27612 12198
1120020,13885 13917,4584 13917,4584 6213,6151 6213,887 6213,13917 1120020,4584 1120020,6213 1120020
24043
636098,10169 636098,1272 636098,3231 636098,10169 3231,17798 3231,39127 3231,39131 3231,6334 3231,13686 1272,4584 1272,10177 10169,15429 10169,158614 10169
654177,10435 112378,1272 112378,27895 112378,36140 112378,40886 112378,112378 145215,3220 145215,40886 145215,63915 145215,112378 654177,145215 654177,3220 654177,40886 654177
1128985,227178 1128985,35 1128985,44455 1128985,54132 1128985,44455 227178,210871 35,210872 35,82920 35
8581,135464 8581,69198 8581
135130,12576 135130,35 135130,56115 135130,35 12576,6213 12576,83725 12576,887 12576,210871 35,210872 35,82920 35,56112 56115,83725 56115
642798,642894 642798,643221 642894
1134031,8591 709113,8594 709113,709113 1134031
1153879
285675,25184 285675,285687 285675,307336 285675,25181 25184,27174 25184,3229 25184,3231 25184,174418 307336,3243 307336
592996
1130931,1997 154982,8079 154982,144408 3229,29492 3229,30817 3229,6184 3229,154982 1130931,3229 1130931
38829,117328 38829,20178 38829,64271 38829,20179 20178,91852 20178,91853 20178
137956,58268 137956,8591 137956,8594 58268,8594 8591
74937
522338
578669,28851 578669,35 28851
1152761,263498 1152761,35061 1152761,8872 1152761,35 263498,35061 263498
1112026,51866 27535,8703 27535,27535 1112026
1131464,123825 1131464,19621 1131464,649730 1131464,649731 1131464,649739 1131464,853114 19621,853115 19621,853116 19621,19621 123825,649731 123825
195792,251756 195792,62329 195792,62329 251756
1061127,2440 1061127,37483 2440
117316,38205 117316,54129 117316,575077 117316,210871 38205,35 38205,887 38205
118424
459206
41732
12198,15429 12350,51180 12350,12198 27612,12350 27612,6125 27612,10177 12198,12350 12198,27612 12198,15429 10177
140005
1152821
79817,18777 79817,79809 79817
62333
1128201
1131752,35 1131752,577227 1131752,35 577227,210871 35,210872 35,82920 35
1155073,6923 20857,1272 6923,2440 6923,72908 6923,20857 1155073,6923 1155073,954315 1155073
1137140
1130356
851968,230879 851968,278394 851968
1128974,1786 35797,36140 35797,4330 35797,6784 35797,251756 195792,62329 195792,195792 1128974,35797 1128974
49843,75121 22431,8224 22431,85688 8224,11335 49843,22431 49843,2440 49843,3218 49843,8224 49843,37483 2440
1152194,24966 1152194,910 1152194
1133417,108974 1133417,189620 1133417,36620 189620
114
1118209,12350 20601,20602 20601,12198 27612,12350 27612,6125 27612,20601 1118209,27203 1118209,27612 1118209
80491
563613,194609 563613
1119623,111770 1119623,375825 1119623,421481 375825
853114,853115 853114
62389,8224 62389,85688 8224
1114442,19621 1114442,262108 1114442,262121 1114442,262178 1114442,40 1114442,853114 19621,853115 19621,853116 19621
118079,40131 118079,40135 118079,202639 40131
141160,123556 141160,50354 123556
1132443,671269 1132443,671293 1132443,672070 1132443,672071 1132443,641976 672070,672071 672070
1120866
1114239,144679 1114239,58436 1114239,30895 144679,58454 144679
578898,108047 578898,254923 108047,28336 108047,38205 108047,54129 108047
108974
936
103515,35 103515,8865 103515,210871 35,210872 35,82920 35
237521,1365 237521
578365
444191,17363 444191,3229 444191,144408 3229,29492 3229,30817 3229,6184 3229
27895
89335,8703 89335
510718,162664 510718,18777 510718,4329 510718,4330 4329,3191 162664,39890 162664
1130847,287787 1130847,35 1130847,634938 1130847,110041 287787,35 287787,210871 35,210872 35,82920 35
917493
590022,36802 590022,589923 590022,77438 590022,149669 589923,36802 589923,77438 589923
16461,3229 16461,43186 16461,144408 3229,29492 3229,30817 3229,6184 3229
95188,117328 95188,20179 95188,35490 95188,64271 95188,887 35490
124064,114 124064,28542 124064,4584 124064,6213 124064,6214 124064,4584 6213,6151 6213,887 6213
135464
1125953,1272 520471,520471 1125953
30817
52835,1272 52835,39127 52835,13686 1272,4584 1272
262178
1109208,263069 148341,148341 1109208
1118848,25702 1118848,910 1118848
3217
5038,12182 5038,38722 5038,4660 5038,65650 5038,12210 12182,28649 12182,4804 12182,12195 38722,67415 38722
310653,108962 159897,108983 159897,28957 159897,310653 159897,35778 108983,108962 310653,108983 310653,159897 310653,108963 108962,108974 108962,108983 108962,35778 108962
1118823,20584 1118823,360028 1118823,46491 1118823,46547 1118823
1104495
18615,1272 18615,18619 18615,2440 18615,4660 18615,6935 18615,10798 18619,19231 18619,27627 18619,13686 1272,4584 1272,37483 2440
675756
12576,35 12576,6213 12576,83725 12576,887 12576,4584 6213,6151 6213,887 6213,210871 35,210872 35,82920 35
1153024,24476 1153024,89416 1153024
1126029,114 1126029,27623 1126029,6155 1126029,6214 1126029,114 6155,4584 6155,6151 6155,6213 6155,6214 6155
1130539,64519 37483,137790 2354,74749 2354,143323 1130539,198653 1130539,2354 1130539,37483 1130539,9708 1130539,210871 198653,35 198653
71336
7419,13972 20534,6163 20534,6213 20534,4584 6213,6151 6213,887 6213,20534 7419,6169 7419,6213 7419
33301
173884,27535 173884,51909 173884,8703 173884,92589 173884,51866 27535,8703 27535,51879 51909,6741 51909,8703 51909
644494,644448 644494,645870 644494
5075,3932 5075,22386 3932,74975 3932
243483,22229 243483,54131 243483,62634 243483,54132 62634,94639 62634,94641 62634,144701 22229,35061 22229,103515 54131,28851 54131,35 54131,66556 54131
1120084,180399 1120084,385572 1120084,180373 180399,3231 180399
1128959,35 1128959,56709 1128959,210871 35,210872 35,82920 35
1152917,4330 1152917,6913 1152917,12638 4330,6913 4330
644334,16819 644334,642681 644334,644441 644334,642847 642681,642621 16819,643221 16819,643239 16819
52007,52000 52007,52003 52000
1114118,119712 1114118,910 1114118
1125092,197054 1125092,45603 1125092,48764 1125092,8872 1125092,182093 197054,182094 197054,35 197054,41714 197054,8872 197054
118259,6209 118259
1131116,148341 1131116,259702 1131116,263069 1131116,35 1131116,263069 148341,210871 35,210872 35,82920 35,35 259702,640617 259702,82920 259702
65074,137130 65074,89416 65074,89416 137130
3222
1131165
1116268,2653 1116268,27241 1116268,36145 1116268,6334 1116268,8617 1116268,10169 6334,3231 6334,39131 6334,6767 6334,8617 36145,8619 36145
1131565,62329 1131565,650807 1131565
714975,15984 714975,39890 714975,523394 714975,6786 714975,51049 39890,15987 523394,16008 523394,39890 523394,523574 523394
46547,46491 46547
137359
95198
1113459,114 28350,6213 28350,28350 241133,6213 241133,4584 6213,6151 6213,887 6213,153598 1113459,241133 1113459,28350 1113459,6213 1113459,91975 1113459,28491 153598,6213 153598
1152714,133566 1152714,133567 1152714,5194 1152714,133550 133566,133563 133566,133567 133566,5194 133566
1104182,27623 1104182,38480 1104182,114 38480,117 38480,6209 38480,6213 38480,6214 38480
644843
1128425,5454 1128425,582139 1128425,6818 1128425,68224 1128425,2665 582139,68224 582139
1153031
756061
18251,23258 18251,114 23258,136665 23258,28485 23258,6214 23258,85299 23258
97377,8224 97377,85688 8224
1131189,643003 1131189,16819 643003
1133047,84021 1133047,143323 84021,1688 84021,35 84021,82920 84021,98698 84021
1152448,36162 1152448,40151 1152448,6334 1152448,10169 6334,3231 6334,39131 6334,6767 6334
11339,11326 11339,11339 11326
1138970
141342,35 141342,210871 35,210872 35,82920 35
53942
1106103,6346 1106103,6767 1106103
206259,117 206259,28487 206259,28542 206259
69198,267824 69198
205196,815073 205196,815096 205196
574264,35 574264,210871 35,210872 35,82920 35
358894,79809 31863,91581 31863,79809 358866,31863 358894,358866 358894,358884 358894,358887 358894,91581 358894,13212 358884
684986,4330 684986,12638 4330,6913 4330
1109185,25702 147870,147870 1109185
1130567,4584 6151,6213 6151,887 6151,4584 6213,6151 6213,887 6213,4584 1130567,6151 1130567,6169 1130567,6213 1130567,628815 1130567
621555
593210,195792 19045,887 19045,251756 195792,62329 195792,19045 593210,195792 593210,459216 593210,593209 593210,593240 593210
1115375,230879 2658,2665 2658,696345 2658,2658 282700,2658 1115375,2665 1115375,282700 1115375,237489 2665,237521 2665,8581 2665
148399,12158 148399,12247 148399,27199 148399,27203 148399,12198 12158,12350 12158,20601 12158,20602 12158,12199 12247,20601 12247,20602 12247,219239 12247,12194 27199,42209 27199,42221 27199
55770
1153784,289780 1153784,289781 1153784,35 289781,87417 289781,289779 289780,289781 289780,35 289780,87417 289780
202520
1120169,3218 1120169,46491 1120169,85449 1120169,85452 1120169
1132073
87915,137130 23070,23069 23070,65074 23070,74698 23070,87915 23070,137130 65074,89416 65074,23070 87915,65074 87915
128383,41417 128383,70444 128383
686061,19231 686061,27623 686061,27627 686061,28254 686061,27623 28254,27627 28254,27631 28254,27632 28254,4329 28254
144212,190706 144212,41714 144212,45605 144212,35 190706,41714 190706,45605 190706,35 41714,44455 41714
459214,35 103515,8865 103515,22229 243483,54131 243483,62634 243483,103515 459214,243483 459214,54131 459214,103515 54131,28851 54131,35 54131,66556 54131
280876,17242 280876,3187 280876,5086 3187
28359,35863 28359,28359 35863,3229 35863,6213 35863
263553,12638 263553,6910 263553
1129027,35 1129027,85352 1129027,210871 35,210872 35,82920 35
299197,4330 299197,6213 299197,85299 299197,85324 299197,887 299197,4584 6213,6151 6213,887 6213,12638 4330,6913 4330
545647,11335 545647,582511 545647,5959 545647,11335 582511,545647 582511,5959 582511
72908,2440 72908,37483 2440
6913,646286 6913,646289 6913
627024,278394 627024,278403 627024,35797 627024,1786 35797,36140 35797,4330 35797,6784 35797
137873,3191 137873,4330 137873,7032 137873,16008 3191,3192 3191,39890 3191,5086 3191,12638 4330,6913 4330
1104258,24974 1104258,40124 1104258,40125 1104258
1119178
100197,3229 100197,144408 3229,29492 3229,30817 3229,6184 3229
116084,6639 178209,22431 6639,3218 6639,8224 6639,178209 116084,39127 116084,6639 116084
1113541,12359 242637,202639 242637,910 242637,242637 1113541
41714,35 41714,44455 41714,210871 35,210872 35,82920 35
1112099,12182 12165,12195 12165,12211 12165,12238 12165,101261 101263,12238 101263,101263 1112099,12165 1112099,12195 1112099,12238 1112099,12350 12195,51180 12195,67415 12195
1102400,1237 1102400,1246 1102400,152226 1102400,152227 152226,5959 152226
1130586,815073 205196,815096 205196,205196 1130586
1119078,4274 1119078,51866 1119078,8703 1119078,51879 51866,8703 51866
63832,12576 28290,35 28290,12576 56112,83725 56112,35 12576,6213 12576,83725 12576,887 12576,12576 63832,28290 63832,56112 63832,56115 63832,56119 63832,12576 56119,35 56119,56112 56119,56115 56119,83725 56119,56112 56115,83725 56115
1121254,33231 1121254,4335 1121254,6818 1121254
126912,103537 126912,103543 126912,126909 103543,126912 103543,126920 103543,126926 103543,126927 103543,18777 103537,28957 103537
6385
28473,6378 28473,6385 28473,10183 6378,6214 6378,6385 6378
642641
1136310
285687
1128267,117 28202,25791 28202,6163 28202,6213 28202,4584 6213,6151 6213,887 6213,28202 1128267,6213 1128267
6910,6898 12631,12638 263553,6910 263553,12631 6910,12638 6910,263553 6910,444191 6910,6898 6910
82098,3229 82098,35 82098,144408 3229,29492 3229,30817 3229,6184 3229,210871 35,210872 35,82920 35
1152508,35 1152508,210871 35,210872 35,82920 35
1105531,16008 1105531,28957 1105531,33231 1105531,6818 1105531
1113614,134128 1113614,6213 1113614,887 1113614,4584 6213,6151 6213,887 6213,218410 134128,6163 134128,6213 134128,6220 134128,887 134128
49660,10169 49660,3231 49660,39127 49660,40151 49660,10169 3231,17798 3231,39127 3231,39131 3231,6334 3231,10177 10169,15429 10169,158614 10169
69418,32688 69418,4330 69418,4330 32688,12638 4330,6913 4330
27632,27623 27632,27627 27632
399339,6184 399339,6213 399339,6214 399339,4584 6213,6151 6213,887 6213,19621 6184,4584 6184,6213 6184,6214 6184
354004,5086 354004
1131330
1128453,289780 1128453,289781 1128453,35 1128453,87417 1128453,35 289781,87417 289781,210871 35,210872 35,82920 35,289779 289780,289781 289780,35 289780,87417 289780
2665,237489 2665,237521 2665,8581 2665,1365 237521,135464 237489,2665 237489
69296,178718 69296,206371 69296,35 69296,69284 69296,210871 35,210872 35,82920 35,35 206371,69284 206371,69296 206371
688824
100961,35797 100961,6784 100961,1786 35797,36140 35797,4330 35797,6784 35797
593921,54132 593921,579008 593921,593104 593921
578649,108047 578649,116545 578649,54129 578649,578646 578649,578650 578649,108047 578646,54129 578646,578898 578646,254923 108047,28336 108047,38205 108047,54129 108047
13982,34979 13982
6378,10183 6378,6214 6378,6385 6378,10798 10183
14549,14545 14549,31479 14549,7047 14549,51934 14545
753264,753047 753264,753070 753264,753070 753047,753264 753047,753265 753047
416964
1130808,230879 2658,2665 2658,696345 2658,237489 2665,237521 2665,8581 2665,230879 1130808,2658 1130808,2665 1130808
273949,133553 105856,133563 105856,16485 105856,175548 105856,16474 16471,105856 273949,16471 273949,687401 273949
28491
1108167,124734 25805,166989 25805,20601 25805,4804 25805,12350 20601,20602 20601,10177 124734,20601 124734,27606 124734,59626 124734,124734 1108167,1272 1108167,20601 1108167,20602 1108167,25805 1108167,13686 1272,4584 1272
152483,1688 152483,85352 152483,35 1688,58758 1688
155158
642894,643221 642894,16819 643221,643239 643221,643485 643221
1105394,114 1105394,64484 1105394,114 64484
72805
118559,3229 118559,144408 3229,29492 3229,30817 3229,6184 3229
1152564,15889 1152564,3112 1152564,3085 15889,77826 3112,77829 3112
431206,662572 431206,6898 431206,6910 431206,6913 431206,431206 662572,78994 662572
47684,424 47684,47682 47684,68115 47684,197452 424,77758 424
1110438,116528 1110438,2654 1110438,4330 1110438,7032 1110438,12638 4330,6913 4330
1120138,33818 1120138,78508 1120138,78555 1120138,78557 1120138,9586 1120138,33823 33818,78552 33818,78555 33818,78557 33818,9586 33818
46536,10798 10796,6213 10796,887 10796,10796 46536
1118658,57922 1118658,57948 1118658,6925 1118658,57948 57922,6925 57922,12210 57948,15429 57948,42221 57948,57922 57948,6925 57948
126926
592986,38205 592986,57119 592986,592973 592986,592975 592986,248425 592975,38205 592975,57119 592975,592973 592975,592986 592975,210871 38205,35 38205,887 38205
358884,13212 358884
1120786,151708 1120786,4330 151708
350362,2653 350362,3243 350362,45188 350362,45189 45188,89547 45188
1128868,194609 1128868,3229 1128868,144408 3229,29492 3229,30817 3229,6184 3229
288107
1129570,57119 1129570,8865 1129570,8875 1129570
18770
232606
734406
58758,576973 58758,58758 576973
66794,108974 66794,18777 66794,28957 66794,466170 66794
1129243,114 28350,6213 28350,4584 6213,6151 6213,887 6213,28350 1129243,6213 1129243,6385 1129243
1132285,12195 1132285,12350 12195,51180 12195,67415 12195
1105360
13213
1110563,139865 1110563,179180 1110563,22835 1110563,1365 139865,179180 139865
427606,35 427606,210871 35,210872 35,82920 35
634975,287787 634975,35 634975,634902 634975,634904 634975,110041 287787,35 287787,210871 35,210872 35,82920 35
644363
1131345
1131150,641956 1131150,641976 1131150,74821 1131150
1152150,6898 12631,633081 31489,12631 1152150,31489 1152150,6910 1152150
1033,35 1033,41714 1033,45605 1033,35 41714,44455 41714,210871 35,210872 35,82920 35
594025,96847 594025,227178 96847,6163 96847,6216 96847,96851 96847
1119295,1481 1119295,2440 1119295,6318 1119295,37483 2440
1817,1956 1817,1955 1956,35 1956,3828 1956,936 1956
1111788,20584 1111788,46887 1111788,8224 1111788,85688 8224
