7532,7537 7532,80491 7532
115188
19045,195792 19045,887 19045,251756 195792,62329 195792
1105033,17476 1105033,887 1105033,117 17476,13269 17476,6385 17476,887 17476
237376
110163,110162 110163,1955 110163,3095 110163,3101 110163,3112 110163,110163 110162,3095 110162,3101 110162,337766 110162,77826 3112,77829 3112
943087
7041
1126037,179180 1126037,3229 1126037,144408 3229,29492 3229,30817 3229,6184 3229
12169
168410,23258 168410,28485 168410,4330 168410,4584 168410,6209 168410,114 28485,6209 28485,6213 28485,12638 4330,6913 4330,114 23258,136665 23258,28485 23258,6214 23258,85299 23258
1121739,118559 1121739,3229 118559
46452
1104851,2654 1104851,27243 1104851,5055 1104851,52784 1104851,175291 52784,2654 52784,36145 52784,8617 52784
714260,189655 714260,714256 714260,73162 714260
1153933,32083 1153933,395725 1153933
1135955
1135750,171954 1135750,573553 1135750,66751 1135750,573553 171954,67415 171954
643239,642894 643239,643221 643239,16819 643221,643239 643221,643485 643221,643221 642894
189721,124952 189721
35863,28359 35863,3229 35863,6213 35863,144408 3229,29492 3229,30817 3229,6184 3229,4584 6213,6151 6213,887 6213,35863 28359
44017,11339 44017
144330,20193 144330,22431 144330,75121 22431,8224 22431
72406
1119211,367312 1119211,739280 367312,746058 367312
466170
1130676,2658 1130676,2665 1130676,395540 1130676,630817 1130676,2665 630817,230879 2658,2665 2658,696345 2658,237489 2665,237521 2665,8581 2665
90888,1365 90888,3229 90888,144408 3229,29492 3229,30817 3229,6184 3229
1128198,576691 1128198,82920 1128198,513189 576691,573964 576691,82920 576691,85352 576691
127940,416964 127940,430329 127940,16437 430329
1128881
91852,117328 91852,20179 91852,64271 91852,943 91852
198443,119686 198443,13658 198443,190698 198443,35 198443,13654 119686,13658 119686,210871 35,210872 35,82920 35
54129,35 54129,210871 35,210872 35,82920 35
28026,5062 28026,5064 28026,28026 5064,5062 5064,5069 5064,5075 5064
34082,14428 34082,14429 34082,14430 34082,14428 14429,14430 14429,73119 14429
578845,292277 578845
40125,131042 40125,141596 40125,24974 40125,34315 40125,24966 131042,24974 131042,910 131042
1129369
1154276,123825 1154276,733167 1154276,1717 733167,19621 123825,649731 123825
193354,11148 193354,193347 193354,193352 193354,193352 193347,612306 193347,348305 193352
446610
70441,3101 70441,70442 70441,70444 70441,20534 70442,70444 70442
94639
458439
7297,1365 7297,19621 7297,49482 7297,7272 7297,853114 19621,853115 19621,853116 19621
27631,28412 27631,3229 27631,6184 27631,6214 27631,70520 27631,144408 3229,29492 3229,30817 3229,6184 3229,19621 6184,4584 6184,6213 6184,6214 6184
137790
3932,22386 3932,74975 3932
264556
35490,887 35490
1105344,24966 1105344,63549 1105344,906 1105344,910 1105344
310530,1959 310530,22386 310530,3828 310530,38839 310530,936 3828,940 3828,941 3828,943 3828
265203,35 265203,887 265203,210871 35,210872 35,82920 35
1135589,135464 1135589,255628 1135589
1717,32688 1717,4330 1717,4335 1717,6913 1717,4330 32688,12638 4330,6913 4330
1135368
733167,1717 733167,32688 1717,4330 1717,4335 1717,6913 1717
174425
1152569
1105116,35922 1105116,37879 1105116,28957 35922,3229 35922,4335 35922,50336 35922
190697,190698 190697,198443 190697,22229 190697,35 190697,41714 190697,119686 198443,13658 198443,190698 198443,35 198443,35 41714,44455 41714,210871 35,210872 35,82920 35,144701 22229,35061 22229
682508,683294 682508
8872
337766
428610,240321 428610,4330 428610,6913 428610,12638 4330,6913 4330
907845,129287 907845,145134 129287
22386
1106568,3229 1106568,75983 1106568,144408 3229,29492 3229,30817 3229,6184 3229
1120880
5869,2696 5869,910 5869,5348 2696
1128946,227178 1128946,593022 1128946,54129 593022,44455 227178
601561,10798 601561,252715 601561,3236 601561,10798 252715
95579,28350 95579,6209 95579,95588 95579,95597 95579,114 28350,6213 28350
270085
1116181,20972 1116181,35863 20972,887 20972
575402,103515 575402,78511 575402,141342 78511,35 78511,78552 78511,78557 78511,35 103515,8865 103515
645088
167670,3217 167670,3220 167670,3223 167670,3231 167670,3236 167670,10169 3231,17798 3231,39127 3231,39131 3231,6334 3231
642593
1107067,10169 1107067,20528 1107067,3231 1107067,39126 1107067,6334 1107067,27631 20528,36162 20528,36167 20528,10169 3231,17798 3231,39127 3231,39131 3231,6334 3231,10169 39126,1999 39126,31483 39126,3231 39126,39165 39126,10169 6334,3231 6334,39131 6334,6767 6334,10177 10169,15429 10169,158614 10169
37879
39165,162664 39165,31479 39165,31483 39165,92589 39165,3191 162664,39890 162664
213279,12330 213279,2702 12330
646195,16819 646195,38537 646195,642621 16819,643221 16819,643239 16819
1130657
28412
1121459,112378 1121459,22563 1121459,40886 1121459,10435 112378,1272 112378,27895 112378,36140 112378,40886 112378,23738 22563,36140 22563,8224 22563
1118092,20526 1118092,28254 1118092,288 1118092,40151 288,128 20526,28227 20526,6169 20526,6213 20526,27623 28254,27627 28254,27631 28254,27632 28254,4329 28254
124952
229635,12576 229635,35 229635,8872 229635,35 12576,6213 12576,83725 12576,887 12576,210871 35,210872 35,82920 35
1105428,4274 1105428,51909 1105428,8703 1105428,51879 51909,6741 51909,8703 51909
75694
289945
180373,10796 180373,27174 180373,59798 180373,77758 180373,10798 10796,6213 10796,887 10796,25181 27174,3229 27174,59798 27174
177993,286513 177993
85449,137380 85449,262178 85449,46491 137380
6818,29723 6818,300806 6818,52515 300806,300806 29723,35905 29723
1108175,18781 1108175,4804 1108175,10177 4804,12210 4804,12350 4804,9515 4804
1128990,103482 1128990,27510 1128990,35 103482,103482 27510,35 27510
649739,123825 649739,19621 649739,853114 19621,853115 19621,853116 19621,19621 123825,649731 123825
124224,6898 124224
1117920,134316 1117920,142268 1117920,65074 1117920,134316 142268,65074 142268,87915 142268,137130 65074,89416 65074,134307 134316,134314 134316,142268 134316,23070 134316,65074 134316
6151,4584 6151,6213 6151,887 6151,4584 6213,6151 6213,887 6213
1103499
12165,12182 12165,12195 12165,12211 12165,12238 12165,12210 12182,28649 12182,4804 12182,12182 12211,6125 12211,12350 12195,51180 12195,67415 12195
13269,50336 13269,50337 13269,35922 50337,50336 50337,6818 50337,35922 50336,6818 50336
63477,10169 63477,3231 63477,60682 63477,14531 60682,10169 3231,17798 3231,39127 3231,39131 3231,6334 3231,10177 10169,15429 10169,158614 10169
1107455,114 1107455,20534 1107455,23774 1107455,6213 1107455,13972 20534,6163 20534,6213 20534,20534 23774,6213 23774,4584 6213,6151 6213,887 6213
97390,14062 97390
74821
1125492,231249 1125492,82920 1125492,35 231249
1131301,642894 1131301,644577 1131301,645046 1131301,645870 1131301,643221 642894
1112426,219446 1112426,29492 1112426
1153262,17208 1153262,4804 1153262,77438 1153262,9716 1153262,13193 17208,17201 17208,36131 17208,6213 17208,10177 4804,12210 4804,12350 4804,9515 4804
43698,10531 43698,31353 43698,31353 10531
3191,16008 3191,3192 3191,39890 3191,5086 3191,51049 39890
1111230,193742 1111230,6213 1111230,114 193742,4584 193742,6151 193742,6213 193742,4584 6213,6151 6213,887 6213
17476,117 17476,13269 17476,6385 17476,887 17476,50336 13269,50337 13269
28485,114 28485,6209 28485,6213 28485,4584 6213,6151 6213,887 6213
39904,1365 39904,22835 39904
178209,6639 178209,22431 6639,3218 6639,8224 6639
575795,12576 575795,35 12576,6213 12576,83725 12576,887 12576
1129518,189721 1129518,189856 1129518,124952 189721,189566 189856,36802 189856
1120731,13195 1120731,399339 1120731,6184 1120731,6196 1120731,6210 1120731,28350 6210,28489 6210,4584 6210,6213 6210,114 6196,4584 6196,6214 6196,6184 399339,6213 399339,6214 399339,19621 6184,4584 6184,6213 6184,6214 6184
576725,1688 576725,35 576725,35 1688,58758 1688,210871 35,210872 35,82920 35
1127530,15987 1127530,3191 1127530,16008 3191,3192 3191,39890 3191,5086 3191
1111978,210309 1111978,23116 1111978,15429 210309,24966 23116,253762 23116,27627 23116,65212 23116
1152673,25181 1152673,30895 1152673,3229 1152673,59798 1152673,10796 30895,1272 30895,3243 30895,59798 30895,8224 30895,3229 25181,59798 25181,144408 3229,29492 3229,30817 3229,6184 3229
610529
193347,193352 193347,612306 193347,348305 193352
22835,1365 22835
559804,189655 559804,39890 559804,714260 559804,714289 559804,73162 559804,189655 714260,714256 714260,73162 714260,51049 39890
1119004
116081,39127 116081
36620,10531 36620,3220 36620,3240 36620,39130 36620,31353 10531,97377 3240,3240 39130,97377 39130
238401
264347,14807 264347,123556 14807,50354 14807
57119
16437
25805,124734 25805,166989 25805,20601 25805,4804 25805,12350 20601,20602 20601,10177 124734,20601 124734,27606 124734,59626 124734,10177 4804,12210 4804,12350 4804,9515 4804
80515,7532 80515,80491 80515,7537 7532,80491 7532
574710,12576 574710,127033 574710,135130 574710,12576 127033,56112 127033,56115 127033,56119 127033,62718 127033,12576 135130,35 135130,56115 135130,35 12576,6213 12576,83725 12576,887 12576
287787,110041 287787,35 287787,210871 35,210872 35,82920 35
976334,114 976334,4584 976334,6196 976334,6216 976334,887 976334,114 6196,4584 6196,6214 6196
1106236,3097 1106236,73327 1106236,82664 1106236,82666 1106236,1959 3097,82664 3097,82666 3097
593068,70970 593068,141342 70970,608190 70970,608191 70970,82920 70970
1123493
1131180,642894 1131180,643221 642894
217139,11335 217139,143323 217139
1152162,31353 1152162,35905 1152162,35922 1152162,29723 35905,910 35905,28957 35922,3229 35922,4335 35922,50336 35922
1128291,116545 1128291,54129 1128291,578646 1128291,578650 1128291,108047 578646,54129 578646,578898 578646
683355,159897 683355,189623 683355,189856 683355,50336 683355,683404 683355,108962 159897,108983 159897,28957 159897,310653 159897,189566 189856,36802 189856,35922 50336,6818 50336
129042,1949 129042,1952 1949,1953 1949,3097 1949,3112 1949
191222
1129015,593104 1129015,593942 1129015,594039 1129015,54131 593942,593104 593942,594011 593942,66564 593942,94639 593942
133615,8224 133615,85688 8224
197452,24966 197452,36162 197452
8696
1128256,11337 1128256,1272 1128256,13686 1272,4584 1272
1132461,4330 1132461,6130 1132461,671269 1132461,672071 1132461,69392 1132461,12638 4330,6913 4330,672064 6130,672070 6130,672071 6130
31863,79809 31863,91581 31863
325314
17201
1108050,1365 1108050,2696 1108050,5348 1108050,5348 2696
18785
51180,12195 51180,38722 51180,67415 51180,12195 38722,67415 38722,12350 12195,51180 12195,67415 12195
1127430,35 1127430,85352 1127430,210871 35,210872 35,82920 35
1152991,16843 1152991,71736 1152991
576973,58758 576973
31483
1035,35852 1035,45605 1035
1138091
189774,653441 189774,714208 189774,73162 189774,15987 653441,39890 653441,523574 653441,559804 653441,73162 653441,714289 714208
6814
13960,130 13960,13966 13960,1481 13960,6213 13960,6214 13960,114 130,36802 130,39403 130,6163 130,4584 6213,6151 6213,887 6213
48764
5055
245955
1153275,46501 1153275,79809 1153275
103529,103528 103529,3112 103529,89308 103528,77826 3112,77829 3112
1104031,887 35490,35490 1104031
7032,1997 7032,25772 1997,3233 1997
854434
853115
78994,12631 78994,6898 78994,6898 12631
212107
738941
239800,19697 239800,24966 239800,4335 239800,71904 239800,24966 19697
98698,35 98698,82920 98698,84021 98698,210871 35,210872 35,82920 35,143323 84021,1688 84021,35 84021,82920 84021,98698 84021
36140,22563 36140,23738 22563,36140 22563,8224 22563
131317
219446,144408 219446,202639 144408,231198 144408,29492 144408
1117348,202639 1117348,6814 1117348,24966 202639,25702 202639
73712
105856,133553 105856,133563 105856,16485 105856,175548 105856,48550 133563,48555 133563,5194 133563,141160 133553
126868
91975,114 91975,128 91975,28471 91975,6213 91975,89547 91975,114 128,28487 128,4584 128,6213 128,4584 6213,6151 6213,887 6213,114 28471,117 28471,6213 28471,89547 28471
1128531,133615 1128531,55403 1128531,8224 1128531,8224 133615,133615 55403,8224 55403,85688 8224
20601,12350 20601,20602 20601,15429 12350,51180 12350
519318,35778 519318,73146 35778
14090
13654,13652 13654,80656 13654,80656 13652
949511,1365 949511,3229 949511,144408 3229,29492 3229,30817 3229,6184 3229
1136397,240321 1136397,25702 1136397,4330 1136397,4335 1136397,906 1136397,12638 4330,6913 4330
1123215,149139 1123215,288107 1123215
72056,2702 72056
350373
12194
582511,11335 582511,545647 582511,5959 582511,11335 545647,582511 545647,5959 545647
346243,3220 346243,39130 346243,3240 39130,97377 39130
77829,3112 77829,77826 3112,77829 3112
711994
1130243
1120049,133553 1120049,133563 1120049,16485 1120049,175548 1120049,48550 133563,48555 133563,5194 133563,141160 133553
1111614
49847,22431 49847,2440 49847,49843 49847,8224 49847,75121 22431,8224 22431,85688 8224,11335 49843,22431 49843,2440 49843,3218 49843,8224 49843,37483 2440
1110390,1955 1110390,27246 1110390,5966 1110390
4878,1481 4878
10186,10174 10186,10183 10186,137790 10186,2354 10186,74749 10186,10798 10183,137790 2354,74749 2354
6898,124224 6898,12631 6898,12638 6898,6898 124224,6898 12631
20972,35863 20972,887 20972,28359 35863,3229 35863,6213 35863
13658
90470,189566 90470
267003,434 267003,10798 434,114 434,4649 434,6213 434,8703 434
194617,10531 194617,31353 194617,31927 194617,31932 194617,31353 10531,194609 31927,31353 31927,563613 31927,194617 31932,215912 31932,31927 31932,3243 31932
1113852,137790 1113852,2354 1113852,74749 1113852,137790 2354,74749 2354
235776,20584 235776,46887 235776,6311 235776,6767 235776,20584 6311,46887 6311,8224 6311
687401
12631,6898 12631
66563,35 66563,54131 66563,66556 66563,66564 66563,210871 35,210872 35,82920 35,35 66556,575077 66556,85352 66556,103515 54131,28851 54131,35 54131,66556 54131
1117653,1365 1117653,335042 1117653
60560
220420
1131360,1688 1131360,307656 1131360,35 1131360,646900 1131360,35 1688,58758 1688,210871 35,210872 35,82920 35
672070,641976 672070,672071 672070
28649
2653
1111733
211906
1131277,137868 1131277,38537 1131277,645084 1131277,645088 1131277,38537 137868,153063 645084,642641 645084,645088 645084
16471,16474 16471,12337 16474,16437 16474,16471 16474,16476 16474
1688,35 1688,58758 1688,210871 35,210872 35,82920 35
193931,100197 193931,105856 193931,105865 193931,133553 105856,133563 105856,16485 105856,175548 105856,3229 100197,3191 105865,3192 105865
334153,216877 334153,216878 334153,887 334153
1103985,1688 1103985,35 1103985,35 1688,58758 1688,210871 35,210872 35,82920 35
1129572,194609 1129572,194617 1129572,31927 1129572,377303 1129572,563613 1129572,10531 194617,31353 194617,31927 194617,31932 194617,194609 31927,31353 31927,563613 31927,195792 377303
32083
1127558,561809 1127558,67584 1127558
250566
650807
390896,35922 390896,6814 390896,6818 390896,28957 35922,3229 35922,4335 35922,50336 35922
57764,12337 57764,1246 57764,36140 57764,46500 57764,46501 57764,36140 46500
78552,33818 78552,33823 78552,33823 33818,78552 33818,78555 33818,78557 33818,9586 33818
11337
1112071,212097 1112071,212107 1112071
1022969,33301 1022969,5600 1022969
1136110
1131164
671269,6130 671269,672064 6130,672070 6130,672071 6130
1125597,513189 1125597,35 513189,573964 513189,82920 513189
77515,12210 77515,15429 77515,4804 77515,10177 12210,12350 12210,4804 12210,10177 4804,12210 4804,12350 4804,9515 4804
70970,141342 70970,608190 70970,608191 70970,82920 70970,35 141342
1118245,114 1118245,17201 1118245,32872 1118245,7419 1118245
1136634,753047 1136634,753070 753047,753264 753047,753265 753047
45599,132806 45599,35 45599,35 132806,4584 132806,210871 35,210872 35,82920 35
77758,1365 77758
1114125,114 1114125,128 1114125,114 128,28487 128,4584 128,6213 128
30895,10796 30895,1272 30895,3243 30895,59798 30895,8224 30895,85688 8224,10798 10796,6213 10796,887 10796,13686 1272,4584 1272
157401,1365 157401,3229 157401,144408 3229,29492 3229,30817 3229,6184 3229
216877
13212
1116328
40151,2354 40151,137790 2354,74749 2354
54550,10183 54550,10798 10183
1118017,1365 157401,3229 157401,157401 1118017
31349,10531 31349,31336 31349,31353 31349,43698 31349,31353 10531,10531 31336,31353 31336
112378,10435 112378,1272 112378,27895 112378,36140 112378,40886 112378,22563 10435,22564 10435,22566 10435,13686 1272,4584 1272
202639,24966 202639,25702 202639
1481
66982,35922 66982,39199 66982,39210 66982,39199 39210,66982 39210,66986 39210,66990 39210,28957 35922,3229 35922,4335 35922,50336 35922,11093 39199,32276 39199,52515 39199
709113,8591 709113,8594 709113,8594 8591
101145,101143 101145,8703 101145,89308 101145,1956 101143,1959 101143,82666 101143
31043,13885 31043,34961 31043,910 31043,27535 34961,51866 34961,4584 13885,90888 13885
1132857,682508 1132857,683294 1132857,683294 682508
77112
1116922,318187 1116922,6939 1116922
161221,1365 161221,6213 161221,887 161221,4584 6213,6151 6213,887 6213
1119471,12169 1119471,12197 1119471,12199 1119471,12247 1119471,12158 12199,12198 12199,20601 12199,20602 12199,12199 12247,20601 12247,20602 12247,219239 12247,10177 12197,15429 12197
6344
27623
31479
684372,19621 684372,684531 684372,910 684372,853114 19621,853115 19621,853116 19621
573535,66751 573535,693143 573535
1132968,1365 1132968,205192 1132968,2665 1132968,5348 1132968,8581 1132968,230879 205192,2665 205192,237489 2665,237521 2665,8581 2665
642920
709518
649944,145315 649944,294126 649944,145315 294126
120084,135464 120084,1365 120084,255628 120084,264556 120084
578645,108047 578645,116545 578645,54129 578645,578646 578645,578845 578645,108047 578646,54129 578646,578898 578646,254923 108047,28336 108047,38205 108047,54129 108047
7537,7532 7537,7537 7532,80491 7532
74700,23069 74700,134315 23069,134320 23069,74700 23069
153063,38537 153063,561568 153063,561613 153063,153063 561568,561613 561568
7047
55968,114 55968,27631 55968,6213 55968,6385 55968,28412 27631,3229 27631,6184 27631,6214 27631,70520 27631,4584 6213,6151 6213,887 6213
136766,136767 136766,136768 136766,2440 136766,63931 136766,9708 136766,37483 2440,2440 136768,63931 136768,9708 136768
28249
5064,28026 5064,5062 5064,5069 5064,5075 5064,5062 28026,5064 28026,177115 5069,28026 5069,5062 5069,5064 5069,5075 5069
80656
416867
159084
4637,12169 4637
28287,114 28287,28290 28287,4584 28287,56708 28287,56709 28287,12576 28290,35 28290
1135125,1272 1135125,27543 1135125,424 1135125,197452 424,77758 424,13686 1272,4584 1272
5959,37483 5959,64519 37483
595193,22229 595193,22241 595193,144701 22229,35061 22229
174418,174425 174418,32276 174418
66986,39210 66986,83847 66986,39199 39210,66982 39210,66986 39210,66990 39210
675847,240321 675847,6130 675847,672064 6130,672070 6130,672071 6130
173863,18777 173863
1113084
5062,20193 5062,3085 5062,20193 3085,566653 3085,566664 3085
124828,24966 124828
273152,210871 273152,210872 273152,35 273152,82920 273152,210872 210871,273152 210871,35 210871,35061 210871,44514 210871,210871 35,210872 35,82920 35
502574,51909 502574,8703 502574,51879 51909,6741 51909,8703 51909
249858,10177 249858,111866 249858,27606 249858,59626 249858,64319 249858,12197 111866,249858 111866,27606 111866,64319 111866,15429 10177
1103676,20528 1103676,27895 1103676,4330 1103676,27631 20528,36162 20528,36167 20528,12638 4330,6913 4330
1135894,197452 1135894,43186 1135894,739816 1135894,24966 197452,36162 197452
255233,3084 255233,5600 255233,143323 3084,198653 3084,936 3084
12439,22563 12439,36140 12439,910 12439,23738 22563,36140 22563,8224 22563
117
1153900,578646 1153900,594511 1153900,108047 578646,54129 578646,578898 578646
1102850,10531 1102850,31353 10531
376704
696346,230879 696346,2658 696346,2665 696346,578337 696346,696345 696346,230879 2658,2665 2658,696345 2658,205192 578337,230879 578337,2665 578337,99030 578337,237489 2665,237521 2665,8581 2665
240321
1154500
1133846,154023 1133846,154047 1133846,154047 154023
67246,31769 67246,67245 67246,32083 31769,3229 31769,67245 31769,67246 31769
8594
63931,2440 63931,37483 63931,64519 37483,37483 2440
628888,19621 628888,853114 19621,853115 19621,853116 19621
561568,153063 561568,561613 561568,38537 153063,561568 153063,561613 153063
1105530,67292 1105530,910 1105530,910 67292
1105932,14531 1105932,25772 1105932,39127 1105932,75969 1105932,75972 1105932,116528 25772,77758 25772
3236
1106492,27241 1106492,3218 1106492,44017 1106492,84020 1106492
127033,12576 127033,56112 127033,56115 127033,56119 127033,62718 127033,12576 56112,83725 56112,12576 62718,56115 62718,83725 62718,35 12576,6213 12576,83725 12576,887 12576,12576 56119,35 56119,56112 56119,56115 56119,83725 56119,56112 56115,83725 56115
595157,210871 595157,28851 595157,210872 210871,273152 210871,35 210871,35061 210871,44514 210871,35 28851
13024,137956 13024,58268 13024,8594 58268,58268 137956,8591 137956
630817,2665 630817,237489 2665,237521 2665,8581 2665
10798
38537
118435
396412,300806 396412,3229 396412,35922 396412,50337 396412,631015 396412,35922 50337,50336 50337,6818 50337,52515 300806,144408 3229,29492 3229,30817 3229,6184 3229,28957 35922,3229 35922,4335 35922,50336 35922
899119,13024 899119,58268 899119,137956 13024,58268 13024,8594 58268
1102794
1109542,1997 1109542,25772 1997,3233 1997
129287,145134 129287,24966 145134
345340,116790 345340,130 345340,18777 345340,6214 345340,6224 345340,114 130,36802 130,39403 130,6163 130,173863 116790,18777 116790,4335 116790,73146 116790
1116835
18532,86923 18532
1119671,2663 1119671,7047 2663
3220,22563 3220,23738 22563,36140 22563,8224 22563
1116974,34257 1116974,45533 1116974,74427 1116974,74427 34257
17798,10169 17798,10177 10169,15429 10169,158614 10169
12946,4330 12946,910 12946,12638 4330,6913 4330
643221,16819 643221,643239 643221,643485 643221,642894 643485,643221 643485,644577 643485,642621 16819,643221 16819,643239 16819
86359,168332 86359,265203 86359,35 86359,35 265203,887 265203,210871 35,210872 35,82920 35
906
390894,35922 390894,50336 390894,50337 390894,35922 50337,50336 50337,6818 50337,28957 35922,3229 35922,4335 35922,50336 35922,35922 50336,6818 50336
390889,156977 390889,4330 390889,4335 390889,66990 390889,12638 4330,6913 4330
1126350,12155 1126350,12198 1126350,10177 12198,12350 12198,27612 12198,20602 12155
40922
284025,119761 284025,143801 284025,93555 284025,12638 119761,284023 119761,284025 119761,93555 119761,119761 143801,93555 143801
119712
65057,65074 65057,137130 65074,89416 65074
34708,33412 34708
647413,1688 647413,503883 647413,646913 647413,35 1688,58758 1688
1114192,256106 1114192,2696 1114192,2698 1114192,5348 1114192,5348 2696,2696 256106,2698 256106,5348 256106
1117184,1481 1117184,261040 1117184,53942 1117184,56167 1117184
64484,114 64484
134307,23070 134307,65057 134307,65074 134307,74698 134307,74700 134307,65074 65057,137130 23070,23069 23070,65074 23070,74698 23070,87915 23070,137130 65074,89416 65074
75121,267003 75121,85688 75121,434 267003
288,40151 288
60159,399370 60159,35797 399370,60159 399370,60169 399370,60170 399370
593260,132806 593260,210872 593260,35 593260,35 132806,4584 132806,210871 35,210872 35,82920 35
753265,4330 753265,753047 753265,753070 753047,753264 753047,753265 753047,12638 4330,6913 4330
594011
582139,2665 582139,68224 582139,237489 2665,237521 2665,8581 2665
1126012,124952 1126012,17201 1126012
18313
134320
593022,54129 593022
202522
1104769,25772 1104769,116528 25772,77758 25772
1154103,12631 1154103,169279 1154103,169280 1154103,6910 1154103,6898 12631,124224 169279,6910 169279
28336,108047 28336,117315 28336,54129 28336,117316 117315,54129 117315,254923 108047,28336 108047,38205 108047,54129 108047
594900,35 594900,574009 594900,35 574009,210871 35,210872 35,82920 35
601462
6216
1152958,284023 1152958,346292 1152958,93555 1152958,346292 284023,93555 284023
107177,2653 107177
3095,10430 3095,1951 3095
10793
91038
93555,1365 93555
57773,235679 57773,235683 57773,235678 235679,235683 235679
63486,10169 63486,144330 63486,17811 63486,3231 63486,56115 63486,20193 144330,22431 144330,10169 3231,17798 3231,39127 3231,39131 3231,6334 3231,10177 10169,15429 10169,158614 10169,56112 56115,83725 56115
169280
70520
2696,5348 2696
608190,575077 608190
632796,31489 632796,633081 632796,633081 31489
32698,19697 32698,4335 32698,95718 32698,95719 32698,24966 19697
1153728,1953 1153728,1959 1153728,198866 1153728,73327 1153728
84020,23738 84020,27895 23738,8224 23738
1108728,137359 1108728,137380 1108728,8224 1108728,46491 137380,85688 8224
576257,23116 576257,910 576257,24966 23116,253762 23116,27627 23116,65212 23116
35797,1786 35797,36140 35797,4330 35797,6784 35797,22563 1786,27895 1786,46547 1786,12638 4330,6913 4330
65212,24966 65212
579008,35 579008,54132 579008,575077 579008,210871 35,210872 35,82920 35
1104007,12350 1104007,1246 1104007,15429 1104007,34979 1104007,15429 12350,51180 12350
5086,3187 5086,3191 5086,3192 5086,16008 3191,3192 3191,39890 3191,5086 3191,5086 3187
1131550,182094 1131550,650814 1131550,190706 182094,41714 182094,182094 650814
79809,11342 79809,24966 79809,358866 79809,358887 79809,5086 79809,23738 11342,79809 11342,8224 11342,79809 358866
111676
232860
1131634,12359 1131634,123825 1131634,427606 1131634,16476 12359,8617 12359,19621 123825,649731 123825
646289
1136791,54129 1136791,593240 1136791
739280
238099,3217 238099,6935 238099
385251,25805 385251,6125 385251,124734 25805,166989 25805,20601 25805,4804 25805
206524,44017 206524
155736,12182 155736,155738 155736,28649 155736,12210 12182,28649 12182,4804 12182,155736 155738,28649 155738
1959
409725,1213 409725,8766 409725,1213 8766,8594 1213
248431
78557,33818 78557,33823 78557,78552 78557,78555 78557,33823 33818,78552 33818,78555 33818,78557 33818,9586 33818
1365
39210,39199 39210,66982 39210,66986 39210,66990 39210,39210 66986,83847 66986,11093 39199,32276 39199,52515 39199
270600
1126011
36802,189566 36802
1103031,14428 1103031,14429 1103031,14430 1103031,14431 1103031,14428 14429,14430 14429,73119 14429,14428 14431,14429 14431,14430 14431,73119 14431
19231
64319
684531
1114388,103482 1114388,1365 1114388,260979 1114388,35 103482,37541 260979
1120431,13656 1120431,13658 1120431,13686 1120431,35 1120431,22563 13686,27535 13686,40135 13686,6184 13686,13652 13656,13658 13656,80656 13656,210871 35,210872 35,82920 35
230300,118259 230300,118260 230300,6216 230300,6209 118259,118259 118260,230300 118260,6209 118260
28674
1123576,24966 1123576,31353 1123576
20193,10798 20193
1154229,39890 1154229,523574 1154229,51049 39890
1140040,370366 1140040,906 1140040,910 1140040
634902,287787 634902,35 634902,110041 287787,35 287787,210871 35,210872 35,82920 35
1113995,1365 1113995,32083 1113995
1128319,108047 1128319,116545 1128319,54129 1128319,578646 1128319,108047 578646,54129 578646,578898 578646,254923 108047,28336 108047,38205 108047,54129 108047
1919,35778 1919,73146 35778
20857,6923 20857,1272 6923,2440 6923,72908 6923
4983
1154232,189571 1154232,39890 1154232,51049 1154232,714256 1154232,714289 1154232,16008 189571,39890 189571,714289 189571,51049 39890
62634,54132 62634,94639 62634,94641 62634
653441,15987 653441,39890 653441,523574 653441,559804 653441,73162 653441,189655 559804,39890 559804,714260 559804,714289 559804,73162 559804,51049 39890
128202,128203 128202,137790 128203
214472,13212 214472,75693 214472,75694 214472
561582,561581 561582,561595 561582,153063 561581,561582 561581,561595 561581,561674 561581,153063 561595,561610 561595,561611 561595
1132505,675649 1132505,675756 1132505,675847 1132505,240321 675649,25702 675649,675756 675649,910 675649
592975,248425 592975,38205 592975,57119 592975,592973 592975,592986 592975,35 248425,579008 248425,210871 38205,35 38205,887 38205
11326,11339 11326
12158,12198 12158,12350 12158,20601 12158,20602 12158,12350 20601,20602 20601,15429 12350,51180 12350,10177 12198,12350 12198,27612 12198
1107062,1033 1107062,1035 1107062,61069 1107062,35852 1035,45605 1035,35 1033,41714 1033,45605 1033
29738
68224
132806,35 132806,4584 132806,210871 35,210872 35,82920 35
1110494
50807
119686,13654 119686,13658 119686,13652 13654,80656 13654
25702,15076 25702,24043 15076,32276 15076
1103969,14428 1103969,14429 1103969,14430 1103969,34082 1103969,14428 14429,14430 14429,73119 14429
13972
25184,25181 25184,27174 25184,3229 25184,3231 25184,3229 25181,59798 25181,144408 3229,29492 3229,30817 3229,6184 3229,10169 3231,17798 3231,39127 3231,39131 3231,6334 3231,25181 27174,3229 27174,59798 27174
46476
1059953,12182 1059953,28640 1059953,12210 12182,28649 12182,4804 12182
35778,73146 35778
118436,118424 118436,118435 118436,16451 118436,4330 118436,12638 4330,6913 4330
142268,134316 142268,65074 142268,87915 142268,137130 65074,89416 65074,134307 134316,134314 134316,142268 134316,23070 134316,65074 134316
1131359,646900 1131359,646913 1131359
1131230
98693,14062 98693,97390 98693
593328,19045 593328,87363 593328,195792 19045,887 19045,19045 87363,593328 87363,593329 87363,887 87363
159897,108962 159897,108983 159897,28957 159897,310653 159897,35778 108983,108963 108962,108974 108962,108983 108962,35778 108962
95594
1154520
1102407
1117049
9716
102884,4804 102884,10177 4804,12210 4804,12350 4804,9515 4804
20833,11335 20833,6318 20833
1102761,3231 1102761,8821 1102761,8832 1102761,3220 8832,10169 3231,17798 3231,39127 3231,39131 3231,6334 3231
1129106,28026 5064,5062 5064,5069 5064,5075 5064,5064 1129106
1131728,112378 1131728,3220 1131728,39131 1131728,40886 1131728,654177 1131728,10435 112378,1272 112378,27895 112378,36140 112378,40886 112378
694759,1688 694759,35 694759,35 1688,58758 1688,210871 35,210872 35,82920 35
39403,114 39403,117 39403,128 39403,130 39403,114 128,28487 128,4584 128,6213 128,114 130,36802 130,39403 130,6163 130
139738
1106406,114 1106406,23774 1106406,6169 1106406,6213 1106406,20534 23774,6213 23774,4584 6213,6151 6213,887 6213
20602,12350 20602,20601 20602,12350 20601,20602 20601,15429 12350,51180 12350
95435,17201 95435,17208 95435,184157 95435,13193 17208,17201 17208,36131 17208,6213 17208
50980,73972 50980,50980 73972
46500,36140 46500
14529
71736
300071,29723 300071,33231 300071,37884 300071,446610 300071,6814 300071,300806 29723,35905 29723,4330 37884,6814 37884,6818 37884
1104647,45603 1104647,48764 1104647,48766 1104647,48768 1104647,8872 1104647
124734,10177 124734,20601 124734,27606 124734,59626 124734,12350 20601,20602 20601,15429 10177
1152975,36162 1152975,40151 1152975,6334 1152975,10169 6334,3231 6334,39131 6334,6767 6334
1131172,642798 1131172,642894 642798
646809,35 646809,503883 646809,8874 646809,210871 35,210872 35,82920 35
14545,51934 14545
252715,10798 252715
1131236,16819 1131236,642681 1131236,642894 1131236,643221 1131236,644093 1131236,16819 643221,643239 643221,643485 643221,642847 642681,643221 642894,642621 16819,643221 16819,643239 16819
1131549,144212 1131549,650807 1131549,190706 144212,41714 144212,45605 144212
230879
1135108,1717 1135108,4330 1135108,6913 1135108,32688 1717,4330 1717,4335 1717,6913 1717,12638 4330,6913 4330
1153183,12182 1153183,264347 1153183,14807 264347,12210 12182,28649 12182,4804 12182
133550,3229 133550,5194 133550,144408 3229,29492 3229,30817 3229,6184 3229
1153811,52847 1153811,6917 1153811,75969 1153811,8821 1153811,7032 52847
1109957,28350 1109957,6213 1109957,75674 1109957,114 28350,6213 28350,4584 6213,6151 6213,887 6213
25794,50838 25794
643485,642894 643485,643221 643485,644577 643485,16819 643221,643239 643221,643485 643221,643221 642894
236759,230879 236759,2658 236759,578337 236759,696345 236759,230879 2658,2665 2658,696345 2658,205192 578337,230879 578337,2665 578337,99030 578337
593329,195792 19045,887 19045,141342 70970,608190 70970,608191 70970,82920 70970,19045 593329,70970 593329
199571
589923,149669 589923,36802 589923,77438 589923,117 149669,189708 149669,39890 149669,6214 149669
1105148,13205 1105148,13208 1105148,13212 1105148,13205 13208,13212 13208
162075,162080 162075,162075 162080,738941 162080
12182,12210 12182,28649 12182,4804 12182,10177 12210,12350 12210,4804 12210,10177 4804,12210 4804,12350 4804,9515 4804
400473,29492 400473
93755
574462,35 574462,85352 574462,210871 35,210872 35,82920 35
123556,50354 123556
430711
348305
593209
1125469,108974 1125469,293974 1125469,35778 1125469,37888 1125469,6814 1125469,73146 35778,33231 293974,37888 293974,6814 293974,6818 293974,77438 293974,36802 37888,77438 37888
27606,10177 27606,15429 10177
69392,1365 69392,240321 69392,4330 69392,12638 4330,6913 4330
1105718,3229 1105718,6184 1105718,71336 1105718,144408 3229,29492 3229,30817 3229,6184 3229,19621 6184,4584 6184,6213 6184,6214 6184
12350,15429 12350,51180 12350,12195 51180,38722 51180,67415 51180
6939,63915 6939,63931 6939
5462,910 5462
634938,287787 634938,35 634938,110041 287787,35 287787,210871 35,210872 35,82920 35
1103610,3243 1103610,8961 1103610
1140548
1124837
20526,128 20526,28227 20526,6169 20526,6213 20526,114 128,28487 128,4584 128,6213 128,4584 6213,6151 6213,887 6213,114 28227,28350 28227,6213 28227
1128437,582343 1128437,582349 1128437
99030,205192 99030,230879 99030,230879 205192,2665 205192
1000012,178209 1000012,18615 1000012,2440 1000012,3217 1000012,6935 1000012,6639 178209,1272 18615,18619 18615,2440 18615,4660 18615,6935 18615,37483 2440
6923,1272 6923,2440 6923,72908 6923,13686 1272,4584 1272,37483 2440
272345,385067 272345,5064 272345,28026 5064,5062 5064,5069 5064,5075 5064,47570 385067,5064 385067,5069 385067
593859,54131 593859,66556 593859,66564 593859,94639 593859,35 66556,575077 66556,85352 66556,103515 54131,28851 54131,35 54131,66556 54131
294030,20923 294030,20924 294030,31479 294030,39890 294030,77758 294030,51049 39890,20923 20924,289885 20924,294030 20924
73323
51045,39890 51045,51049 51045,51052 51045,51049 39890
18777
1153003,270600 1153003,34257 1153003,368605 1153003,9708 1153003,74427 34257,34257 368605,74427 368605
158614,10169 158614,10177 10169,15429 10169,158614 10169
578309,230879 578309,2665 578309,578347 578309,578365 578309,99023 578309,237489 2665,237521 2665,8581 2665,2658 578347,2665 578347,578306 578347,578309 578347,99023 578347
23502,1365 23502,23507 23502,3229 23502,330148 23502,144408 3229,29492 3229,30817 3229,6184 3229
54132
1107095,101660 1107095,101662 1107095,2440 1107095,6935 101660,101811 101662,23738 101662,37483 2440
1153897,25702 1153897,54131 1153897,94641 1153897,103515 54131,28851 54131,35 54131,66556 54131
1153724,1953 1153724,73327 1153724
56167,14531 56167,17798 56167,53942 56167
189571,16008 189571,39890 189571,714289 189571,51049 39890
59798
28447,22886 28447,6214 28447,73323 28447,95642 28447
626530
1110579,38845 1110579,91853 1110579,95188 1110579,95198 1110579,22386 38845,38846 38845,74975 38845,936 38845
16451,12337 16451,12347 16451,12350 16451,12359 16451,15429 12350,51180 12350,16476 12359,8617 12359,16485 12347
504
35335,59772 35335,35335 59772
23069,134315 23069,134320 23069,74700 23069
3218
1125895,28385 1125895,3229 1125895,144408 3229,29492 3229,30817 3229,6184 3229
163235
646357,642894 646357,645046 646357,646334 646357,643221 642894,642894 646334,645046 646334,646357 646334
416455,12576 416455,127033 416455,135130 416455,56709 416455,12576 127033,56112 127033,56115 127033,56119 127033,62718 127033,12576 135130,35 135130,56115 135130,35 12576,6213 12576,83725 12576,887 12576
436796,1365 436796,910 436796
39131,10169 39131,17798 39131,39130 39131,3240 39130,97377 39130,10177 10169,15429 10169,158614 10169
1107728
143476
60682,14531 60682
10981,6184 10981,19621 6184,4584 6184,6213 6184,6214 6184
646286,126927 646286,16819 646286,642681 646286,642894 646286,643221 646286,16819 643221,643239 643221,643485 643221,642847 642681,643221 642894,642621 16819,643221 16819,643239 16819,103543 126927,126920 126927,643221 126927,643239 126927,645897 126927
1105622
1138027,315789 1138027,7867 1138027,7867 315789
1153877
218666,424 218666,197452 424,77758 424
261040
307015,35 307015,82920 307015,210871 35,210872 35,82920 35
116545
330208
210871,210872 210871,273152 210871,35 210871,35061 210871,44514 210871,210871 273152,210872 273152,35 273152,82920 273152,210871 35,210872 35,82920 35
1123068,167670 1123068,1999 1123068,31083 1123068,3232 1123068,6782 1123068,3217 167670,3220 167670,3223 167670,3231 167670,3236 167670
14429,14428 14429,14430 14429,73119 14429
254923,1272 254923,35 254923,415693 254923,210871 35,210872 35,82920 35,13686 1272,4584 1272,287787 415693,35 415693,84021 415693
231249,35 231249,210871 35,210872 35,82920 35
205192,230879 205192,2665 205192,237489 2665,237521 2665,8581 2665
360028
15431
32276
380341
145176,24966 145176
397488,48781 397488
430329,16437 430329
239810,56167 239810
10430,10183 10430,10798 10183
126793,16819 126793,642621 16819,643221 16819,643239 16819
446271,202520 446271,202522 446271,52515 446271,3229 52515,91038 52515
62676
1104379,13885 1104379,42847 1104379,42848 1104379,910 1104379,123825 42847,13885 42847,19621 42847,910 42847,4584 13885,90888 13885
576795,35 576795,574264 576795,576725 576795,210871 35,210872 35,82920 35
628764,205196 628764,628751 628764,628888 628764,19621 628888,205196 628751,85324 628751,815073 205196,815096 205196
1106418,12182 1106418,27203 1106418,34979 1106418,86258 1106418,12210 12182,28649 12182,4804 12182
49753,49720 49753,49753 49720
1118388,15889 1118388,15892 1118388,166825 1118388,3085 15889
1128430,28412 1128430,3220 1128430,36620 1128430,10531 36620,3220 36620,3240 36620,39130 36620
411092,23738 411092,4649 411092,6741 411092,27895 23738,8224 23738
1132385,45189 1132385,89547 1132385,45188 45189,4804 45189,89547 45189
1104261
86840,10186 86840,140005 86840,18781 86840,3217 86840,5966 86840,10174 10186,10183 10186,137790 10186,2354 10186,74749 10186
114966
73972,50980 73972,73972 50980
25181,3229 25181,59798 25181,144408 3229,29492 3229,30817 3229,6184 3229
103430,75318 103430
139547,5348 139547,626999 139547,75695 139547,5348 75695,8581 75695
103482,35 103482,210871 35,210872 35,82920 35
1152711,159084 1152711,159085 1152711,241821 1152711,159084 159085,241821 159085
289779,35 289779,87417 289779,210871 35,210872 35,82920 35
190706,35 190706,41714 190706,45605 190706,35 41714,44455 41714,210871 35,210872 35,82920 35
128203,137790 128203
40131,202639 40131,24966 202639,25702 202639
160705,13136 160705,2696 160705,910 160705,5348 2696,910 13136
213246
408885
289088,50354 289088
578780,35 578780,54129 578780,54131 578780,54132 578780,210871 35,210872 35,82920 35,103515 54131,28851 54131,35 54131,66556 54131
683404,108983 683404,189856 683404,683355 683404,683360 683404,159897 683355,189623 683355,189856 683355,50336 683355,683404 683355,522338 683360,35778 108983,189566 189856,36802 189856
83725,12576 83725,56112 83725,6741 83725,12576 56112,83725 56112,35 12576,6213 12576,83725 12576,887 12576
50838
1122460,245288 1122460,910 1122460
4649
853118,853155 853118
158098,15984 158098,15987 158098,16008 158098
1953
566653,20193 566653
714256,39890 714256,51049 39890
1105810,73323 1105810,73327 1105810
102061
6639,22431 6639,3218 6639,8224 6639,75121 22431,8224 22431,85688 8224
10531,31353 10531
1952,3097 1952,1959 3097,82664 3097,82666 3097
82920
13917,13885 13917,4584 13917,4584 13885,90888 13885
1112574,10177 1112574,12210 1112574,4804 1112574,10177 12210,12350 12210,4804 12210,15429 10177,10177 4804,12210 4804,12350 4804,9515 4804
626999
1128978,578669 1128978,579008 1128978,592993 1128978,592996 1128978
940,941 940
13205
1129907,613409 1129907,77758 1129907,77758 613409
1115886
22563,23738 22563,36140 22563,8224 22563,85688 8224,27895 23738,8224 23738
22883,34961 22883,51866 22883,51879 22883,51879 51866,8703 51866,27535 34961,51866 34961
1126503,25772 1126503,50838 1126503,116528 25772,77758 25772
1105231,1026 1105231,61312 1105231
1129621,16470 1129621,16476 1129621,253971 1129621,44514 253971
1130653
154134,143323 154134,217139 154134,2354 154134,64519 154134,137790 2354,74749 2354,887 64519
1153065,1688 1153065,35 1153065,35 1688,58758 1688,210871 35,210872 35,82920 35
423816,48781 423816
128,114 128,28487 128,4584 128,6213 128,4584 6213,6151 6213,887 6213
1134348,189572 1134348,73162 1134348,16008 189572,189571 189572,714256 189572
30934,19231 30934
284414,1272 284414,13686 1272,4584 1272
20528,27631 20528,36162 20528,36167 20528,28412 27631,3229 27631,6184 27631,6214 27631,70520 27631,288 36167,4584 36167,70520 36167
12275
1120777,107569 1120777,12330 1120777,2702 1120777,400356 1120777,2702 12330,12330 107569
241821,159084 241821,159085 241821,159084 159085,241821 159085
1107808
440815,153063 440815,5086 440815,38537 153063,561568 153063,561613 153063
2658,230879 2658,2665 2658,696345 2658,237489 2665,237521 2665,8581 2665
1133390
1152075,2653 1152075,2654 1152075
92065,24966 92065,3229 92065,144408 3229,29492 3229,30817 3229,6184 3229
1152308,14531 1152308,17798 1152308,56167 1152308
278403
1136449,763009 1136449,763010 1136449
235679,235678 235679,235683 235679,235679 235678,235683 235678
308003,6923 308003,6935 308003,1272 6923,2440 6923,72908 6923
6775,6784 6775
3223
228992
1786,22563 1786,27895 1786,46547 1786,23738 22563,36140 22563,8224 22563
28350,114 28350,6213 28350,4584 6213,6151 6213,887 6213
18812
208345,10435 208345,55770 208345,55801 208345,22563 10435,22564 10435,22566 10435,208345 55801,67633 55801
6786
83746,13652 83746,13654 83746,13652 13654,80656 13654,80656 13652
27531,27530 27531,27543 27531
1105574,2665 1105574,5454 1105574,68224 1105574,237489 2665,237521 2665,8581 2665
49895
28290,12576 28290,35 28290,35 12576,6213 12576,83725 12576,887 12576,210871 35,210872 35,82920 35
235670,235678 235670,235679 235670,235683 235670,57773 235670,235678 235679,235683 235679,235679 235678,235683 235678
645870,642894 645870,643221 642894
166989
27249,23738 27249,36140 27249,46468 27249,27895 23738,8224 23738
594119
129897,154982 129897,1997 129897,3187 129897,3191 129897,5055 129897,16008 3191,3192 3191,39890 3191,5086 3191,25772 1997,3233 1997,5086 3187,1997 154982,8079 154982
110041
50337,35922 50337,50336 50337,6818 50337,28957 35922,3229 35922,4335 35922,50336 35922,35922 50336,6818 50336
74920,74937 74920
1112911,144701 1112911,22229 1112911,35 1112911,887 1112911,210871 35,210872 35,82920 35,144701 22229,35061 22229,22229 144701,35061 144701
628667,28350 628667,6213 628667,114 28350,6213 28350,4584 6213,6151 6213,887 6213
1127863,20857 1127863,72908 1127863,6923 20857
85452,10169 85452,1272 85452,13686 1272,4584 1272,10177 10169,15429 10169,158614 10169
1128208,576973 1128208,58758 1128208,58758 576973
195361,6213 195361,4584 6213,6151 6213,887 6213
119956,4330 119956,5462 119956,910 5462,12638 4330,6913 4330
11093,4330 11093,12638 4330,6913 4330
272720,192850 272720,3233 272720,36145 272720,45189 272720,45188 45189,4804 45189,89547 45189,272720 192850,3233 192850,45189 192850,8079 192850,1997 3233,3236 3233,3240 3233,49811 3233,8617 36145,8619 36145
29708,29492 29708
321861,12182 321861,2653 321861,12210 12182,28649 12182,4804 12182
187260
1129798
1246
28267
520471,1272 520471,13686 1272,4584 1272
15984
1127851,187354 1127851,20821 1127851,238099 1127851,4649 1127851,49844 1127851,3217 238099,6935 238099,3218 187354,6923 187354,22431 49844,2440 49844,49843 49844,49847 49844,8224 49844
93320,10796 93320,23507 93320,6214 93320,10798 10796,6213 10796,887 10796
148341,263069 148341
217852,23507 217852,37483 217852,64519 37483
1153064,101811 1153064,23738 1153064,12350 101811,23738 101811,27895 23738,8224 23738
41216,62417 41216
649730,123825 649730,19621 649730,853114 19621,853115 19621,853116 19621,19621 123825,649731 123825
83461,63486 83461
919885,3229 919885,144408 3229,29492 3229,30817 3229,6184 3229
100701
37483,64519 37483,887 64519
1108597
409255,7537 409255
644577,643221 644577,644427 644577,16819 643221,643239 643221,643485 643221
68463,3231 68463,5966 68463,6334 68463,10169 3231,17798 3231,39127 3231,39131 3231,6334 3231,10169 6334,3231 6334,39131 6334,6767 6334
1129442,10531 1129442,31336 1129442,31353 1129442,43698 1129442,31353 10531,10531 31336,31353 31336
1110000,137868 1110000,3187 1110000,5086 3187,38537 137868
10435,22563 10435,22564 10435,22566 10435,23738 22563,36140 22563,8224 22563
45189,45188 45189,4804 45189,89547 45189,45189 45188,89547 45188,10177 4804,12210 4804,12350 4804,9515 4804
40,141342 40,35 141342
40124,145176 40124,19697 40124,23116 40124,24966 40124,24966 145176,24966 23116,253762 23116,27627 23116,65212 23116,24966 19697
43165
434,10798 434,114 434,4649 434,6213 434,8703 434,4584 6213,6151 6213,887 6213
11148
87482,34257 87482,34263 87482,45533 87482,74427 87482,74427 34257,213246 34263,34257 34263,34266 34263,90655 34263
1130600,1365 1130600,4584 1130600,6214 1130600,628500 1130600
83847
18815
263498,35 263498,35061 263498,210871 35,210872 35,82920 35
1116410,219976 1116410,35490 1116410,91853 1116410,95188 1116410,887 35490
1129608,31353 1129608,573553 1129608
31055
644093,126927 644093,16819 644093,642681 644093,643221 644093,643239 644093,16819 643221,643239 643221,643485 643221,642847 642681,642621 16819,643221 16819,643239 16819,103543 126927,126920 126927,643221 126927,643239 126927,645897 126927
389715,107251 389715,20584 389715,22563 389715,46491 389715,46547 389715,23738 22563,36140 22563,8224 22563,22563 107251,389715 107251,46491 107251,46547 107251
636511,174418 636511,174425 636511,32276 636511,910 636511,174425 174418,32276 174418
1102442,1997 1102442,1999 1102442,25772 1997,3233 1997
1131198,307015 1131198,643199 1131198,35 307015,82920 307015
1117833
6215,6213 6215,6214 6215,887 6215,4584 6213,6151 6213,887 6213
87417,58436 87417,58453 87417,58454 87417
754594
1140231
18774,18777 18774,73146 18774
1106771,34257 1106771,45533 1106771,74427 1106771,74427 34257
1128943,578669 1128943,579008 1128943,592993 1128943,592996 1128943
1153097,7537 7532,80491 7532,7537 409255,409255 1153097,7532 1153097,7537 1153097
1106112,114 1106112,1237 1106112,28385 1106112
292277
1105505,66782 1105505,66794 1105505
1119742
95718,19697 95718,239800 95718,4335 95718,71904 95718,19697 239800,24966 239800,4335 239800,71904 239800,24966 19697
20534,13972 20534,6163 20534,6213 20534,124064 6163,6213 6163,6220 6163,6224 6163,4584 6213,6151 6213,887 6213
193352,348305 193352
116512
310742,189566 310742,3191 310742,3192 310742,16008 3191,3192 3191,39890 3191,5086 3191
58453
1131167,16819 1131167,642681 1131167,642847 642681,642621 16819,643221 16819,643239 16819
167205,8591 167205,8594 8591
628458
227178,44455 227178
1129096,28249 1129096,6213 1129096,4584 6213,6151 6213,887 6213
634904,287787 634904,35 634904,110041 287787,35 287787,210871 35,210872 35,82920 35
33823
1113934,10796 1113934,1481 1113934,20924 1113934,22875 1113934,90888 1113934,10798 10796,6213 10796,887 10796,20923 20924,289885 20924,294030 20924
683294
23774,20534 23774,6213 23774,13972 20534,6163 20534,6213 20534,4584 6213,6151 6213,887 6213
1997,25772 1997,3233 1997,116528 25772,77758 25772,1997 3233,3236 3233,3240 3233,49811 3233
36162
1152896,1959 1152896,198653 1152896,28267 1152896,3828 1152896,943 1152896,936 3828,940 3828,941 3828,943 3828,210871 198653,35 198653
1107385,107569 1107385,12330 107569
387795,128540 387795,28287 387795,35 387795,44455 387795,114 28287,28290 28287,4584 28287,56708 28287,56709 28287,28287 128540,35 128540,387795 128540,44455 128540,210871 35,210872 35,82920 35
340078,12439 340078,910 340078,22563 12439,36140 12439,910 12439
14062
158812
606479,210872 606479,44514 606479
641976,145134 641976,24966 641976,3229 641976,24966 145134,144408 3229,29492 3229,30817 3229,6184 3229
1153891,1481 1153891,15889 1153891,175909 1153891,221302 1153891,15889 221302,175909 221302,3085 221302,3085 15889
654326,3229 654326,654339 654326,144408 3229,29492 3229,30817 3229,6184 3229
41417,10435 41417,22563 10435,22564 10435,22566 10435
1154169,1365 1154169,3229 1154169,144408 3229,29492 3229,30817 3229,6184 3229
14083,62676 14083
18811
27510,103482 27510,35 27510,35 103482,210871 35,210872 35,82920 35
282700,2658 282700,230879 2658,2665 2658,696345 2658
38846,22386 38846,74975 38846
37998,13717 37998,23507 13717,63931 13717
318187
5348,2696 5348,5348 2696
258259
733576
1154524,235679 1154524,235683 1154524,57773 1154524,235678 235679,235683 235679
286500,16485 286500,35 286500,576362 286500,210871 35,210872 35,82920 35
592830,14531 592830,14549 592830,39127 592830,75969 592830,75972 592830,14545 14549,31479 14549,7047 14549
817774
78508
641956,25772 641956,370366 641956,116528 25772,77758 25772
1107367,22886 1107367,28447 1107367,95642 1107367,22886 28447,6214 28447,73323 28447,95642 28447
48555,424540 48555
3243
964248,3222 964248,3237 964248,3240 964248,97377 3240,116528 3237,3231 3237,3236 3237,49660 3237
11342,23738 11342,79809 11342,8224 11342,85688 8224,27895 23738,8224 23738
49811,1997 49811,2440 49811,25772 1997,3233 1997,37483 2440
63812
81722,35 81722,81714 81722,134219 81714,210871 81714,82920 81714,210871 35,210872 35,82920 35
575292,141342 575292,35 575292,85299 575292,35 141342,210871 35,210872 35,82920 35
753047,753070 753047,753264 753047,753265 753047
954315,72908 954315,83461 954315,63486 83461
8832,3220 8832
1114364,416964 127940,430329 127940,127940 1114364
1132083,169279 1132083,169280 1132083,6910 1132083,124224 169279,6910 169279
75695,5348 75695,8581 75695
74427,340299 74427,1365 340299,42156 340299
445938,158172 445938,18777 445938,33231 445938,6814 445938,33231 158172,6814 158172,77438 158172
20180,940 20180,941 20180,941 940
158172,33231 158172,6814 158172,77438 158172
567005,28287 567005,648232 567005,114 28287,28290 28287,4584 28287,56708 28287,56709 28287,1365 648232
18773
1136631,753047 1136631,767763 1136631,753070 753047,753264 753047,753265 753047
86258
1105221,12576 1105221,135130 1105221,56119 1105221,12576 135130,35 135130,56115 135130,35 12576,6213 12576,83725 12576,887 12576,12576 56119,35 56119,56112 56119,56115 56119,83725 56119
1152959,284023 1152959,346292 284023,93555 284023
22431,75121 22431,8224 22431,267003 75121,85688 75121,85688 8224
1125944
910,2696 5869,910 5869,910 5462,25702 910,5462 910,5869 910,77758 910,906 910
73162
141171,179702 141171,179706 141171,75318 141171,7532 141171,7537 141171,7537 7532,80491 7532
68495,10177 68495,12197 68495,12350 68495,15429 12350,51180 12350,15429 10177,10177 12197,15429 12197
1154251,10796 30895,1272 30895,3243 30895,59798 30895,8224 30895,3229 25181,59798 25181,25181 1154251,30895 1154251,3229 1154251,59798 1154251,144408 3229,29492 3229,30817 3229,6184 3229
411005,131315 411005,131317 411005,131318 411005,13212 411005,69198 411005,28504 131315,29708 131315,29723 131315,13208 131318,13212 131318,13213 131318,19697 131318,24966 131318
1153166,1953 1153166,73327 1153166
25772,116528 25772,77758 25772
594543,35 594543,54129 594543,210871 35,210872 35,82920 35
190698
1112723,145176 1112723,24974 1112723,40124 1112723,24966 145176
675649,240321 675649,25702 675649,675756 675649,910 675649
2654
239829
81714,134219 81714,210871 81714,82920 81714,210872 210871,273152 210871,35 210871,35061 210871,44514 210871
47570,10183 47570,10798 10183
1104191
193932,105865 193932,193931 193932,350319 193932,6775 350319,6784 350319,3191 105865,3192 105865
1120170,114 1120170,6215 1120170,6213 6215,6214 6215,887 6215
177998
191404
566664,20193 566664,566653 566664
714208,714289 714208
31927,194609 31927,31353 31927,563613 31927
93923,1272 93923,6923 93923,72908 93923,1272 6923,2440 6923,72908 6923,13686 1272,4584 1272
6925,57932 6925,6767 6925
1117942,114 1117942,341188 1117942,6213 1117942,114 341188,117 341188,28350 341188,28491 341188,7419 341188,4584 6213,6151 6213,887 6213
1128927
210309,15429 210309
83449,1956 83449,3085 83449,3095 83449,1955 1956,35 1956,3828 1956,936 1956,20193 3085,566653 3085,566664 3085
385572,180399 385572,25184 385572,25181 25184,27174 25184,3229 25184,3231 25184,180373 180399,3231 180399
1135115,395725 1135115,734406 1135115
1115790,227286 1115790,75983 1115790,31489 227286,48550 227286,5462 227286,910 227286
1110768,4329 1110768,4330 4329
66990,126912 66990,19621 66990,39199 66990,400356 66990,853114 19621,853115 19621,853116 19621,11093 39199,32276 39199,52515 39199
1107572,15429 1107572,19231 1107572,6125 1107572
22241,22229 22241,144701 22229,35061 22229
