1153287,145384 1153287,28504 1153287,7430 1153287,95594 1153287,145384 7430,28504 7430,365294 7430,95594 7430
39890,51049 39890
1133004,135464 1133004,2696 1133004,5348 2696
593105,22229 593105,35 593105,592993 593105,94639 593105,210871 35,210872 35,82920 35,144701 22229,35061 22229
4330,12638 4330,6913 4330
267824
3097,1959 3097,82664 3097,82666 3097
101261
192870,34257 192870,74427 34257
67292,910 67292
1113551,198653 1113551,41417 1113551,210871 198653,35 198653
294145
1113926,250566 1113926,3231 1113926,10169 3231,17798 3231,39127 3231,39131 3231,6334 3231
1119751,107177 1119751,166420 1119751,2653 1119751,5055 1119751,2653 107177
39127
1133338,1688 1133338,35 1133338,35 1688,58758 1688,210871 35,210872 35,82920 35
103543,126909 103543,126912 103543,126920 103543,126926 103543,126927 103543,126927 126920,103543 126927,126920 126927,643221 126927,643239 126927,645897 126927,126926 126909
593201
1131312,16819 643221,643239 643221,643485 643221,643221 642894,16819 1131312,642894 1131312,643221 1131312,643239 1131312,642621 16819,643221 16819,643239 16819
23448,123825 23448,1365 23448,19621 23448,853114 19621,853115 19621,853116 19621,19621 123825,649731 123825
328370,3231 328370,4330 328370,12638 4330,6913 4330,10169 3231,17798 3231,39127 3231,39131 3231,6334 3231
69284,1688 69284,35 69284,46079 69284,56115 69284,58758 69284,35 1688,58758 1688,210871 35,210872 35,82920 35,56112 56115,83725 56115
45052
74921,74937 74921
1128536,3231 1128536,3232 1128536,10169 3231,17798 3231,39127 3231,39131 3231,6334 3231
503883,287787 503883,35 503883,110041 287787,35 287787,210871 35,210872 35,82920 35
521269,1481 521269,521207 521269,1481 521207,20924 521207,5062 521207,521183 521207,55770 521207
648112,648106 648112,648112 648106,648121 648106
521207,1481 521207,20924 521207,5062 521207,521183 521207,55770 521207,20923 20924,289885 20924,294030 20924
1131557,286513 1131557,35 1131557,210871 35,210872 35,82920 35
219239,12210 12182,28649 12182,4804 12182,1246 42207,20601 42207,20602 42207,95225 42207,12182 157761,155738 157761,219239 157761,4804 157761,12182 219239,15429 219239,157761 219239,42207 219239
33303,255233 33303,3084 33303,33301 33303,5600 33303,3084 255233,5600 255233,143323 3084,198653 3084,936 3084
644448,643221 644448,16819 643221,643239 643221,643485 643221
1135345,162080 1135345,162075 162080,738941 162080
135766,4649 135766
643069,14090 643069,16819 643069,16843 643069,642621 16819,643221 16819,643239 16819
259701,35 259701,210871 35,210872 35,82920 35
160732
218682,3095 218682,83449 218682
594039
395540,230879 2658,2665 2658,696345 2658,237489 2665,237521 2665,8581 2665,2658 395540,2665 395540
353541,28389 353541,6213 353541,8703 353541,4584 6213,6151 6213,887 6213
1108570
1112319,217115 1112319,65653 1112319,89547 1112319,1272 65653,3217 65653,3235 65653,6771 65653,8224 65653,15429 217115,59626 217115
1130069
4584
1138043,66751 1138043,77108 1138043
43186
1152277,10796 30895,1272 30895,3243 30895,59798 30895,8224 30895,3229 25181,59798 25181,144408 3229,29492 3229,30817 3229,6184 3229,25181 1152277,30895 1152277,3229 1152277,59798 1152277
35070,11335 35070,3218 35070
1116530
65653,1272 65653,3217 65653,3235 65653,6771 65653,8224 65653,85688 8224,1999 6771,22563 6771,24974 6771,32083 6771,89547 6771,13686 1272,4584 1272
1116347,1365 1116347,28249 1116347,4584 1116347,6213 1116347,6216 1116347,4584 6213,6151 6213,887 6213
131122
1119180
16819,642621 16819,643221 16819,643239 16819,16819 643221,643239 643221,643485 643221
45533
243274,416964 127940,430329 127940,127940 243274
1137466,35 1137466,210871 35,210872 35,82920 35
28640,12182 28640,12210 12182,28649 12182,4804 12182
105899,27623 105899,27627 105899,28254 105899,4329 105899,4330 4329,27623 28254,27627 28254,27631 28254,27632 28254,4329 28254
1106966,13972 20534,6163 20534,6213 20534,124064 6163,6213 6163,6220 6163,6224 6163,4584 6213,6151 6213,887 6213,20534 1106966,6163 1106966,6213 1106966
626574,626530 626574,626531 626574
755082,4335 755082
1122642,34257 34266,45533 34266,74427 34266,87482 34266,74427 34257,213246 1122642,34257 1122642,34263 1122642,34266 1122642,90655 1122642,213246 34263,34257 34263,34266 34263,90655 34263
1118302,1956 1118302,263482 1118302,1955 1956,35 1956,3828 1956,936 1956
101662,101811 101662,23738 101662,12350 101811,23738 101811,27895 23738,8224 23738
1113828,248395 1113828,58552 1113828,58552 248395,248395 58552,910 58552
23545
531351,162664 531351,18770 531351,531348 531351,162664 531348,18770 531348,531351 531348,3191 162664,39890 162664
35,210871 35,210872 35,82920 35,210872 210871,273152 210871,35 210871,35061 210871,44514 210871
616336
12155,20602 12155
97892,10798 97892,1272 97892,6214 97892,85688 97892,13686 1272,4584 1272
14430
6209
1128853
646836,14062 646836,503883 646836
168332
70442,20534 70442,70444 70442,13972 20534,6163 20534,6213 20534
941
28385
631052,853114 19621,853115 19621,853116 19621,237489 2665,237521 2665,8581 2665,19621 631052,2665 631052,30817 631052,49482 631052,631015 631052
151708,4330 151708,12638 4330,6913 4330
447224,134199 447224,134219 447224,164885 447224,134199 164885,447224 164885
5194
63549,24966 63549,270456 63549
116552,35 116552,40 116552,210871 35,210872 35,82920 35
136665,114 136665
1999
1153899,108047 1153899,578646 1153899,594511 1153899,108047 578646,54129 578646,578898 578646,254923 108047,28336 108047,38205 108047,54129 108047
1131754
189856,189566 189856,36802 189856
248119,27199 248119,42221 248119,93273 248119,12194 27199,42209 27199,42221 27199
8213,114 8213,28487 8213,6209 8213
39199,11093 39199,32276 39199,52515 39199,4330 11093,3229 52515,91038 52515
1122425,117 17476,13269 17476,6385 17476,887 17476,4584 6213,6151 6213,887 6213,10183 6378,6214 6378,6385 6378,17476 1122425,18832 1122425,6213 1122425,6378 1122425
96335,3229 25181,59798 25181,144408 3229,29492 3229,30817 3229,6184 3229,25181 96335,27174 96335,3229 96335,3243 96335,59798 96335,25181 27174,3229 27174,59798 27174
168958,258259 168958,35335 168958,59772 35335
6539,12350 6539,157805 6539,85688 6539,9716 6539,15429 12350,51180 12350
60170,35797 60170,6784 60170,1786 35797,36140 35797,4330 35797,6784 35797
630890,233106 630890
19697,24966 19697
50336,35922 50336,6818 50336,28957 35922,3229 35922,4335 35922,50336 35922
119761,12638 119761,284023 119761,284025 119761,93555 119761,119761 284025,143801 284025,93555 284025,346292 284023,93555 284023
321004
644361
733534
1133010,300806 1133010,688849 1133010,52515 300806
12558,35 15670,15670 12558
342802,2695 342802,2696 342802,2698 342802,5348 342802,5348 2696,2696 2695,2698 2695,342802 2695,5348 2695
248395,58552 248395,248395 58552,910 58552
531348,162664 531348,18770 531348,531351 531348,3191 162664,39890 162664
593060,38205 593060,57119 593060,210871 38205,35 38205,887 38205
575331,35 575331,98693 575331,210871 35,210872 35,82920 35
28230
47683
1105062
1128982,54131 1128982,593544 1128982,575077 593544,103515 54131,28851 54131,35 54131,66556 54131
424,197452 424,77758 424,24966 197452,36162 197452
180301
103537,18777 103537,28957 103537
57932
1107558
2663,7047 2663
16476
237489,135464 237489,2665 237489,237489 2665,237521 2665,8581 2665
653628
593155,62329 593155
1154068,137868 1154068,444191 1154068,643695 1154068,38537 137868
592973,35 592973,210871 35,210872 35,82920 35
38845,22386 38845,38846 38845,74975 38845,936 38845,22386 38846,74975 38846
46470
34263,34257 34266,45533 34266,74427 34266,87482 34266,74427 34257,213246 34263,34257 34263,34266 34263,90655 34263
12330,2702 12330
1138619
469504,2696 469504,330208 469504,43639 469504,5348 2696
628459
1114352,1365 1114352,260121 1114352,4330 1114352,906 1114352,12638 4330,6913 4330
561238,35 561238,85352 561238,210871 35,210872 35,82920 35
671293,24966 671293,40151 671293
149669,117 149669,189708 149669,39890 149669,6214 149669,51049 39890,117 189708
1107319,12195 51180,38722 51180,67415 51180,15429 12350,51180 12350,12195 1107319,12350 1107319,51180 1107319,12350 12195,51180 12195,67415 12195
8619
763009,27530 27531,27543 27531,853114 19621,853115 19621,853116 19621,237489 2665,237521 2665,8581 2665,19621 763009,2665 763009,27531 763009
1136446,7272 1136446,756061 1136446,762980 1136446,763009 1136446,763010 1136446,763010 762980
133563,48550 133563,48555 133563,5194 133563,289945 48550,3229 48550,48555 48550,910 48550
1114526,15429 1114526,57948 1114526,6925 1114526,12210 57948,15429 57948,42221 57948,57922 57948,6925 57948
1130929,45189 45188,89547 45188,45188 1130929
1131421,648106 1131421,648112 1131421,648112 648106,648121 648106
25413,11148 25413,232605 25413,232606 25413,232606 232605,8594 232605
28471,114 28471,117 28471,6213 28471,89547 28471,4584 6213,6151 6213,887 6213
215912,194609 215912,194617 215912,10531 194617,31353 194617,31927 194617,31932 194617
646913,503883 646913,646809 646913,646900 646913,35 646809,503883 646809,8874 646809
85352,35 85352,210871 35,210872 35,82920 35
400356,12330 400356,2702 12330
1154123,641976 672070,672071 672070,24966 202639,25702 202639,202639 1154123,240321 1154123,6130 1154123,671269 1154123,672070 1154123,672064 6130,672070 6130,672071 6130
1107312,117 28278,4584 28278,6213 28278,6214 28278,910 28278,114 28387,117 28387,6196 28387,6224 28387,13195 1107312,28278 1107312,28387 1107312,7419 1107312
1153106
83826,853114 19621,853115 19621,853116 19621,144408 3229,29492 3229,30817 3229,6184 3229,1365 83826,19621 83826,3229 83826
75972,6639 178209,178209 116084,39127 116084,6639 116084,116084 75972,178209 75972,39127 75972
217984,49482 217984
735311,735303 735311,35 735303,78511 735303
467383
689152,175548 689152,289085 689152,289088 689152,50354 289088,105856 289085,264556 289085,335042 289085,689152 289085
39130,3240 39130,97377 39130,97377 3240
92589
13966
1134320,51049 1134320,73162 1134320
259772,10183 259772,10798 10183
1119505,35 1119505,375605 1119505,210871 35,210872 35,82920 35
1102625,1272 1102625,5959 1102625,5966 1102625,13686 1272,4584 1272
1102873,6184 10981,10981 1102873
696345,230879 2658,2665 2658,696345 2658,205192 578337,230879 578337,2665 578337,99030 578337,237489 2665,237521 2665,8581 2665,230879 696345,2658 696345,2665 696345,578337 696345
1131374,503877 1131374,503883 1131374,646809 1131374,35 646809,503883 646809,8874 646809
1119654
642847,38537 642847
47839
1129573,35 12576,6213 12576,83725 12576,887 12576,210871 35,210872 35,82920 35,12576 1129573,35 1129573,56115 1129573,56112 56115,83725 56115
1131314,644448 1131314,644494 1131314,644448 644494,645870 644494
444240,1272 444240,254923 444240,6334 444240,1272 254923,35 254923,415693 254923,13686 1272,4584 1272,10169 6334,3231 6334,39131 6334,6767 6334
779960
696343,230879 696343
211432,11339 211432,34708 211432,97377 211432
188471,1365 188471,4584 188471,6214 188471,628500 188471
7867,4983 7867
1126044,16474 16471,853114 19621,853115 19621,853116 19621,16471 1126044,194223 1126044,19621 1126044,523010 1126044,910 1126044,35922 194223
1153861,12330 1153861,156977 1153861,66990 1153861,2702 12330
1139195,7867 315789,315789 1139195
180399,180373 180399,3231 180399,10796 180373,27174 180373,59798 180373,77758 180373,10169 3231,17798 3231,39127 3231,39131 3231,6334 3231
231198,69198 231198
39124,3220 39124,3231 39124,8079 39124,10169 3231,17798 3231,39127 3231,39131 3231,6334 3231
11325,11335 11325,23738 11325,27895 23738,8224 23738
139865,1365 139865,179180 139865
82090,66805 82090,66809 82090,35 66805,89547 66805
189566
95719,24966 95719,32698 95719,19697 32698,4335 32698,95718 32698,95719 32698
384428
260979,37541 260979,137380 37541,46491 37541
31083
593091,14062 33907,35 33907,97390 33907,97645 33907,1688 152483,85352 152483,210871 35,210872 35,82920 35,152483 593091,33907 593091,35 593091,85352 593091,97645 593091
1127619,2440 1127619,562940 1127619,37483 2440
162080,162075 162080,738941 162080,162080 162075
1114864,14529 1114864,1481 1114864,6311 1114864,6767 1114864,20584 6311,46887 6311,8224 6311
178718
330148,1365 184918,19621 184918,23502 184918,330148 184918,853114 19621,853115 19621,853116 19621,1365 330148,184918 330148,19621 330148
656048,103531 656048,656231 103531
118873
143801,119761 143801,93555 143801,12638 119761,284023 119761,284025 119761,93555 119761
13652,80656 13652
362926
636500,147870 636500,32276 636500,25702 147870
1106401,18811 1106401,45189 1106401,45188 45189,4804 45189,89547 45189
116528
1131274,16819 1131274,644843 1131274,642621 16819,643221 16819,643239 16819
67245,31769 67245,32083 31769,3229 31769,67245 31769,67246 31769
714748,16008 189571,39890 189571,714289 189571,137130 65074,89416 65074,189571 714748,189655 714748,65074 714748,714256 714748,73162 714748
75693
1106388,267003 75121,85688 75121,11335 49843,22431 49843,2440 49843,3218 49843,8224 49843,2440 1106388,49843 1106388,5966 1106388,6935 1106388,75121 1106388,37483 2440
1154074,75318 103430,103430 1154074
1131300,137868 1131300,561809 1131300,38537 137868
1120252
1140547,35922 1140547,4335 1140547,28957 35922,3229 35922,4335 35922,50336 35922
1152421,14062 1152421,35 1152421,82920 1152421,85352 1152421,210871 35,210872 35,82920 35
24530
144679,30895 144679,58454 144679,10796 30895,1272 30895,3243 30895,59798 30895,8224 30895
1152436,940 28265,941 28265,28265 1152436
1153922,1365 161221,6213 161221,887 161221,69198 231198,161221 1153922,231198 1153922
48781,423816 48781,48781 423816
60169,1786 35797,36140 35797,4330 35797,6784 35797,35797 100961,6784 100961,100961 60169,35797 60169,60159 60169
133553,141160 133553
63835,114308 63835,64519 63835,887 114308,887 64519
206371,35 206371,69284 206371,69296 206371,210871 35,210872 35,82920 35
1138755,171954 1138755,573553 171954,67415 171954
594649,23116 576257,910 576257,210871 35,210872 35,82920 35,35 594649,575077 594649,576257 594649,593201 594649
38771
1063773
263486,1956 263486,263482 263486,1955 1956,35 1956,3828 1956,936 1956
1132887
28489
143676,102938 143676,102939 143676,1237 143676,102939 102938,1237 102938,143676 102938
179180
6771,1999 6771,22563 6771,24974 6771,32083 6771,89547 6771,23738 22563,36140 22563,8224 22563
1153943,23116 576257,910 576257,210871 35,210872 35,82920 35,35 1153943,576257 1153943,82920 1153943,85352 1153943,97390 1153943
1116594,1365 1116594,42156 1116594
217115,15429 217115,59626 217115
1111240,6784 6775,105865 193932,193931 193932,350319 193932,123556 14807,50354 14807,14807 1111240,193918 1111240,193931 1111240,193932 1111240,6775 1111240
1153860,263498 1153860,35061 1153860,8872 1153860,35 263498,35061 263498
6343
573964,35 573964,513189 573964,210871 35,210872 35,82920 35,35 513189,573964 513189,82920 513189
169279,124224 169279,6910 169279,6898 124224
1131149,24966 1131149,641956 1131149,74821 1131149
15987
191216
1134056
33013,117 33013,17476 33013,18777 33013,117 17476,13269 17476,6385 17476,887 17476
576691,513189 576691,573964 576691,82920 576691,85352 576691,35 513189,573964 513189,82920 513189
1124844,10531 194617,31353 194617,31927 194617,31932 194617,194609 31927,31353 31927,563613 31927,194617 1124844,31353 1124844,31927 1124844
126867,126868 126867
226698
368431,23738 27249,36140 27249,46468 27249,85688 8224,27249 368431,3243 368431,8224 368431
1113438,54131 141324,66556 141324,66564 141324,94639 141324,210871 35,210872 35,82920 35,141324 1113438,240791 1113438,35 1113438,35061 1113438,35852 1113438,19621 240791,35061 240791,45605 240791
51934
256106,2696 256106,2698 256106,5348 256106,5348 2696
1104787,16471 1104787,16485 1104787,16474 16471
50354,123556 50354,50354 123556
107252,23738 22563,36140 22563,8224 22563,107251 389715,20584 389715,22563 389715,46491 389715,46547 389715,22563 107251,389715 107251,46491 107251,46547 107251,107251 107252,22563 107252,389715 107252,46491 107252
18619,10798 18619,19231 18619,27627 18619
949217,119761 284025,143801 284025,93555 284025,12439 340078,910 340078,12638 4330,6913 4330,2702 12330,12330 949217,284025 949217,340078 949217,4330 949217
375825,421481 375825
6155,4584 6151,6213 6151,887 6151,4584 6213,6151 6213,887 6213,114 6155,4584 6155,6151 6155,6213 6155,6214 6155
989397,12169 989397,42221 989397,4804 989397,93273 989397,10177 4804,12210 4804,12350 4804,9515 4804
1105011
1132486,205192 578337,230879 578337,2665 578337,99030 578337,237489 2665,237521 2665,8581 2665,230879 1132486,230884 1132486,2665 1132486,578337 1132486,230879 230884,2658 230884,2665 230884
654519
293271,6213 293271,4584 6213,6151 6213,887 6213
755217,28350 13193,28489 13193,6213 13193,4584 6213,6151 6213,887 6213,114 755217,13193 755217,13195 755217,6213 755217,910 755217
9586,78511 9586,78552 9586,78557 9586,141342 78511,35 78511,78552 78511,78557 78511
48075,206524 48075,44017 48075,44017 206524
523574
31336,10531 31336,31353 31336,31353 10531
45603
182093
95225,12350 20601,20602 20601,10177 12198,12350 12198,27612 12198,12198 95225,20601 95225,20602 95225
1104055,2653 1104055,3243 1104055,36140 1104055,36145 1104055,8617 36145,8619 36145
1106789,3191 1106789,6786 1106789,16008 3191,3192 3191,39890 3191,5086 3191
1126050,13972 1126050,93318 1126050
1110628
293285,293271 293285,4584 293285,6213 293271
75969,160732 75969
1125258
284023,346292 284023,93555 284023
20592,20584 20592,31479 20592
56709,114 28287,28290 28287,4584 28287,56708 28287,56709 28287,12576 28290,35 28290,35 12576,6213 12576,83725 12576,887 12576,12576 56709,28287 56709,28290 56709,56708 56709
31097,10798 10796,6213 10796,887 10796,10796 31097
16474,12337 16474,16437 16474,16471 16474,16476 16474,16474 16471
521252,39130 521252,6343 521252,3240 39130,97377 39130
949318
133628
31932,10531 194617,31353 194617,31927 194617,31932 194617,194609 31927,31353 31927,563613 31927,194617 31932,215912 31932,31927 31932,3243 31932
693143,573535 693143,66751 693143,66751 573535,693143 573535
753070,175548 753070,753047 753070,753070 753047,753264 753047,753265 753047
111770
1114992,16474 16471,105856 273949,16471 273949,687401 273949,16471 1114992,273949 1114992
51831
66805,35 66805,89547 66805,210871 35,210872 35,82920 35
1131137,162664 39165,31479 39165,31483 39165,92589 39165,97377 3240,31483 1131137,3222 1131137,3240 1131137,39165 1131137,92589 1131137
1109873,120817 1109873,163235 1109873
1118120
212777,10798 212777,2440 212777,61417 212777,37483 2440
69397,3220 69397,6311 69397,6767 69397,20584 6311,46887 6311,8224 6311
22229,144701 22229,35061 22229,22229 144701,35061 144701
170798,1959 170798,887 170798
686559
696342,230879 696342,2658 696342,696345 696342,230879 2658,2665 2658,696345 2658
1152859
200630,32083 200630
340075,1365 340075,90888 340075,910 340075
32260,28632 32260,62274 32260,12182 28632
17488
1131305,643221 1131305,644577 1131305,16819 643221,643239 643221,643485 643221
815073
762980,763010 762980
1114512,2440 1114512,263482 1114512,263486 1114512,37483 2440
8703,10435 8703,10798 8703,4649 8703,85688 8703,22563 10435,22564 10435,22566 10435
94229,22563 94229,23738 22563,36140 22563,8224 22563
1130080
123825,19621 123825,649731 123825,853114 19621,853115 19621,853116 19621
194645,28447 194645,22886 28447,6214 28447,73323 28447,95642 28447
12238
561674,561789 561674
568857,210872 210871,273152 210871,35 210871,35061 210871,44514 210871,35 41714,44455 41714,210871 35,210872 35,82920 35,210871 568857,35 568857,41714 568857,44455 568857,576362 568857
28227,114 28350,6213 28350,4584 6213,6151 6213,887 6213,114 28227,28350 28227,6213 28227
39474,35 1688,58758 1688,35 307015,82920 307015,1688 39474,1694 39474,307015 39474,1688 1694,39474 1694
3231,10169 3231,17798 3231,39127 3231,39131 3231,6334 3231,10169 6334,3231 6334,39131 6334,6767 6334,10177 10169,15429 10169,158614 10169
116553,116545 116553,116552 116553,246618 116553,467383 116553,94641 116553,35 116552,40 116552
12210,10177 12210,12350 12210,4804 12210,15429 12350,51180 12350,15429 10177,10177 4804,12210 4804,12350 4804,9515 4804
171225,1365 171225,184918 171225,1365 184918,19621 184918,23502 184918,330148 184918
1108209,144408 3229,29492 3229,30817 3229,6184 3229,3229 118559,118559 1108209,3229 1108209
561613,153063 561613,38537 153063,561568 153063,561613 153063
1109199,35 148170,210871 35,210872 35,82920 35,148170 1109199,35 1109199,6214 1109199
78549,33818 78549,33823 78549,78557 78549,33823 33818,78552 33818,78555 33818,78557 33818,9586 33818
38480,114 38480,117 38480,6209 38480,6213 38480,6214 38480,4584 6213,6151 6213,887 6213
513189,35 513189,573964 513189,82920 513189,210871 35,210872 35,82920 35
367312,739280 367312,746058 367312
578306,2665 578306,578365 578306,99023 578306,237489 2665,237521 2665,8581 2665
10177,15429 10177
596075,1956 101143,1959 101143,82666 101143,101143 596075
28487
6224,6213 6215,6214 6215,887 6215,4584 6213,6151 6213,887 6213,114 124064,28542 124064,4584 124064,6213 124064,6214 124064,124064 6224,6213 6224,6214 6224,6215 6224,6220 6224
42847,853114 19621,853115 19621,853116 19621,19621 123825,649731 123825,123825 42847,13885 42847,19621 42847,910 42847,4584 13885,90888 13885
61312
66594,1997 3233,3236 3233,3240 3233,49811 3233,10169 3231,17798 3231,39127 3231,39131 3231,6334 3231,27530 66594,3231 66594,3232 66594,3233 66594,49660 66594
645571,440815 645571,153063 440815,5086 440815
1154124,641976 672070,672071 672070,24966 202639,25702 202639,202639 1154124,240321 1154124,6130 1154124,671269 1154124,672070 1154124,672064 6130,672070 6130,672071 6130
1110024,15889 1110024,166825 1110024,3085 15889
96847,44455 227178,124064 6163,6213 6163,6220 6163,6224 6163,227178 96847,6163 96847,6216 96847,96851 96847
6184,853114 19621,853115 19621,853116 19621,4584 6213,6151 6213,887 6213,19621 6184,4584 6184,6213 6184,6214 6184
1121313,129042 1121313,129045 1121313,1949 129042,129042 129045,3097 129045
140569,133550 140569,5194 140569,3229 133550,5194 133550
94641,575077 94641
38722,12195 38722,67415 38722,12350 12195,51180 12195,67415 12195
193918
270456
1128407,22386 1128407,38846 1128407,74975 1128407,22386 38846,74975 38846
1129629,210872 210871,273152 210871,35 210871,35061 210871,44514 210871,210871 568857,35 568857,41714 568857,44455 568857,576362 568857,210871 1129629,568857 1129629,576362 1129629,594047 1129629
20924,20923 20924,289885 20924,294030 20924,20923 294030,20924 294030,31479 294030,39890 294030,77758 294030,20923 289885,20924 289885,31479 289885,77758 289885
136767
286562
1118347
1131270,126793 1131270,38537 1131270,16819 126793
1153160,15429 1153160,6741 1153160
9581,31489 9581,633081 31489
117328
1110426,75121 22431,8224 22431,85688 8224,22431 1110426,2440 1110426,3218 1110426,8224 1110426,37483 2440
1128369,22229 1128369,22241 1128369,144701 22229,35061 22229
746058,367312 746058,739280 746058,739280 367312,746058 367312
37884,4330 37884,6814 37884,6818 37884,12638 4330,6913 4330
561364,3191 561364,3192 561364,5086 561364,16008 3191,3192 3191,39890 3191,5086 3191
1110209,134316 142268,65074 142268,87915 142268,137130 65074,89416 65074,142268 1110209,65074 1110209,87915 1110209
200480,1481 200480,3231 200480,6334 200480,6343 200480,6344 200480,10169 3231,17798 3231,39127 3231,39131 3231,6334 3231,10169 6334,3231 6334,39131 6334,6767 6334
221302,15889 221302,175909 221302,3085 221302,3085 15889,20193 3085,566653 3085,566664 3085
714289,189655 559804,39890 559804,714260 559804,714289 559804,73162 559804,51049 39890,15987 714289,39890 714289,523574 714289,559804 714289
12638,12631 12638,6898 12631
144701,22229 144701,35061 144701,144701 22229,35061 22229
686532,10531 31349,31336 31349,31353 31349,43698 31349,31353 10531,10531 31336,31353 31336,10531 686532,31336 686532,31349 686532,31353 686532,43698 686532
164,12169 4637,10177 12198,12350 12198,27612 12198,15429 10177,10177 164,12198 164,4637 164,4804 164,67415 164,10177 4804,12210 4804,12350 4804,9515 4804
1121867,154982 1121867,2654 1121867,5055 1121867,59045 1121867,8079 1121867,1997 154982,8079 154982
129045,1949 129042,1959 3097,82664 3097,82666 3097,129042 129045,3097 129045
608326,35 608326,82920 608326,210871 35,210872 35,82920 35
152227,12350 152227,15429 12350,51180 12350
23738,27895 23738,8224 23738,85688 8224
46501
633031,633030 633031,633031 633030
1121063,166989 1121063,25805 1121063,124734 25805,166989 25805,20601 25805,4804 25805
1123756,110041 287787,35 287787,210871 35,210872 35,82920 35,124952 1123756,28230 1123756,287787 1123756,35 1123756
1115701,202520 1115701,20923 1115701,20924 1115701,289885 1115701,31479 1115701,20923 20924,289885 20924,294030 20924,20923 289885,20924 289885,31479 289885,77758 289885
58552,248395 58552,910 58552,58552 248395
1122580,25772 1122580,27895 1122580,116528 25772,77758 25772
16485
131117,29492 131117,400473 131117,29492 400473
134316,23070 134307,65057 134307,65074 134307,74698 134307,74700 134307,134316 142268,65074 142268,87915 142268,137130 23070,23069 23070,65074 23070,74698 23070,87915 23070,137130 65074,89416 65074,134307 134316,134314 134316,142268 134316,23070 134316,65074 134316
1109392,152731 1109392,23507 1109392,3229 1109392,144408 3229,29492 3229,30817 3229,6184 3229,23507 152731,43186 152731
48066
84021,35 1688,58758 1688,210871 35,210872 35,82920 35,143323 84021,1688 84021,35 84021,82920 84021,98698 84021
688361,100197 688361,32083 688361,3229 100197
23258,114 28485,6209 28485,6213 28485,114 136665,114 23258,136665 23258,28485 23258,6214 23258,85299 23258
1237
644441,642681 644441,642847 642681
1125402
1106287,1365 1106287,19621 1106287,83826 1106287,83847 1106287,853114 19621,853115 19621,853116 19621
1110950
1117618,216877 1117618,216878 1117618,334153 1117618,216877 334153,216878 334153,887 334153
12247,12350 20601,20602 20601,12158 12199,12198 12199,20601 12199,20602 12199,12182 219239,15429 219239,157761 219239,42207 219239,12199 12247,20601 12247,20602 12247,219239 12247
181782,58540 181782,6209 181782,9708 181782,114 58540,6196 58540,6213 58540
210872
1102751,8687 1102751,8696 1102751,8699 1102751,8703 1102751
75674,117 75674,27623 75674
561581,38537 153063,561568 153063,561613 153063,561581 561582,561595 561582,561789 561674,153063 561581,561582 561581,561595 561581,561674 561581,153063 561595,561610 561595,561611 561595
1108656,135798 1108656,6318 1108656
1121398,35 248425,579008 248425,248425 1121398
48550,289945 48550,3229 48550,48555 48550,910 48550,144408 3229,29492 3229,30817 3229,6184 3229
62607
1130454,626530 1130454,626531 1130454
293974,33231 293974,37888 293974,6814 293974,6818 293974,77438 293974,36802 37888,77438 37888
595063,144701 595063,486840 595063,575795 595063,22229 144701,35061 144701
1112369,217984 1112369,49482 1112369,49482 217984
654339,654326 654339,3229 654326,654339 654326
1111052,13972 20534,6163 20534,6213 20534,124064 6163,6213 6163,6220 6163,6224 6163,4584 6213,6151 6213,887 6213,114 1111052,20534 1111052,6163 1111052,6213 1111052
52847,7032 52847
39126,162664 39165,31479 39165,31483 39165,92589 39165,10169 3231,17798 3231,39127 3231,39131 3231,6334 3231,10169 39126,1999 39126,31483 39126,3231 39126,39165 39126,10177 10169,15429 10169,158614 10169
1114629,28202 1114629,6169 1114629,117 28202,25791 28202,6163 28202,6213 28202
752684
1104809,52003 52000,52000 52007,52000 1104809,52003 1104809,52007 1104809,73712 52003
1109566
49482,853114 19621,853115 19621,853116 19621,144408 3229,29492 3229,30817 3229,6184 3229,1365 49482,19621 49482,3229 49482
1139928,101263 1139928,152227 1139928,28504 1139928,101261 101263,12238 101263
35061,35 141342,210871 35,210872 35,82920 35,141342 35061,32083 35061,35 35061
171954,573553 171954,67415 171954
1114502,44455 227178,1956 1817,1817 1114502,190698 1114502,227178 1114502,263279 1114502,5966 1114502,3231 263279,35 263279,8224 263279,84021 263279
8875,12576 8875,6209 8875,8865 8875,8872 8875,8874 8875,35 12576,6213 12576,83725 12576,887 12576
63915,22563 63915,36140 63915,23738 22563,36140 22563,8224 22563
20593,1272 20593,20584 20593,20592 20593,20584 20592,31479 20592,13686 1272,4584 1272
175576,15429 175576,93755 175576
3101,3097 1952,1952 1949,1953 1949,3097 1949,3112 1949,1959 3097,82664 3097,82666 3097,1949 3101,1952 3101,3097 3101
52784,175291 52784,2654 52784,36145 52784,8617 52784,2653 175291,31105 175291,35 175291,8617 175291,8619 175291,8617 36145,8619 36145
1951
562123,1365 562123,560936 562123,6784 562123,1272 560936,1365 560936,562123 560936,6784 560936
1132406,430711 671052,671052 1132406
1106849
1153736
177115
52003,73712 52003
312409
16470,12337 16470,16437 16470
57922,57948 57922,6925 57922,12210 57948,15429 57948,42221 57948,57922 57948,6925 57948
820661
521251,3232 521251,346243 521251,521183 521251,3220 346243,39130 346243
529165
95642
1108258,126867 1108258,126868 1108258,126868 126867
1131471,10169 3231,17798 3231,39127 3231,39131 3231,6334 3231,7032 52847,1999 1131471,3231 1131471,52847 1131471
950986,205196 628751,85324 628751,815073 205196,815096 205196,205196 950986,628751 950986
57948,10177 12210,12350 12210,4804 12210,57948 57922,6925 57922,12210 57948,15429 57948,42221 57948,57922 57948,6925 57948
65650,12210 12182,28649 12182,4804 12182,23738 11342,79809 11342,8224 11342,12195 38722,67415 38722,27895 23738,8224 23738,11342 65650,12182 65650,23738 65650,2653 65650,38722 65650
1129835,193352 193347,612306 193347,348305 193352,11148 1129835,193347 1129835,193352 1129835,193354 1129835
48766,35 132806,4584 132806,210871 35,210872 35,82920 35,132806 48766,35 48766,35061 48766
594047,35 41714,44455 41714,210871 35,210872 35,82920 35,35 594047,41714 594047
1107325,8224 62389,62389 1107325
108962,73146 35778,35778 108983,108963 108962,108974 108962,108983 108962,35778 108962,108962 108963,108974 108963
647408,35 647408,57119 647408,8865 647408,210871 35,210872 35,82920 35
1136447,756061 1136447,762980 1136447,763009 1136447,763010 1136447,763010 762980
189655
7276,1365 7276,19621 7276,7272 7276,7297 7276,853114 19621,853115 19621,853116 19621
180187,8594 180187
1112106,154023 1112106,154047 1112106,154047 154023
1132157,3222 1132157,3223 1132157
20942,10796 20942,3232 20942,10798 10796,6213 10796,887 10796
1152663,6213 218410,218410 1152663
1130915,3229 1130915,633721 1130915,144408 3229,29492 3229,30817 3229,6184 3229
28632,12182 28632,12210 12182,28649 12182,4804 12182
1956,1955 1956,35 1956,3828 1956,936 1956,210871 35,210872 35,82920 35,936 3828,940 3828,941 3828,943 3828
135798
8699,10798 10796,6213 10796,887 10796,10169 3231,17798 3231,39127 3231,39131 3231,6334 3231,10796 8699,3231 8699,5966 8699
1115670,151430 1115670,6935 1115670,101811 151430,2440 151430
1133008
3828,936 3828,940 3828,941 3828,943 3828,941 940
27199,12194 27199,42209 27199,42221 27199,42221 42209
240791,19621 240791,35061 240791,45605 240791,853114 19621,853115 19621,853116 19621
1122704,2665 1122704,325314 1122704,237489 2665,237521 2665,8581 2665
1131163
1120563,28026 5064,5062 5064,5069 5064,5075 5064,177115 5069,28026 5069,5062 5069,5064 5069,5075 5069,1481 1120563,5062 1120563,5064 1120563,5069 1120563,5075 1120563
118260,118259 230300,118260 230300,6216 230300,6209 118259,118259 118260,230300 118260,6209 118260
28641,12182 28641,2653 28641,28640 28641,6125 28641,12210 12182,28649 12182,4804 12182
155277
245288
1117249,12210 12182,28649 12182,4804 12182,12182 1117249
628500,1365 628500,188471 628500,4584 628500,6214 628500,1365 188471,4584 188471,6214 188471,628500 188471
1123991
1121537,20601 1121537,20602 1121537,416867 1121537,12350 20601,20602 20601
646334,642894 646334,645046 646334,646357 646334,643221 642894
1134022,35 1688,58758 1688,14062 33907,35 33907,97390 33907,97645 33907,1688 1134022,33907 1134022
59626
646440,153063 561581,561582 561581,561595 561581,561674 561581,561581 646440
1128151,210872 210871,273152 210871,35 210871,35061 210871,44514 210871,210871 1128151
263279,85688 8224,210871 35,210872 35,82920 35,10169 3231,17798 3231,39127 3231,39131 3231,6334 3231,143323 84021,1688 84021,35 84021,82920 84021,98698 84021,3231 263279,35 263279,8224 263279,84021 263279
29492
51834,124296 51834,46491 51834,66782 51834,33412 124296
152219,131117 152219,16437 152219,29492 152219,29492 131117,400473 131117
91853,940 20180,941 20180,20179 20178,91852 20178,91853 20178,20178 91853,20179 91853,20180 91853,20193 91853
1131466,79809 1131466,79817 1131466
7272
96845,59715 96845,63486 96845,66563 96845,35 66563,54131 66563,66556 66563,66564 66563
481073,134060 481073,35863 134060
1120059,5348 75695,8581 75695,135464 237489,2665 237489,237489 1120059,75695 1120059,8581 1120059
1153056,28487 1153056,6196 1153056,114 6196,4584 6196,6214 6196
463825,11342 463825,2654 463825,49811 463825,6782 463825,23738 11342,79809 11342,8224 11342
561809
1125993
189708,117 189708
608191,141342 608191,575077 608191,608190 608191,35 141342
1071981,35 12576,6213 12576,83725 12576,887 12576,12576 1071981
1131607,230879 2658,2665 2658,696345 2658,237489 2665,237521 2665,8581 2665,230884 1131607,2658 1131607,2665 1131607,230879 230884,2658 230884,2665 230884
184157,17201 184157,17208 184157,13193 17208,17201 17208,36131 17208,6213 17208
12197,10177 12197,15429 12197,15429 10177
107569,12330 107569,2702 12330
51049
15889,3085 15889,20193 3085,566653 3085,566664 3085
595056,38205 595056,48766 595056,57119 595056,6213 595056,887 595056,4584 6213,6151 6213,887 6213,210871 38205,35 38205,887 38205
417017,267003 75121,85688 75121,10798 10796,6213 10796,887 10796,10796 417017,3218 417017,6741 417017,75121 417017
24974
66556,35 66556,575077 66556,85352 66556,210871 35,210872 35,82920 35
31105
84459,13885 84459,6238 84459,4584 13885,90888 13885
1385,4584 6151,6213 6151,887 6151,114 28287,28290 28287,4584 28287,56708 28287,56709 28287,22563 13686,27535 13686,40135 13686,6184 13686,4584 6213,6151 6213,887 6213,13686 1385,28287 1385,6151 1385,6213 1385
633030,633031 633030,633030 633031
561595,153063 561595,561610 561595,561611 561595,38537 153063,561568 153063,561613 153063,153063 561610,561611 561610
1107171,103528 103529,3112 103529,89308 103528,656231 103531,103528 1107171,103529 1107171,103531 1107171,3084 1107171,143323 3084,198653 3084,936 3084
1111899,3097 1952,1955 1956,35 1956,3828 1956,936 1956,1952 1111899,1956 1111899,936 1111899
13136,910 13136
643003,16819 643003,642621 16819,643221 16819,643239 16819
59772,35335 59772,59772 35335
613409,77758 613409
1104435
447250,144408 3229,29492 3229,30817 3229,6184 3229,3229 100197,19621 123825,649731 123825,100197 447250,123825 447250,240321 447250,3229 447250
650814,182094 650814,190706 182094,41714 182094
1128997,35 148170,22229 144701,35061 144701,144701 1128997,148170 1128997,38205 1128997,210871 38205,35 38205,887 38205
1154176,58758 33895,210871 35,210872 35,82920 35,33895 1154176,35 1154176
1154071,644361 645016,644363 645016,644843 645016,645452 645016,645016 1154071
27246
1134865,48781 397488,48781 423816,100935 1134865,397488 1134865,423816 1134865,48781 1134865,97390 100935
175548
197783,213279 197783,2653 197783,2654 197783,12330 213279
66809
154023,154047 154023
175291,2653 175291,31105 175291,35 175291,8617 175291,8619 175291,210871 35,210872 35,82920 35
74749,137790 74749,2354 74749,137790 2354,74749 2354
470511,3112 470511,77826 470511,77829 470511,77826 3112,77829 3112
884094,31489 632796,633081 632796,31489 40605,633081 40605,633585 40605,31489 633585,9581 633585,40605 884094,632796 884094,633585 884094
1031453,1365 1031453,4584 1031453
899085
23546,2440 23546,37483 2440
68115
1153942,38205 1153942,57119 1153942,210871 38205,35 38205,887 38205
13717,23507 13717,63931 13717
56708
72101,12347 72101,3229 72101,144408 3229,29492 3229,30817 3229,6184 3229,16485 12347
503871,240791 503871,35061 503871,45605 503871,19621 240791,35061 240791,45605 240791
121792
1128204,35 1128204,58758 1128204,210871 35,210872 35,82920 35
503877,141324 503877,54131 141324,66556 141324,66564 141324,94639 141324
711527,216878 711527,57764 711527
1107215,3097 1952,20534 70442,70444 70442,1952 1107215,70442 1107215,70444 1107215
672071,641976 672071,672070 672071,641976 672070,672071 672070
1132418,24966 145176,144408 3229,29492 3229,30817 3229,6184 3229,145176 1132418,3229 1132418,40151 1132418,671269 1132418
84695
27627,24966 27627
10174
1128227,503883 577331,647447 577331,210871 35,210872 35,82920 35,220420 1128227,35 1128227,44368 1128227,577331 1128227
27174,3229 25181,59798 25181,144408 3229,29492 3229,30817 3229,6184 3229,25181 27174,3229 27174,59798 27174
1130678,630890 1130678,83847 1130678,233106 630890
645897,16819 643221,643239 643221,643485 643221,126927 126920,440815 645571,126920 645897,126927 645897,643221 645897,644577 645897,645571 645897,103543 126927,126920 126927,643221 126927,643239 126927,645897 126927
662279
18832
102879,9513 102879,9515 102879,102879 9513,102884 9513,15429 9513,77515 9513,9515 9513
1108267,12576 127033,56112 127033,56115 127033,56119 127033,62718 127033,10798 10183,20923 20924,289885 20924,294030 20924,10183 1108267,127033 1108267,1481 1108267,20924 1108267,28230 1108267
662416,6898 12631,12638 263553,6910 263553,12631 662416,12638 662416,263553 662416,6910 662416
8617
50381,32688 1717,4330 1717,4335 1717,6913 1717,12195 51180,38722 51180,67415 51180,1717 50381,51180 50381,62274 50381
1050679,1786 35797,36140 35797,4330 35797,6784 35797,144408 3229,29492 3229,30817 3229,6184 3229,210871 35,210872 35,82920 35,3229 1050679,35 1050679,35797 1050679,427606 1050679
3085,20193 3085,566653 3085,566664 3085
252725
642621
1152179
28851,35 28851,210871 35,210872 35,82920 35
1128935,39127 1128935,592826 1128935,592830 1128935,75969 1128935,75972 1128935,14531 592830,14549 592830,39127 592830,75969 592830,75972 592830
1103315,128 20526,28227 20526,6169 20526,6213 20526,27631 20528,36162 20528,36167 20528,13972 20534,6163 20534,6213 20534,4584 6213,6151 6213,887 6213,114 1103315,20526 1103315,20528 1103315,20534 1103315,6213 1103315
56119,12576 56112,83725 56112,35 12576,6213 12576,83725 12576,887 12576,210871 35,210872 35,82920 35,12576 56119,35 56119,56112 56119,56115 56119,83725 56119,56112 56115,83725 56115
27514,103482 27514,35 103482
110162,110163 110162,3095 110162,3101 110162,337766 110162,110162 110163,1955 110163,3095 110163,3101 110163,3112 110163
154047,154023 154047,154047 154023
149139
1119708,35 141342,210871 35,210872 35,82920 35,14062 1119708,141342 1119708,141347 1119708,35 1119708,82920 1119708,14062 141347,35 141347
2695,5348 2696,2695 342802,2696 342802,2698 342802,5348 342802,2696 2695,2698 2695,342802 2695,5348 2695
40886
1109439,25772 1997,3233 1997,12638 4330,6913 4330,1997 1109439,4330 1109439,7032 1109439
397590,155158 397590
189577,15984 189577,16008 189577,28957 189577,3229 189577,144408 3229,29492 3229,30817 3229,6184 3229
28504
156794
15892,15889 15892,3085 15889
20920,18811 20920,18812 20920,18815 20920
33904,58758 33895,210871 35,210872 35,82920 35,33895 33904,35 33904,503893 33904
1104449,18815 1104449,24966 1104449,4330 1104449,12638 4330,6913 4330
708945,15076 708945,191222 708945,307336 708945,24043 15076,32276 15076,174418 307336,3243 307336
1153946
948147,19621 948147,733534 948147,853114 19621,853115 19621,853116 19621
735303,141342 78511,35 78511,78552 78511,78557 78511,210871 35,210872 35,82920 35,35 735303,78511 735303
49844,22431 49847,2440 49847,49843 49847,8224 49847,75121 22431,8224 22431,85688 8224,11335 49843,22431 49843,2440 49843,3218 49843,8224 49843,22431 49844,2440 49844,49843 49844,49847 49844,8224 49844,37483 2440
1112686,143476 1112686,18777 1112686,18811 1112686
32872,117 32872,17201 32872,17208 32872,13193 17208,17201 17208,36131 17208,6213 17208
18834,56709 18834,86359 18834
1130856,110041 287787,35 287787,210871 35,210872 35,82920 35,287787 1130856,35 1130856
459216,22229 459216,144701 22229,35061 22229
1134197
230884,230879 2658,2665 2658,696345 2658,237489 2665,237521 2665,8581 2665,230879 230884,2658 230884,2665 230884
1125906,35778 519318,519318 1125906
1140289,853155 853118,144408 3229,29492 3229,30817 3229,6184 3229,3229 1140289,853118 1140289
1131335,16819 643221,643239 643221,643485 643221,643221 642894,642894 1131335,643221 1131335
1138968,262178 1138968,427606 1138968,575292 1138968,141342 575292,35 575292,85299 575292
58436
198653,210872 210871,273152 210871,35 210871,35061 210871,44514 210871,210871 35,210872 35,82920 35,210871 198653,35 198653
108963,108962 108963,108974 108963,108963 108962,108974 108962,108983 108962,35778 108962
1119216,14429 1119216,14430 1119216,34082 1119216,14428 14429,14430 14429,73119 14429
131318,13205 13208,13212 13208,24966 19697,13208 131318,13212 131318,13213 131318,19697 131318,24966 131318
37888,36802 37888,77438 37888
153598,28491 153598,6213 153598,4584 6213,6151 6213,887 6213
1153014,189566 1153014,318071 1153014
523394,15987 523394,16008 523394,39890 523394,523574 523394,51049 39890
1152358,110041 1152358,14062 1152358,82920 1152358,97390 1152358,98693 1152358
1112417
151430,101811 151430,2440 151430,12350 101811,23738 101811,37483 2440
562940
1153577,58758 33895,210871 35,210872 35,82920 35,33895 1153577,35 1153577,503877 1153577,503883 1153577,503893 1153577
1153150,137359 1153150,1956 1153150,3223 1153150,1955 1956,35 1956,3828 1956,936 1956
592993
4329,4330 4329,12638 4330,6913 4330
54131,35 103515,8865 103515,210871 35,210872 35,82920 35,35 66556,575077 66556,85352 66556,35 28851,103515 54131,28851 54131,35 54131,66556 54131
114308,887 114308
62417,4335 62417
1113534
22869,83449 22869
28389
1123689,23738 189574,51049 39890,189574 1123689,39890 1123689
1130680,5454 1130680,582139 1130680,68224 1130680,2665 582139,68224 582139
22876,34961 22883,51866 22883,51879 22883,83449 22869,22869 22876,22874 22876,22875 22876,22883 22876,218682 22874,83449 22874
1272,13686 1272,4584 1272,22563 13686,27535 13686,40135 13686,6184 13686
52515,3229 52515,91038 52515,144408 3229,29492 3229,30817 3229,6184 3229
6170,114 6170,117 6170
55801,208345 55801,67633 55801,10435 208345,55770 208345,55801 208345
89416,504 89416,506 89416,504 506,89416 506
70444
289780,35 289779,87417 289779,35 289781,87417 289781,210871 35,210872 35,82920 35,289779 289780,289781 289780,35 289780,87417 289780
166420
134219
170338,13212 170338,17476 170338,6169 170338,117 17476,13269 17476,6385 17476,887 17476
308529,114 28287,28290 28287,4584 28287,56708 28287,56709 28287,12576 28290,35 28290,28287 308529,28290 308529,56708 308529,56709 308529
643777,200630 643734,643735 643734,643734 643777
626531,626530 626531
739816
249421,18313 249421,219446 249421,35 249421,210871 35,210872 35,82920 35
1103016,14083 1103016,14090 1103016,62676 14083
424540,179702 424540,18536 424540
1120444,22886 28447,6214 28447,73323 28447,95642 28447,175909 112787,112787 1120444,22886 1120444,28447 1120444,6767 1120444
1120211,1365 1120211,30817 1120211
36167,288 36167,4584 36167,70520 36167,40151 288
1110531,97377 3240,114308 63835,64519 63835,23507 13717,63931 13717,13717 1110531,3240 1110531,63835 1110531
1133469
1130634,10531 1130634,3220 1130634,31353 10531
1129040
28456,117 17476,13269 17476,6385 17476,887 17476,101261 101263,12238 101263,101263 28456,17476 28456,57119 28456,61069 28456,887 28456
132821
561593,153063 561593,38537 153063,561568 153063,561613 153063
188318,1786 35797,36140 35797,4330 35797,6784 35797,103482 27510,35 27510,1365 188318,27510 188318,35797 188318
1154525,1213 1154525,8591 1154525,8594 1154525,8594 8591,8594 1213
987188,13652 13654,80656 13654,13654 119686,13658 119686,118873 987188,119686 987188,13654 987188,13658 987188
46468,12638 4330,6913 4330,4330 4329,4329 46468,4330 46468,4335 46468
695284,132821 695284,66751 695284,693143 695284
1110520,5869 1110520,910 1110520,2696 5869,910 5869
400455,368657 400455,400455 368657
6334,10169 6334,3231 6334,39131 6334,6767 6334,10169 3231,17798 3231,39127 3231,39131 3231,6334 3231,10177 10169,15429 10169,158614 10169
648232,1365 648232
1107355,4584 6151,6213 6151,887 6151,114 28287,28290 28287,4584 28287,56708 28287,56709 28287,22563 13686,27535 13686,40135 13686,6184 13686,4584 6213,6151 6213,887 6213,13686 1107355,28287 1107355,6151 1107355,6213 1107355
5454
1131195
1115677,3220 1115677,6311 1115677,20584 6311,46887 6311,8224 6311
44121
134060,35863 134060,28359 35863,3229 35863,6213 35863
1117501,66990 1117501,83847 1117501
1129018,35 1129018,94641 1129018,210871 35,210872 35,82920 35
463
1136442
1152633,17208 1152633,36131 1152633,37888 1152633,77438 1152633,36802 37888,77438 37888,13193 17208,17201 17208,36131 17208,6213 17208
75983
1110028,166989 1110028,25805 1110028,124734 25805,166989 25805,20601 25805,4804 25805
1123553,6213 1123553,6216 1123553,4584 6213,6151 6213,887 6213
129896,16008 3191,3192 3191,39890 3191,5086 3191,5086 3187,3187 129896,3191 129896,3192 129896,5086 129896
1103394,23738 22563,36140 22563,8224 22563,22563 10435,22564 10435,22566 10435,10435 1103394,22563 1103394,22564 1103394,22566 1103394
34961,51879 51866,8703 51866,51866 27535,8703 27535,27535 34961,51866 34961
110164,110162 110163,1955 110163,3095 110163,3101 110163,3112 110163,110163 110162,3095 110162,3101 110162,337766 110162,110162 110164,110163 110164,261040 110164,3101 110164,3112 110164,77826 3112,77829 3112
189623
368605,34257 368605,74427 368605,74427 34257
13885,4584 13885,90888 13885
1106298,84020 1106298,84021 1106298,143323 84021,1688 84021,35 84021,82920 84021,98698 84021
739707,162080 739707,162075 162080,738941 162080
10169,10169 158614,15429 10177,10177 10169,15429 10169,158614 10169
645452
1095507,77438 106590,90470 106590,108963 108962,108974 108962,108983 108962,35778 108962,108962 108963,108974 108963,106590 1095507,108962 1095507,108963 1095507
1123530,35 66563,54131 66563,66556 66563,66564 66563,54131 459213,103515 459214,243483 459214,54131 459214,459206 1123530,459213 1123530,459214 1123530,459216 1123530,66563 1123530
787016,210871 35,210872 35,82920 35,35 513189,573964 513189,82920 513189,35 787016,513189 787016,573964 787016
1136040
104840,3231 104840,8696 104840,8699 104840,8703 104840,10169 3231,17798 3231,39127 3231,39131 3231,6334 3231
8591,8594 8591
100935,97390 100935
1117786,187354 1117786,2440 1117786,63931 1117786,3218 187354,6923 187354,37483 2440
928873,24043 928873,340078 928873,370366 928873,12439 340078,910 340078
415693,110041 287787,35 287787,210871 35,210872 35,82920 35,143323 84021,1688 84021,35 84021,82920 84021,98698 84021,287787 415693,35 415693,84021 415693
523010
17208,28350 13193,28489 13193,6213 13193,4584 6213,6151 6213,887 6213,13193 17208,17201 17208,36131 17208,6213 17208
644427
28957
1153264,11335 1153264,3218 1153264
8874
51909,51879 51909,6741 51909,8703 51909
521183
112099
40135
1109581,117 1109581,156794 1109581,1919 1109581,24530 1109581,7419 1109581,35778 1919
14428
672064,24966 202639,25702 202639,4584 6213,6151 6213,887 6213,202639 672064,6213 672064
6130,672064 6130,672070 6130,672071 6130,641976 672070,672071 672070
54844,7047 54844
141347,14062 141347,35 141347,210871 35,210872 35,82920 35
594511
1116397,20193 1116397,38829 1116397,91853 1116397,117328 38829,20178 38829,64271 38829
38205,210872 210871,273152 210871,35 210871,35061 210871,44514 210871,210871 35,210872 35,82920 35,210871 38205,35 38205,887 38205
1103737,1997 3233,3236 3233,3240 3233,49811 3233,12638 4330,6913 4330,3222 1103737,3233 1103737,4330 1103737,8079 1103737
162664,16008 3191,3192 3191,39890 3191,5086 3191,51049 39890,3191 162664,39890 162664
235678,235679 235678,235683 235678,235678 235679,235683 235679
377303,195792 377303,251756 195792,62329 195792
134199
1133428,230879 1133428,696343 1133428,230879 696343
259702,35 640617,85352 640617,210871 35,210872 35,82920 35,35 259702,640617 259702,82920 259702
650834,240791 650834,594047 650834,62329 650834,19621 240791,35061 240791,45605 240791
1153889
1105433,23116 1105433,24966 1105433,65212 1105433,24966 23116,253762 23116,27627 23116,65212 23116
1125393,47682 1125393,509379 1125393,63812 1125393,3233 509379,63486 509379
1133196,175256 1133196,35 1133196,210871 35,210872 35,82920 35
74975
1152307,36162 1152307,40151 1152307,6334 1152307,10169 6334,3231 6334,39131 6334,6767 6334
8961
1128314,35 103515,8865 103515,210871 35,210872 35,82920 35,103515 1128314,35 1128314,579108 1128314
1127812,158812 1127812,219446 1127812,249421 1127812,567018 1127812,18313 249421,219446 249421,35 249421
1153866,8224 133615,85688 8224,133615 1153866,8224 1153866
141596
194223,35922 194223,28957 35922,3229 35922,4335 35922,50336 35922
1114605,1365 1114605,26850 1114605,1365 26850
887,210872 210871,273152 210871,35 210871,35061 210871,44514 210871,210871 35,210872 35,82920 35,210871 198653,35 198653,198653 887,210871 887,35 887
56115,56112 56115,83725 56115,12576 56112,83725 56112
714879,189655 714260,714256 714260,73162 714260,653441 189774,714208 189774,73162 189774,189774 714879,714260 714879,73162 714879
575077,210872 210871,273152 210871,35 210871,35061 210871,44514 210871,210871 35,210872 35,82920 35,210871 575077,35 575077
1131828,103531 656048,656048 1131828
1034,35852 1035,45605 1035,35 1033,41714 1033,45605 1033,1026 1034,1033 1034,1035 1034
86923,18532 86923,18536 86923,86923 18532
22566,23738 22563,36140 22563,8224 22563,22563 10435,22564 10435,22566 10435,10435 22566,22563 22566,22564 22566
289885,20923 289885,20924 289885,31479 289885,77758 289885,20923 20924,289885 20924,294030 20924
66751
175256
1112194,52003 1112194,73712 1112194,73712 52003
686015,27623 686015,27627 686015,28254 686015,75674 686015,27623 28254,27627 28254,27631 28254,27632 28254,4329 28254
2440,37483 2440,64519 37483
1112665
120013,25791 45212,46887 45212,12638 4330,6913 4330,4330 120013,45212 120013
112813
35343,59772 35335,144408 3229,29492 3229,30817 3229,6184 3229,25181 27174,3229 27174,59798 27174,27174 35343,3229 35343,35335 35343
591017,22431 6639,3218 6639,8224 6639,37483 2440,2440 591017,591016 591017,6639 591017,75969 591017
105057,12439 105057,27895 105057,36140 105057,8079 105057,22563 12439,36140 12439,910 12439
27543
582343,50838 25794,1272 18615,18619 18615,2440 18615,4660 18615,6935 18615,37483 2440,18615 582343,2440 582343,25794 582343,46452 582343,4660 582343
42209,42221 42209
194609
95589,145384 95589,28504 95589,6214 95589,95586 95589,95594 95589
815096,205196 815096,574264 815096,815073 205196,815096 205196
1213,8594 1213
643199,35 307015,82920 307015,307015 335733,35 335733,307015 643199,335733 643199
126128
1153254,37483 2440,2440 1153254
134128,6213 218410,124064 6163,6213 6163,6220 6163,6224 6163,4584 6213,6151 6213,887 6213,218410 134128,6163 134128,6213 134128,6220 134128,887 134128
1109891,133550 1109891,141160 1109891,16485 1109891,3229 133550,5194 133550
583318,152483 583318,177998 583318,1688 152483,85352 152483
1123087,24966 202639,25702 202639,33823 33818,78552 33818,78555 33818,78557 33818,9586 33818,16476 1123087,16485 1123087,202639 1123087,33818 1123087,94229 1123087
1133930
44368,35 1688,58758 1688,210871 35,210872 35,82920 35,14062 44368,1688 44368,35 44368
1102646,6539 1102646,66794 1102646,12350 6539,157805 6539,85688 6539,9716 6539
1117760,4584 6213,6151 6213,887 6213,218410 134128,6163 134128,6213 134128,6220 134128,887 134128,134128 1117760,6213 1117760,7419 1117760
593248,152483 593091,33907 593091,35 593091,85352 593091,97645 593091,593091 593248
36145,8617 36145,8619 36145
64519,887 64519
3112,77826 3112,77829 3112
4274
763010,7297 763010
18536
1131334,643221 1131334,643239 1131334,644577 1131334,16819 643221,643239 643221,643485 643221
6169,28227 6169,114 28227,28350 28227,6213 28227
1128856,591016 1128856,591017 1128856,75969 1128856,2440 591017,591016 591017,6639 591017,75969 591017
30901,10796 30895,1272 30895,3243 30895,59798 30895,8224 30895,27249 368431,3243 368431,8224 368431,13686 1272,4584 1272,11339 30901,1272 30901,30895 30901,3243 30901,368431 30901
105865,3191 105865,3192 105865,16008 3191,3192 3191,39890 3191,5086 3191
152731,23507 152731,43186 152731
4804,15429 12350,51180 12350,10177 12210,12350 12210,4804 12210,15429 10177,10177 4804,12210 4804,12350 4804,9515 4804
133567
656231,170798 656231,1959 170798,887 170798
1103383,22229 1103383,22241 1103383,144701 22229,35061 22229
1152676,57119 1152676,8875 1152676
617378
12195,12195 51180,38722 51180,67415 51180,15429 12350,51180 12350,12350 12195,51180 12195,67415 12195
1114184
1128977,467383 1128977,593060 1128977
1131719,193352 193347,612306 193347,348305 193352,8594 180187,11148 1131719,180187 1131719,193347 1131719,193352 1131719,612306 1131719
1153280,14062 1153280,35 1153280,82920 1153280,85352 1153280,210871 35,210872 35,82920 35
1694,1688 1694,39474 1694,35 1688,58758 1688
263069
3237,116528 3237,3231 3237,3236 3237,49660 3237,10169 3231,17798 3231,39127 3231,39131 3231,6334 3231
28542
58540,114 6196,4584 6196,6214 6196,4584 6213,6151 6213,887 6213,114 58540,6196 58540,6213 58540
116021,27627 116021
22874,218682 22874,83449 22874,3095 218682,83449 218682
96851
1139009
6784
1152904,29723 35905,910 35905,28957 35922,3229 35922,4335 35922,50336 35922,31353 1152904,35905 1152904,35922 1152904
36131
94953
643695
27241
1105698
28254,28412 27631,3229 27631,6184 27631,6214 27631,70520 27631,4330 4329,27623 28254,27627 28254,27631 28254,27632 28254,4329 28254
8687,155158 8687
7022,144408 3229,29492 3229,30817 3229,6184 3229,3229 7022
46079,35 46079,210871 35,210872 35,82920 35
23507,1365 23502,23507 23502,3229 23502,330148 23502,6184 10981,23507 152731,43186 152731,10981 23507,1365 23507,152731 23507,23502 23507
195150,6639 178209,178209 116084,39127 116084,6639 116084,116084 195150,178209 195150,39127 195150
3084,143323 3084,198653 3084,936 3084,210871 198653,35 198653
27230,2440 23546,13686 1272,4584 1272,37483 2440,1272 27230,23546 27230,2440 27230
1115471,3231 1115471,52835 1115471,10169 3231,17798 3231,39127 3231,39131 3231,6334 3231
118558
307336,174418 307336,3243 307336,174425 174418,32276 174418
4335
6214,4584 6151,6213 6151,887 6151,4584 6213,6151 6213,887 6213,117 6214,4584 6214,6151 6214,6213 6214
1113035,5348 2696,5348 75695,8581 75695,237489 2665,237521 2665,8581 2665,2665 1113035,2696 1113035,75695 1113035
1131223,38537 153063,561568 153063,561613 153063,153063 561593,153063 1131223,561593 1131223
22875
6238
1154076,503877 1154076,503883 1154076,646809 1154076,647315 1154076,35 646809,503883 646809,8874 646809
1153169,10169 3231,17798 3231,39127 3231,39131 3231,6334 3231,10169 6334,3231 6334,39131 6334,6767 6334,3231 1153169,6334 1153169
1116842,2653 1116842,2654 1116842
1152944,18834 1152944,86359 1152944,56709 18834,86359 18834
197054,190706 182094,41714 182094,35 41714,44455 41714,210871 35,210872 35,82920 35,182093 197054,182094 197054,35 197054,41714 197054,8872 197054
1133028,1997 154982,8079 154982,154982 1133028
449841,135766 449841,4649 449841,6917 449841,4649 135766
136768,2440 136768,63931 136768,9708 136768,37483 2440
108047,108047 28336,117315 28336,54129 28336,1272 254923,35 254923,415693 254923,210871 38205,35 38205,887 38205,254923 108047,28336 108047,38205 108047,54129 108047
643735
1114777,112099 1114777,20193 1114777,208345 1114777,55770 1114777,67633 1114777,10435 208345,55770 208345,55801 208345
1108169,24966 124828,5348 2696,2696 2695,2698 2695,342802 2695,5348 2695,124828 1108169,2695 1108169,2696 1108169
1110998,1786 35797,36140 35797,4330 35797,6784 35797,103482 27510,35 27510,1365 188318,27510 188318,35797 188318,1365 1110998,188318 1110998,27510 1110998,35797 1110998
576362
358887
1152244,20193 1152244,38829 1152244,64271 1152244,117328 38829,20178 38829,64271 38829
286513
12960,19231 30934,27627 116021,116021 12960,19231 12960,30934 12960,33325 12960
126927,16819 643221,643239 643221,643485 643221,126927 126920,126909 103543,126912 103543,126920 103543,126926 103543,126927 103543,103543 126927,126920 126927,643221 126927,643239 126927,645897 126927
118682,162664 39165,31479 39165,31483 39165,92589 39165,3191 162664,39890 162664,162664 118682,31483 118682,39165 118682
14531
561610,153063 561610,561611 561610,38537 153063,561568 153063,561613 153063
1154012,626530 1154012,626574 1154012
12347,16485 12347
41666,15429 41666,23116 41666,24966 23116,253762 23116,27627 23116,65212 23116
262121
81350,114 6196,4584 6196,6214 6196,12195 38722,67415 38722,18832 81350,38722 81350,6196 81350
120039,3220 120039,34708 120039,36620 120039,10531 36620,3220 36620,3240 36620,39130 36620
126909,126926 126909
645046,642894 645046,643221 642894
99023,230879 2658,2665 2658,696345 2658,205192 578337,230879 578337,2665 578337,99030 578337,237489 2665,237521 2665,8581 2665,2658 99023,2665 99023,578337 99023
6217,10796 6217,28412 6217,10798 10796,6213 10796,887 10796
308920,15984 308920,16008 308920,3191 308920,16008 3191,3192 3191,39890 3191,5086 3191
289085,105856 289085,264556 289085,335042 289085,689152 289085,133553 105856,133563 105856,16485 105856,175548 105856
9708,6741 9708
77108
42848
578347,230879 578309,2665 578309,578347 578309,578365 578309,99023 578309,230879 2658,2665 2658,696345 2658,237489 2665,237521 2665,8581 2665,2665 578306,578365 578306,99023 578306,2658 578347,2665 578347,578306 578347,578309 578347,99023 578347
1152272,29723 35905,910 35905,28957 35922,3229 35922,4335 35922,50336 35922,31353 1152272,35905 1152272,35922 1152272
948299,853114 19621,853115 19621,853116 19621,144408 3229,29492 3229,30817 3229,6184 3229,1365 948299,19621 948299,3229 948299
6346
782486,1365 782486,28491 782486,4584 782486
