1104300,41216 1104300,4335 1104300,62417 41216
253762
31489,633081 31489
111866,10177 249858,111866 249858,27606 249858,59626 249858,64319 249858,12197 111866,249858 111866,27606 111866,64319 111866,15429 10177,10177 27606,10177 12197,15429 12197,10177 15429
315266,33231 315266,445938 315266,6814 315266,158172 445938,18777 445938,33231 445938,6814 445938,33231 158172,6814 158172,77438 158172,36131 77438,37888 77438,36802 37888,77438 37888
145134,24966 145134
7430,145384 7430,28504 7430,365294 7430,95594 7430,28504 365294
227286,910 5462,2696 5869,910 5869,25702 910,5462 910,5869 910,77758 910,906 910,5348 2696,15076 25702,24043 15076,32276 15076,633081 31489,31489 227286,48550 227286,5462 227286,910 227286,289945 48550,3229 48550,48555 48550,910 48550,144408 3229,29492 3229,30817 3229,6184 3229,202639 144408,231198 144408,29492 144408,19621 6184,4584 6184,6213 6184,6214 6184,24966 202639,25702 202639,69198 231198,853114 19621,853115 19621,853116 19621,4584 6213,6151 6213,887 6213
178727,35 178727,210871 35,210872 35,82920 35,210872 210871,273152 210871,35 210871,35061 210871,44514 210871,210871 273152,210872 273152,35 273152,82920 273152,35 141342,141342 35061,32083 35061,35 35061
1153091,18619 1153091,46452 1153091,10798 18619,19231 18619,27627 18619
15429,10177 15429,15429 10177
126920,126927 126920,103543 126927,126920 126927,643221 126927,643239 126927,645897 126927,16819 643221,643239 643221,643485 643221,126909 103543,126912 103543,126920 103543,126926 103543,126927 103543,642894 643239,643221 643239,643221 642894,642894 643485,643221 643485,644577 643485,642621 16819,643221 16819,643239 16819,126926 126909,440815 645571,126920 645897,126927 645897,643221 645897,644577 645897,645571 645897,103537 126912,103543 126912,18777 103537,28957 103537,643221 644577,644427 644577,153063 440815,5086 440815
61417,562940 61417
1108389,35778 1919,73146 35778,18777 18774,73146 18774,18774 73146,18777 73146,23738 73146,35778 73146,27895 23738,8224 23738,85688 8224,1919 1108389,35778 1108389,36802 1108389,37888 1108389,73146 1108389,36802 37888,77438 37888,36131 77438,37888 77438
1107136
307656
314459,7537 7532,80491 7532,7532 7537,7532 80515,80491 80515,7532 314459,7537 314459,80491 314459,80515 314459
10183,10798 10183
682815,175256 682815,195792 682815,35061 682815,45605 682815,85352 682815,251756 195792,62329 195792,240791 45605,32083 45605,35061 45605,19621 240791,35061 240791,45605 240791,62329 251756,35 85352,210871 35,210872 35,82920 35,35 141342,141342 35061,32083 35061,35 35061,853114 19621,853115 19621,853116 19621,210872 210871,273152 210871,35 210871,35061 210871,44514 210871,853115 853114,427606 62329,35 427606,210871 273152,210872 273152,35 273152,82920 273152
8821,3231 8821,66594 8821,66596 8821,10169 3231,17798 3231,39127 3231,39131 3231,6334 3231,10169 6334,3231 6334,39131 6334,6767 6334,10177 10169,15429 10169,158614 10169,1997 3233,3236 3233,3240 3233,49811 3233,27530 66594,3231 66594,3232 66594,3233 66594,49660 66594,10169 17798,10169 39131,17798 39131,39130 39131,3240 39130,97377 39130,10169 158614,15429 10177,25772 1997,3233 1997,97377 3240,10169 49660,3231 49660,39127 49660,40151 49660,22563 6767,3218 6767,23738 22563,36140 22563,8224 22563,10177 15429,116528 25772,77758 25772,1997 49811,2440 49811,37483 2440,2354 40151,137790 2354,74749 2354
1152290,137380 85449,262178 85449,46491 137380,10169 85452,1272 85452,13686 1272,4584 1272,10177 10169,15429 10169,158614 10169,22563 13686,27535 13686,40135 13686,6184 13686,10169 158614,15429 10177,23738 22563,36140 22563,8224 22563,51866 27535,8703 27535,19621 6184,4584 6184,6213 6184,6214 6184,10177 15429,3218 1152290,46491 1152290,85449 1152290,85452 1152290
503893,134219 503893,35 503893,210871 35,210872 35,82920 35,210872 210871,273152 210871,35 210871,35061 210871,44514 210871,210871 273152,210872 273152,35 273152,82920 273152,35 141342,141342 35061,32083 35061,35 35061
131315,28504 131315,29708 131315,29723 131315,29492 29708,300806 29723,35905 29723,29723 35905,910 35905,52515 300806,3229 52515,91038 52515,2696 5869,910 5869,910 5462,25702 910,5462 910,5869 910,77758 910,906 910,144408 3229,29492 3229,30817 3229,6184 3229
1153853,103515 1153853,108047 1153853,35 1153853,578650 1153853,35 103515,8865 103515,210871 35,210872 35,82920 35,254923 108047,28336 108047,38205 108047,54129 108047,210872 210871,273152 210871,35 210871,35061 210871,44514 210871,108047 28336,117315 28336,54129 28336,1272 254923,35 254923,415693 254923,210871 38205,35 38205,887 38205,35 8865,210871 273152,210872 273152,35 273152,82920 273152,35 54129,117316 117315,54129 117315,13686 1272,4584 1272,287787 415693,35 415693,84021 415693,35 141342,141342 35061,32083 35061,35 35061,38205 117316,54129 117316,575077 117316,22563 13686,27535 13686,40135 13686,6184 13686,110041 287787,35 287787,143323 84021,1688 84021,35 84021,82920 84021,98698 84021,210871 198653,35 198653,198653 887,210871 887,35 887
370366
429781,12210 12182,28649 12182,4804 12182,10177 12210,12350 12210,4804 12210,10177 4804,12210 4804,12350 4804,9515 4804,15429 12350,51180 12350,15429 10177,12195 51180,38722 51180,67415 51180,10177 9515,15429 9515,12182 4660,18615 4660,18619 4660,2653 4660,1272 18615,18619 18615,2440 18615,4660 18615,6935 18615,10798 18619,19231 18619,27627 18619,13686 1272,4584 1272,37483 2440,101811 6935,63915 6935,12350 101811,23738 101811,22563 13686,27535 13686,40135 13686,6184 13686,64519 37483,12182 429781,33325 429781,4660 429781
102406,2653 102406,34708 102406,59626 102406,33412 34708,3229 33412,144408 3229,29492 3229,30817 3229,6184 3229,202639 144408,231198 144408,29492 144408,19621 6184,4584 6184,6213 6184,6214 6184
1114153,1365 1114153,19621 1114153,853114 19621,853115 19621,853116 19621,853115 853114,19621 853116,853114 853116,853115 853116
2354,137790 2354,74749 2354,137790 74749,2354 74749
606647,38205 606647,57119 606647,210871 38205,35 38205,887 38205,210872 210871,273152 210871,35 210871,35061 210871,44514 210871,210871 35,210872 35,82920 35,210871 273152,210872 273152,35 273152,82920 273152,210871 198653,35 198653,198653 887,210871 887,35 887,35 141342,141342 35061,32083 35061,35 35061
14807,123556 14807,50354 14807,50354 123556,123556 50354
35854,15429 35854,15431 35854,10177 15429,15429 10177
137130,89416 137130,504 89416,506 89416,504 506,89416 506
203646,270456 203646
49720,49753 49720,49720 49753
112787,175909 112787,15889 175909,3085 15889,20193 3085,566653 3085,566664 3085
1107041,100701 1107041,74975 1107041
1154173
632874,31489 632874,633081 632874,633081 31489
6220,114 6220,124064 6220,28350 6220,28412 6220,6213 6220,114 28350,6213 28350,4584 6213,6151 6213,887 6213,114 124064,28542 124064,4584 124064,6213 124064,6214 124064,4584 6151,6213 6151,887 6151,210872 210871,273152 210871,35 210871,35061 210871,44514 210871,210871 35,210872 35,82920 35,210871 198653,35 198653,198653 887,210871 887,35 887,117 6214,4584 6214,6151 6214,6213 6214,210871 273152,210872 273152,35 273152,82920 273152
157761,12210 12182,28649 12182,4804 12182,10177 12210,12350 12210,4804 12210,10177 4804,12210 4804,12350 4804,9515 4804,15429 12350,51180 12350,15429 10177,12195 51180,38722 51180,67415 51180,10177 9515,15429 9515,155736 155738,28649 155738,12182 155736,155738 155736,28649 155736,12182 157761,155738 157761,219239 157761,4804 157761,12182 219239,15429 219239,157761 219239,42207 219239,1246 42207,20601 42207,20602 42207,95225 42207,12350 20601,20602 20601,10177 15429,12350 20602,20601 20602,10177 12198,12350 12198,27612 12198,12198 95225,20601 95225,20602 95225,12195 38722,67415 38722,12350 12195,51180 12195,67415 12195
1126315
645016,644361 645016,644363 645016,644843 645016,645452 645016
350319,6775 350319,6784 350319,6784 6775
3229,144408 3229,29492 3229,30817 3229,6184 3229,202639 144408,231198 144408,29492 144408,19621 6184,4584 6184,6213 6184,6214 6184,24966 202639,25702 202639,69198 231198,853114 19621,853115 19621,853116 19621,4584 6213,6151 6213,887 6213,853115 853114,4584 6151,6213 6151,887 6151,117 6214,4584 6214,6151 6214,6213 6214,15076 25702,24043 15076,32276 15076,19621 853116,853114 853116,853115 853116,210872 210871,273152 210871,35 210871,35061 210871,44514 210871,210871 35,210872 35,82920 35,210871 198653,35 198653,198653 887,210871 887,35 887
12359,16476 12359,8617 12359
767763,753047 767763,753070 767763,753264 767763,753070 753047,753264 753047,753265 753047,753047 753264,753070 753264,175548 753070,753047 753070,4330 753265,753047 753265,12638 4330,6913 4330
1128839,1365 1128839,3229 1128839,4584 1128839,144408 3229,29492 3229,30817 3229,6184 3229,202639 144408,231198 144408,29492 144408,19621 6184,4584 6184,6213 6184,6214 6184,24966 202639,25702 202639,69198 231198,853114 19621,853115 19621,853116 19621,4584 6213,6151 6213,887 6213,853115 853114,4584 6151,6213 6151,887 6151,117 6214,4584 6214,6151 6214,6213 6214
28202,117 28202,25791 28202,6163 28202,6213 28202,124064 6163,6213 6163,6220 6163,6224 6163,4584 6213,6151 6213,887 6213,114 124064,28542 124064,4584 124064,6213 124064,6214 124064,4584 6151,6213 6151,887 6151,114 6220,124064 6220,28350 6220,28412 6220,6213 6220,114 28350,6213 28350,6213 6215,6214 6215,887 6215,124064 6224,6213 6224,6214 6224,6215 6224,6220 6224,210872 210871,273152 210871,35 210871,35061 210871,44514 210871,210871 35,210872 35,82920 35,210871 198653,35 198653,198653 887,210871 887,35 887,117 6214,4584 6214,6151 6214,6213 6214,210871 273152,210872 273152,35 273152,82920 273152
568045,6639 178209,22431 6639,3218 6639,8224 6639,75121 22431,8224 22431,85688 8224,267003 75121,85688 75121,434 267003,1272 85688,13686 1272,4584 1272,116084 568045,178209 568045,195150 568045,6639 568045,178209 116084,39127 116084,6639 116084,116084 195150,178209 195150,39127 195150
593942,54131 593942,593104 593942,594011 593942,66564 593942,94639 593942,103515 54131,28851 54131,35 54131,66556 54131,35 103515,8865 103515,210871 35,210872 35,82920 35,35 66556,575077 66556,85352 66556,35 28851,210872 210871,273152 210871,35 210871,35061 210871,44514 210871,35 8865,210871 273152,210872 273152,35 273152,82920 273152,35 85352,210871 575077,35 575077
1104946,54844 1104946,7047 54844
1118286
33412,3229 33412,144408 3229,29492 3229,30817 3229,6184 3229,202639 144408,231198 144408,29492 144408,19621 6184,4584 6184,6213 6184,6214 6184,24966 202639,25702 202639,69198 231198,853114 19621,853115 19621,853116 19621,4584 6213,6151 6213,887 6213,853115 853114,4584 6151,6213 6151,887 6151,117 6214,4584 6214,6151 6214,6213 6214
141868,10435 112378,1272 112378,27895 112378,36140 112378,40886 112378,22563 10435,22564 10435,22566 10435,13686 1272,4584 1272,22563 36140,23738 22563,36140 22563,8224 22563,22563 13686,27535 13686,40135 13686,6184 13686,85688 8224,27895 23738,8224 23738,22563 22564,10435 22566,22563 22566,22564 22566,51866 27535,8703 27535,19621 6184,4584 6184,6213 6184,6214 6184,22563 3220,112378 145215,3220 145215,40886 145215,63915 145215,22563 63915,36140 63915,112378 141868,145215 141868,40886 141868,6343 141868
85688,1272 85688,13686 1272,4584 1272,22563 13686,27535 13686,40135 13686,6184 13686,23738 22563,36140 22563,8224 22563,51866 27535,8703 27535,19621 6184,4584 6184,6213 6184,6214 6184,85688 8224,27895 23738,8224 23738,51879 51866,8703 51866,853114 19621,853115 19621,853116 19621,4584 6213,6151 6213,887 6213
18833,18832 18833,18834 18833,56709 18834,86359 18834,168332 86359,265203 86359,35 86359,35 265203,887 265203,210871 35,210872 35,82920 35,114 28287,28290 28287,4584 28287,56708 28287,56709 28287,12576 28290,35 28290,35 12576,6213 12576,83725 12576,887 12576,12576 56709,28287 56709,28290 56709,56708 56709,210872 210871,273152 210871,35 210871,35061 210871,44514 210871,4584 6213,6151 6213,887 6213
1120650,2440 1120650,397590 1120650,6935 1120650,155158 397590,37483 2440,101811 6935,63915 6935,12350 101811,23738 101811,64519 37483,15429 12350,51180 12350,27895 23738,8224 23738,22563 63915,36140 63915,23738 22563,36140 22563,8224 22563,887 64519,12195 51180,38722 51180,67415 51180,85688 8224,22563 36140
1105672,31105 1105672,36145 1105672,46491 1105672,70281 1105672,8617 36145,8619 36145
686030,27623 686030,27627 686030
1131257,643221 1131257,644427 1131257,16819 643221,643239 643221,643485 643221,642894 643485,643221 643485,644577 643485,642621 16819,643221 16819,643239 16819,642894 643239,643221 643239,643221 642894,643221 644577,644427 644577
145384
853155,853114 853155,853115 853155,853116 853155,853115 853114,19621 853116,853114 853116,853115 853116,853114 19621,853115 19621,853116 19621
66564
95597
6196,114 6196,4584 6196,6214 6196,4584 6151,6213 6151,887 6151,4584 6213,6151 6213,887 6213,117 6214,4584 6214,6151 6214,6213 6214,210872 210871,273152 210871,35 210871,35061 210871,44514 210871,210871 35,210872 35,82920 35,210871 198653,35 198653,198653 887,210871 887,35 887
35852
94713,12210 12182,28649 12182,4804 12182,10177 12210,12350 12210,4804 12210,10177 4804,12210 4804,12350 4804,9515 4804,15429 12350,51180 12350,15429 10177,12195 51180,38722 51180,67415 51180,10177 9515,15429 9515,32260 62274,4335 62274,50381 62274,28632 32260,62274 32260,1717 50381,51180 50381,62274 50381,12182 28632,32688 1717,4330 1717,4335 1717,6913 1717,4330 32688,12638 4330,6913 4330,12195 38722,67415 38722,12350 12195,51180 12195,67415 12195,12182 94713,18777 94713,28957 94713,32260 94713,62274 94713
7432,114 7432,23774 7432,20534 23774,6213 23774,13972 20534,6163 20534,6213 20534,4584 6213,6151 6213,887 6213,124064 6163,6213 6163,6220 6163,6224 6163,4584 6151,6213 6151,887 6151,114 124064,28542 124064,4584 124064,6213 124064,6214 124064,210872 210871,273152 210871,35 210871,35061 210871,44514 210871,210871 35,210872 35,82920 35,210871 198653,35 198653,198653 887,210871 887,35 887
3192,15987 3192,16008 3192,3191 3192,16008 3191,3192 3191,39890 3191,5086 3191,51049 39890,3187 5086,3191 5086,3192 5086,5086 3187
1105603,16461 1105603,16485 1105603,3229 16461,43186 16461,144408 3229,29492 3229,30817 3229,6184 3229,202639 144408,231198 144408,29492 144408,19621 6184,4584 6184,6213 6184,6214 6184,24966 202639,25702 202639,69198 231198,853114 19621,853115 19621,853116 19621,4584 6213,6151 6213,887 6213
207395,1959 207395,22386 207395,3828 207395,936 207395,936 3828,940 3828,941 3828,943 3828,941 940,20180 943,28265 943,940 20180,941 20180,940 28265,941 28265
8079,27249 8079,23738 27249,36140 27249,46468 27249,27895 23738,8224 23738,22563 36140,23738 22563,36140 22563,8224 22563,85688 8224,12638 4330,6913 4330,4330 4329,4329 46468,4330 46468,4335 46468
1127810,28287 567005,648232 567005,567005 1127810,114 28287,28290 28287,4584 28287,56708 28287,56709 28287,1365 648232,12576 28290,35 28290,35 12576,6213 12576,83725 12576,887 12576,210871 35,210872 35,82920 35,12576 56709,28287 56709,28290 56709,56708 56709
3240,97377 3240,8224 97377,85688 8224,1272 85688,13686 1272,4584 1272
6741
46431,199571 46431,3231 46431,35 46431,6334 46431,210871 35,210872 35,82920 35,10169 3231,17798 3231,39127 3231,39131 3231,6334 3231,10169 6334,3231 6334,39131 6334,6767 6334,210872 210871,273152 210871,35 210871,35061 210871,44514 210871,10177 10169,15429 10169,158614 10169,210871 273152,210872 273152,35 273152,82920 273152,10169 17798,10169 39131,17798 39131,39130 39131,3240 39130,97377 39130,10169 158614,15429 10177,22563 6767,3218 6767,23738 22563,36140 22563,8224 22563,35 141342,141342 35061,32083 35061,35 35061,97377 3240,10177 15429,85688 8224,27895 23738,8224 23738
67633,379288 67633
309476,12182 309476,65650 309476,12210 12182,28649 12182,4804 12182,10177 12210,12350 12210,4804 12210,10177 4804,12210 4804,12350 4804,9515 4804,23738 11342,79809 11342,8224 11342,12195 38722,67415 38722,27895 23738,8224 23738,11342 65650,12182 65650,23738 65650,2653 65650,38722 65650,15429 12350,51180 12350,15429 10177,85688 8224,12350 12195,51180 12195,67415 12195,12195 51180,38722 51180,67415 51180,10177 9515,15429 9515,11342 79809,24966 79809,358866 79809,358887 79809,5086 79809,79809 358866,10177 67415,12210 67415,12350 67415
990075
1108329,128383 1108329,41417 1108329,6209 1108329,6213 1108329,70444 1108329,4584 6213,6151 6213,887 6213,41417 128383,70444 128383,10435 41417,22563 10435,22564 10435,22566 10435,4584 6151,6213 6151,887 6151,23738 22563,36140 22563,8224 22563,210872 210871,273152 210871,35 210871,35061 210871,44514 210871,210871 35,210872 35,82920 35,210871 198653,35 198653,198653 887,210871 887,35 887,85688 8224,27895 23738,8224 23738,22563 22564,10435 22566,22563 22566,22564 22566,210871 273152,210872 273152,35 273152,82920 273152
6311,20584 6311,46887 6311,8224 6311,85688 8224,1272 85688,13686 1272,4584 1272,22563 13686,27535 13686,40135 13686,6184 13686
218410,6213 218410,4584 6213,6151 6213,887 6213,4584 6151,6213 6151,887 6151,210872 210871,273152 210871,35 210871,35061 210871,44514 210871,210871 35,210872 35,82920 35,210871 198653,35 198653,198653 887,210871 887,35 887,210871 273152,210872 273152,35 273152,82920 273152
682666,117 17476,13269 17476,6385 17476,887 17476,50336 13269,50337 13269,35922 50337,50336 50337,6818 50337,35922 50336,6818 50336,210872 210871,273152 210871,35 210871,35061 210871,44514 210871,210871 35,210872 35,82920 35,210871 198653,35 198653,198653 887,210871 887,35 887,28957 35922,3229 35922,4335 35922,50336 35922,210871 273152,210872 273152,35 273152,82920 273152,194645 248823,28447 194645,22886 28447,6214 28447,73323 28447,95642 28447,114 341188,117 341188,28350 341188,28491 341188,7419 341188,114 28350,6213 28350,4584 6213,6151 6213,887 6213,13972 20534,6163 20534,6213 20534,20534 7419,6169 7419,6213 7419,4584 6151,6213 6151,887 6151,124064 6163,6213 6163,6220 6163,6224 6163,28227 6169,114 28227,28350 28227,6213 28227,17476 682666,18832 682666,248823 682666,341188 682666,6385 682666
421481
1103979,34315 1103979,34355 1103979,906 1103979,906 34355,910 34355,2696 5869,910 5869,910 5462,25702 910,5462 910,5869 910,77758 910,906 910,5348 2696,15076 25702,24043 15076,32276 15076
13193,28350 13193,28489 13193,6213 13193,114 28350,6213 28350,4584 6213,6151 6213,887 6213,4584 6151,6213 6151,887 6151,210872 210871,273152 210871,35 210871,35061 210871,44514 210871,210871 35,210872 35,82920 35,210871 198653,35 198653,198653 887,210871 887,35 887,210871 273152,210872 273152,35 273152,82920 273152
17811
573978,35 573978,787016 573978,82920 573978,210871 35,210872 35,82920 35,210872 210871,273152 210871,35 210871,35061 210871,44514 210871,35 513189,573964 513189,82920 513189,35 787016,513189 787016,573964 787016,210871 273152,210872 273152,35 273152,82920 273152,35 573964,513189 573964,35 141342,141342 35061,32083 35061,35 35061
633585,31489 633585,9581 633585,633081 31489,31489 9581
18781
948846
1102550,1026 1102550,251756 1102550,4584 1102550,94641 1102550,62329 251756,575077 94641,210872 210871,273152 210871,35 210871,35061 210871,44514 210871,210871 35,210872 35,82920 35,210871 575077,35 575077,427606 62329,35 427606,210871 273152,210872 273152,35 273152,82920 273152
648121,648112 648121,648106 648112,648112 648106,648121 648106
689439,235678 689439,235679 689439,616336 689439,235678 235679,235683 235679,235679 235678,235683 235678
1129994,36131 77438,37888 77438,36802 37888,77438 37888,36620 189620,10531 36620,3220 36620,3240 36620,39130 36620,31353 10531,97377 3240,3240 39130,97377 39130,22563 3220,23738 22563,36140 22563,8224 22563,77438 106590,90470 106590,106590 1129994,189620 1129994,189856 1129994,77438 1129994,90470 1129994,189566 189856,36802 189856
28964,18770 28964,28957 28964
20178,20179 20178,91852 20178,91853 20178,117328 91852,20179 91852,64271 91852,943 91852,940 20180,941 20180,20178 91853,20179 91853,20180 91853,20193 91853,20180 943,28265 943,940 28265,941 28265,887 35490,20178 64271,35490 64271,941 940
35922,28957 35922,3229 35922,4335 35922,50336 35922,144408 3229,29492 3229,30817 3229,6184 3229,35922 50336,6818 50336,202639 144408,231198 144408,29492 144408,19621 6184,4584 6184,6213 6184,6214 6184,24966 202639,25702 202639,69198 231198,853114 19621,853115 19621,853116 19621,4584 6213,6151 6213,887 6213,29723 6818,300806 6818,52515 300806,300806 29723,35905 29723,853115 853114,4584 6151,6213 6151,887 6151,117 6214,4584 6214,6151 6214,6213 6214,3229 52515,91038 52515,29723 35905,910 35905
644470,642798 644470,644448 644470,644494 644470,642894 642798,644448 644494,645870 644494,643221 642894,643221 644448,16819 643221,643239 643221,643485 643221,642894 645870,642894 643485,643221 643485,644577 643485,642621 16819,643221 16819,643239 16819,642894 643239,643221 643239
28265,940 28265,941 28265,941 940
135765,135766 135765,4649 135765,4649 135766
1111304,105899 1111304,195361 1111304,4329 1111304,6213 1111304,887 1111304,6213 195361,4584 6213,6151 6213,887 6213,27623 105899,27627 105899,28254 105899,4329 105899,4330 4329,4584 6151,6213 6151,887 6151,27623 28254,27627 28254,27631 28254,27632 28254,4329 28254,12638 4330,6913 4330,210872 210871,273152 210871,35 210871,35061 210871,44514 210871,210871 35,210872 35,82920 35,210871 198653,35 198653,198653 887,210871 887,35 887,28412 27631,3229 27631,6184 27631,6214 27631,70520 27631,210871 273152,210872 273152,35 273152,82920 273152,144408 3229,29492 3229,30817 3229,6184 3229,19621 6184,4584 6184,6213 6184,6214 6184,12631 12638,6898 12631,35 141342,141342 35061,32083 35061,35 35061
1115291,32688 1717,4330 1717,4335 1717,6913 1717,4330 32688,12638 4330,6913 4330,646286 6913,646289 6913,126927 646286,16819 646286,642681 646286,642894 646286,643221 646286,16819 643221,643239 643221,643485 643221,642847 642681,643221 642894,642621 16819,643221 16819,643239 16819,103543 126927,126920 126927,643221 126927,643239 126927,645897 126927,12631 12638,6898 12631,137849 17242,109323 137849,5086 137849,5086 109323,3187 5086,3191 5086,3192 5086,16008 3191,3192 3191,39890 3191,5086 3191,5086 3187,51049 39890,15987 3192,16008 3192,3191 3192,137849 1115291,1717 1115291,17242 1115291,280876 1115291,17242 280876,3187 280876
430574
976284,45188 45189,4804 45189,89547 45189,45189 45188,89547 45188,10177 4804,12210 4804,12350 4804,9515 4804,15429 12350,51180 12350,10177 12210,12350 12210,4804 12210,15429 10177,15429 89547,10177 15429,12195 51180,38722 51180,67415 51180,10177 9515,15429 9515,25772 1997,3233 1997,116528 25772,77758 25772,1997 3233,3236 3233,3240 3233,49811 3233,97377 3240,1997 49811,2440 49811,37483 2440,64519 37483,8224 97377,85688 8224,3233 976284,45188 976284,45189 976284,4804 976284,89547 976284,12195 38722,67415 38722,12350 12195,51180 12195,67415 12195
1153101,137359 1153101,1956 1153101,3223 1153101,1955 1956,35 1956,3828 1956,936 1956,210871 35,210872 35,82920 35,936 3828,940 3828,941 3828,943 3828,210872 210871,273152 210871,35 210871,35061 210871,44514 210871,941 940,210871 273152,210872 273152,35 273152,82920 273152,20180 943,28265 943,940 20180,941 20180,940 28265,941 28265
1131745,1365 1131745,77758 1131745
20179
1128975,12576 575795,35 12576,6213 12576,83725 12576,887 12576,4584 6213,6151 6213,887 6213,210871 35,210872 35,82920 35,12576 83725,56112 83725,6741 83725,12576 56112,83725 56112,4584 6151,6213 6151,887 6151,210872 210871,273152 210871,35 210871,35061 210871,44514 210871,210871 198653,35 198653,198653 887,210871 887,35 887,35 486840,35852 486840,210871 273152,210872 273152,35 273152,82920 273152,144701 1128975,486840 1128975,575795 1128975,22229 144701,35061 144701,144701 22229,35061 22229,35 141342,141342 35061,32083 35061,35 35061
628766,205196 628766,815073 205196,815096 205196,205196 815096,574264 815096,35 574264,210871 35,210872 35,82920 35
13195
70281
82087,58758 33895,576973 58758,58758 576973,144408 3229,29492 3229,30817 3229,6184 3229,202639 144408,231198 144408,29492 144408,19621 6184,4584 6184,6213 6184,6214 6184,24966 202639,25702 202639,69198 231198,853114 19621,853115 19621,853116 19621,4584 6213,6151 6213,887 6213,853115 853114,4584 6151,6213 6151,887 6151,117 6214,4584 6214,6151 6214,6213 6214,3229 82087,33895 82087,82090 82087,82098 82087,3229 82098,35 82098,210871 35,210872 35,82920 35,66805 82090,66809 82090,35 66805,89547 66805,210872 210871,273152 210871,35 210871,35061 210871,44514 210871,210871 273152,210872 273152,35 273152,82920 273152
1152379,89547 1152379,15429 89547,10177 15429,15429 10177
1135082,19621 1135082,7047 1135082,733576 1135082,853114 19621,853115 19621,853116 19621,853115 853114,19621 853116,853114 853116,853115 853116
1119140,103482 1119140,1365 1119140,37541 1119140,35 103482,137380 37541,46491 37541,210871 35,210872 35,82920 35,46491 137380,210872 210871,273152 210871,35 210871,35061 210871,44514 210871,210871 273152,210872 273152,35 273152,82920 273152
1131192,643069 1131192,14090 643069,16819 643069,16843 643069,642621 16819,643221 16819,643239 16819,126793 16843,16819 126793,16819 643221,643239 643221,643485 643221,642894 643239,643221 643239,643221 642894,642894 643485,643221 643485,644577 643485
33231
645084,153063 645084,642641 645084,645088 645084,38537 153063,561568 153063,561613 153063,153063 561568,561613 561568,153063 561613
684972,395553 684972,684986 684972,12330 395553,2702 395553,4330 395553,684986 395553,12638 4330,6913 4330,2702 12330,4330 684986,12631 12638,6898 12631
6152,4584 6151,6213 6151,887 6151,4584 6213,6151 6213,887 6213,210872 210871,273152 210871,35 210871,35061 210871,44514 210871,210871 35,210872 35,82920 35,210871 198653,35 198653,198653 887,210871 887,35 887,210871 273152,210872 273152,35 273152,82920 273152,114 193742,4584 193742,6151 193742,6213 193742,193742 6152,6151 6152
1152858
1106370,24966 1106370,27531 1106370,3231 1106370,27530 27531,27543 27531,10169 3231,17798 3231,39127 3231,39131 3231,6334 3231,10169 6334,3231 6334,39131 6334,6767 6334,10177 10169,15429 10169,158614 10169,10169 17798,10169 39131,17798 39131,39130 39131,3240 39130,97377 39130,10169 158614,15429 10177,97377 3240,22563 6767,3218 6767,23738 22563,36140 22563,8224 22563,10177 15429
45605,240791 45605,32083 45605,35061 45605,19621 240791,35061 240791,45605 240791,35 141342,210871 35,210872 35,82920 35,141342 35061,32083 35061,35 35061,853114 19621,853115 19621,853116 19621,210872 210871,273152 210871,35 210871,35061 210871,44514 210871,853115 853114,210871 273152,210872 273152,35 273152,82920 273152,19621 853116,853114 853116,853115 853116
643734,200630 643734,643735 643734,32083 200630
646412
506,504 506,89416 506,504 89416,506 89416
1130568,205196 1130568,815073 205196,815096 205196,205196 815096,574264 815096,35 574264,210871 35,210872 35,82920 35
1131639,390693 1131639,45605 1131639,240791 45605,32083 45605,35061 45605,19621 240791,35061 240791,45605 240791,35 141342,210871 35,210872 35,82920 35,141342 35061,32083 35061,35 35061,853114 19621,853115 19621,853116 19621,210872 210871,273152 210871,35 210871,35061 210871,44514 210871,853115 853114
37541,137380 37541,46491 37541,46491 137380
58268,8594 58268
649731,1365 649731,23507 649731,1365 23502,23507 23502,3229 23502,330148 23502,6184 10981,23507 152731,43186 152731,10981 23507,1365 23507,152731 23507,23502 23507,144408 3229,29492 3229,30817 3229,6184 3229,19621 6184,4584 6184,6213 6184,6214 6184,202639 144408,231198 144408,29492 144408,1365 184918,19621 184918,23502 184918,330148 184918,853114 19621,853115 19621,853116 19621,1365 330148,184918 330148,19621 330148,4584 6213,6151 6213,887 6213
27203
5966
6163,124064 6163,6213 6163,6220 6163,6224 6163,4584 6213,6151 6213,887 6213,114 124064,28542 124064,4584 124064,6213 124064,6214 124064,114 6220,124064 6220,28350 6220,28412 6220,6213 6220,114 28350,6213 28350,4584 6151,6213 6151,887 6151,6213 6215,6214 6215,887 6215,124064 6224,6213 6224,6214 6224,6215 6224,6220 6224,210872 210871,273152 210871,35 210871,35061 210871,44514 210871,210871 35,210872 35,82920 35,210871 198653,35 198653,198653 887,210871 887,35 887,117 6214,4584 6214,6151 6214,6213 6214,210871 273152,210872 273152,35 273152,82920 273152
34979,13982 34979,34979 13982
1949,1952 1949,1953 1949,3097 1949,3112 1949,3097 1952,1959 3097,82664 3097,82666 3097,77826 3112,77829 3112,3112 77829,3112 77826,5600 77826,54550 5600,10183 54550
950052,1365 950052,19621 950052,853114 19621,853115 19621,853116 19621,853115 853114,19621 853116,853114 853116,853115 853116
593559,578845 593559,593560 593559,578845 593560,593559 593560
192734,45188 45189,4804 45189,89547 45189,45189 45188,89547 45188,10177 4804,12210 4804,12350 4804,9515 4804,15429 12350,51180 12350,10177 12210,12350 12210,4804 12210,15429 10177,15429 89547,10177 15429,12195 51180,38722 51180,67415 51180,10177 9515,15429 9515,1272 192734,45188 192734,45189 192734,13686 1272,4584 1272,22563 13686,27535 13686,40135 13686,6184 13686,23738 22563,36140 22563,8224 22563,51866 27535,8703 27535,19621 6184,4584 6184,6213 6184,6214 6184,85688 8224,27895 23738,8224 23738,51879 51866,8703 51866,853114 19621,853115 19621,853116 19621,4584 6213,6151 6213,887 6213
1129683,12337 1129683,35 1129683,608326 1129683,70970 1129683,82920 1129683,141342 70970,608190 70970,608191 70970,82920 70970,210871 35,210872 35,82920 35,35 608326,82920 608326,35 141342,210872 210871,273152 210871,35 210871,35061 210871,44514 210871,141342 608191,575077 608191,608190 608191,210871 273152,210872 273152,35 273152,82920 273152,575077 608190,210871 575077,35 575077,141342 35061,32083 35061,35 35061
16008
64271,887 35490,210872 210871,273152 210871,35 210871,35061 210871,44514 210871,210871 35,210872 35,82920 35,210871 198653,35 198653,198653 887,210871 887,35 887,210871 273152,210872 273152,35 273152,82920 273152,20179 20178,91852 20178,91853 20178,117328 91852,20179 91852,64271 91852,943 91852,940 20180,941 20180,20178 91853,20179 91853,20180 91853,20193 91853,20180 943,28265 943,940 28265,941 28265,20178 64271,35490 64271,941 940
1127657
233106
1128542
820662,171954 820662,573553 820662,573553 171954,67415 171954,10177 67415,12210 67415,12350 67415,15429 12350,51180 12350,10177 12210,12350 12210,4804 12210,15429 10177,12195 51180,38722 51180,67415 51180,10177 4804,12210 4804,12350 4804,9515 4804
1132731,57119 1132731,646900 1132731
335042,264556 335042
1131414
1132416
6935,101811 6935,63915 6935,12350 101811,23738 101811,15429 12350,51180 12350,27895 23738,8224 23738,22563 63915,36140 63915,23738 22563,36140 22563,8224 22563,12195 51180,38722 51180,67415 51180,85688 8224,22563 36140,12195 38722,67415 38722,12350 12195,51180 12195,67415 12195,10177 15429,15429 10177
89547,15429 89547,10177 15429,15429 10177
1106630,2654 1106630,27530 1106630,27543 1106630,31055 1106630,70281 1106630
12199,12350 20601,20602 20601,15429 12350,51180 12350,12350 20602,20601 20602,12195 51180,38722 51180,67415 51180,12195 38722,67415 38722,12350 12195,51180 12195,67415 12195,10177 15429,15429 10177,12198 12158,12350 12158,20601 12158,20602 12158,10177 12198,12350 12198,27612 12198,12198 27612,12350 27612,6125 27612,12158 12199,12198 12199,20601 12199,20602 12199,12210 6125,12350 6125,1246 6125,2653 6125,59626 6125,10177 12210,12350 12210,4804 12210
1106671,24966 1106671,92065 1106671,24966 92065,3229 92065,144408 3229,29492 3229,30817 3229,6184 3229,202639 144408,231198 144408,29492 144408,19621 6184,4584 6184,6213 6184,6214 6184,24966 202639,25702 202639,69198 231198,853114 19621,853115 19621,853116 19621,4584 6213,6151 6213,887 6213
25791
82664,1959 82664
591016,1272 591016,2440 591016,13686 1272,4584 1272,37483 2440,22563 13686,27535 13686,40135 13686,6184 13686,64519 37483,23738 22563,36140 22563,8224 22563,51866 27535,8703 27535,19621 6184,4584 6184,6213 6184,6214 6184,887 64519,85688 8224,27895 23738,8224 23738,51879 51866,8703 51866,853114 19621,853115 19621,853116 19621,4584 6213,6151 6213,887 6213
593240,227178 593240,35 593240,578845 593240,593155 593240,44455 227178,210871 35,210872 35,82920 35,62329 593155,210872 210871,273152 210871,35 210871,35061 210871,44514 210871,41714 44455,35 41714,44455 41714,210871 273152,210872 273152,35 273152,82920 273152,35 141342,141342 35061,32083 35061,35 35061,427606 62329,35 427606
235683
1106764,61417 1106764,94416 1106764,61417 94416
1120197,2695 1120197,5348 1120197,2696 2695,2698 2695,342802 2695,5348 2695,2696 5348,5348 2696,2695 342802,2696 342802,2698 342802,5348 342802,2695 2698,2696 2698
13208,13205 13208,13212 13208
43639,2665 43639,237489 2665,237521 2665,8581 2665,1365 237521,135464 237489,2665 237489
359067,14531 56167,17798 56167,53942 56167,10169 17798,10177 10169,15429 10169,158614 10169,10169 158614,15429 10177,56167 239810,239810 359067,56167 359067,6343 359067
1110546,178718 1110546,178727 1110546,33904 1110546,35 178727,33895 33904,35 33904,503893 33904,210871 35,210872 35,82920 35,58758 33895,210872 210871,273152 210871,35 210871,35061 210871,44514 210871,134219 503893,35 503893,210871 273152,210872 273152,35 273152,82920 273152,576973 58758,58758 576973
62329,427606 62329,35 427606,210871 35,210872 35,82920 35,210872 210871,273152 210871,35 210871,35061 210871,44514 210871,210871 273152,210872 273152,35 273152,82920 273152
4553
1140230,230879 1140230,2658 1140230,230879 2658,2665 2658,696345 2658,237489 2665,237521 2665,8581 2665,1365 237521,135464 237489,2665 237489,205192 578337,230879 578337,2665 578337,99030 578337,230879 696345,2658 696345,2665 696345,578337 696345,230879 205192,2665 205192
120817
593813,33895 593813,33907 593813,35 593813,94639 593813,58758 33895,14062 33907,35 33907,97390 33907,97645 33907,210871 35,210872 35,82920 35,210872 210871,273152 210871,35 210871,35061 210871,44514 210871,576973 58758,58758 576973,35 97645,210871 273152,210872 273152,35 273152,82920 273152,35 141342,141342 35061,32083 35061,35 35061
20584
1102567,1481 1102567,4878 1102567,1481 4878
6941,1272 6923,2440 6923,72908 6923,13686 1272,4584 1272,37483 2440,2440 72908,22563 13686,27535 13686,40135 13686,6184 13686,64519 37483,23738 22563,36140 22563,8224 22563,51866 27535,8703 27535,19621 6184,4584 6184,6213 6184,6214 6184,887 64519,1272 93923,6923 93923,72908 93923,3218 6941,6923 6941,93923 6941
662250
1129368
1154042,24966 1154042,65212 1154042
1136814,1688 1136814,33907 1136814,35 1136814,35 1688,58758 1688,14062 33907,35 33907,97390 33907,97645 33907,210871 35,210872 35,82920 35,210872 210871,273152 210871,35 210871,35061 210871,44514 210871,576973 58758,58758 576973,35 97645,210871 273152,210872 273152,35 273152,82920 273152,35 141342,141342 35061,32083 35061,35 35061
23116,24966 23116,253762 23116,27627 23116,65212 23116
6213,4584 6213,6151 6213,887 6213,4584 6151,6213 6151,887 6151,210872 210871,273152 210871,35 210871,35061 210871,44514 210871,210871 35,210872 35,82920 35,210871 198653,35 198653,198653 887,210871 887,35 887,210871 273152,210872 273152,35 273152,82920 273152,35 141342,141342 35061,32083 35061,35 35061
608292,8865 608292,8874 608292,8875 608292,35 8865,210871 35,210872 35,82920 35,12576 8875,6209 8875,8865 8875,8872 8875,8874 8875,35 12576,6213 12576,83725 12576,887 12576,210872 210871,273152 210871,35 210871,35061 210871,44514 210871,4584 6213,6151 6213,887 6213,210871 273152,210872 273152,35 273152,82920 273152,12576 83725,56112 83725,6741 83725,12576 56112,83725 56112,4584 6151,6213 6151,887 6151,210871 198653,35 198653,198653 887,210871 887,35 887
27243
33907,14062 33907,35 33907,97390 33907,97645 33907,210871 35,210872 35,82920 35,35 97645,210872 210871,273152 210871,35 210871,35061 210871,44514 210871,210871 273152,210872 273152,35 273152,82920 273152,35 141342,141342 35061,32083 35061,35 35061
1116044,134314 1116044,23070 1116044,137130 23070,23069 23070,65074 23070,74698 23070,87915 23070,134315 23069,134320 23069,74700 23069,89416 137130,137130 65074,89416 65074,65074 65057,23070 74698,65057 74698,65074 74698,23070 87915,65074 87915,23069 74700,504 89416,506 89416,504 506,89416 506
78511,33818 78552,33823 78552,33823 33818,78552 33818,78555 33818,78557 33818,9586 33818,33818 78557,33823 78557,78552 78557,78555 78557,78511 9586,78552 9586,78557 9586,141342 78511,35 78511,78552 78511,78557 78511,35 141342,210871 35,210872 35,82920 35,210872 210871,273152 210871,35 210871,35061 210871,44514 210871,210871 273152,210872 273152,35 273152,82920 273152,141342 35061,32083 35061,35 35061
1106547,4584 6151,6213 6151,887 6151,4584 6213,6151 6213,887 6213,210872 210871,273152 210871,35 210871,35061 210871,44514 210871,210871 35,210872 35,82920 35,210871 198653,35 198653,198653 887,210871 887,35 887,210871 273152,210872 273152,35 273152,82920 273152,114 28287,28290 28287,4584 28287,56708 28287,56709 28287,12576 28290,35 28290,35 12576,6213 12576,83725 12576,887 12576,12576 56709,28287 56709,28290 56709,56708 56709,28287 1106547,6151 1106547,6213 1106547
1120019
577227,35 577227,210871 35,210872 35,82920 35,210872 210871,273152 210871,35 210871,35061 210871,44514 210871,210871 273152,210872 273152,35 273152,82920 273152,35 141342,141342 35061,32083 35061,35 35061
643597,202639 643597,643695 643597,24966 202639,25702 202639,15076 25702,24043 15076,32276 15076
1140543,120084 1140543,120817 1140543,255628 1140543,523010 1140543,739816 1140543,135464 120084,1365 120084,255628 120084,264556 120084
1129443
1120858,5348 2696,2696 5348,2696 5869,910 5869,910 5462,25702 910,5462 910,5869 910,77758 910,906 910,15076 25702,24043 15076,32276 15076,2696 1120858,5348 1120858,910 1120858
1112075,134219 1112075,6346 1112075
1153945,1026 1153945,1034 1153945,1026 1034,1033 1034,1035 1034,35852 1035,45605 1035,35 1033,41714 1033,45605 1033,35 41714,44455 41714,210871 35,210872 35,82920 35,240791 45605,32083 45605,35061 45605,19621 240791,35061 240791,45605 240791,210872 210871,273152 210871,35 210871,35061 210871,44514 210871
29723,29723 35905,910 35905,300806 29723,35905 29723,2696 5869,910 5869,910 5462,25702 910,5462 910,5869 910,77758 910,906 910,52515 300806,5348 2696,15076 25702,24043 15076,32276 15076,3229 52515,91038 52515,144408 3229,29492 3229,30817 3229,6184 3229,202639 144408,231198 144408,29492 144408,19621 6184,4584 6184,6213 6184,6214 6184
1125386,1955 1125386,238401 1125386,3231 1125386,35 1125386,210871 35,210872 35,82920 35,10169 3231,17798 3231,39127 3231,39131 3231,6334 3231,210872 210871,273152 210871,35 210871,35061 210871,44514 210871,10169 6334,3231 6334,39131 6334,6767 6334,10177 10169,15429 10169,158614 10169,210871 273152,210872 273152,35 273152,82920 273152,10169 17798,10169 39131,17798 39131,39130 39131,3240 39130,97377 39130,10169 158614,15429 10177,35 141342,141342 35061,32083 35061,35 35061,97377 3240,22563 6767,3218 6767,23738 22563,36140 22563,8224 22563,10177 15429
8766,1213 8766,8594 1213
27612,15429 12350,51180 12350,12195 51180,38722 51180,67415 51180,12195 38722,67415 38722,12350 12195,51180 12195,67415 12195,10177 15429,15429 10177,10177 67415,12210 67415,12350 67415,10177 12210,12350 12210,4804 12210,12210 6125,12350 6125,1246 6125,2653 6125,59626 6125,10177 4804,12210 4804,12350 4804,9515 4804,12198 27612,12350 27612,6125 27612,10177 12198,12350 12198,27612 12198
1120020,13885 13917,4584 13917,4584 13885,90888 13885,1365 90888,3229 90888,144408 3229,29492 3229,30817 3229,6184 3229,4584 6213,6151 6213,887 6213,4584 6151,6213 6151,887 6151,210872 210871,273152 210871,35 210871,35061 210871,44514 210871,210871 35,210872 35,82920 35,210871 198653,35 198653,198653 887,210871 887,35 887,210871 273152,210872 273152,35 273152,82920 273152,13917 1120020,4584 1120020,6213 1120020
24043
636098,10169 636098,1272 636098,3231 636098,10169 3231,17798 3231,39127 3231,39131 3231,6334 3231,13686 1272,4584 1272,10177 10169,15429 10169,158614 10169,10169 6334,3231 6334,39131 6334,6767 6334,22563 13686,27535 13686,40135 13686,6184 13686,10169 158614,15429 10177,10169 17798,10169 39131,17798 39131,39130 39131,3240 39130,97377 39130,23738 22563,36140 22563,8224 22563,51866 27535,8703 27535,19621 6184,4584 6184,6213 6184,6214 6184,10177 15429,97377 3240,22563 6767,3218 6767,85688 8224,27895 23738,8224 23738,51879 51866,8703 51866,853114 19621,853115 19621,853116 19621,4584 6213,6151 6213,887 6213
654177,10435 112378,1272 112378,27895 112378,36140 112378,40886 112378,22563 10435,22564 10435,22566 10435,13686 1272,4584 1272,22563 36140,23738 22563,36140 22563,8224 22563,22563 13686,27535 13686,40135 13686,6184 13686,85688 8224,27895 23738,8224 23738,22563 22564,10435 22566,22563 22566,22564 22566,51866 27535,8703 27535,19621 6184,4584 6184,6213 6184,6214 6184,22563 3220,112378 145215,3220 145215,40886 145215,63915 145215,22563 63915,36140 63915,112378 654177,145215 654177,3220 654177,40886 654177
1128985,44455 227178,41714 44455,35 41714,44455 41714,210871 35,210872 35,82920 35,210872 210871,273152 210871,35 210871,35061 210871,44514 210871,227178 1128985,35 1128985,44455 1128985,54132 1128985,210871 273152,210872 273152,35 273152,82920 273152,35 141342,141342 35061,32083 35061,35 35061
8581,135464 8581,69198 8581
135130,12576 135130,35 135130,56115 135130,35 12576,6213 12576,83725 12576,887 12576,210871 35,210872 35,82920 35,56112 56115,83725 56115,4584 6213,6151 6213,887 6213,210872 210871,273152 210871,35 210871,35061 210871,44514 210871,12576 56112,83725 56112,12576 83725,56112 83725,6741 83725,4584 6151,6213 6151,887 6151,210871 198653,35 198653,198653 887,210871 887,35 887,210871 273152,210872 273152,35 273152,82920 273152,35 141342,141342 35061,32083 35061,35 35061
642798,642894 642798,643221 642894,16819 643221,643239 643221,643485 643221,642894 643485,643221 643485,644577 643485,642621 16819,643221 16819,643239 16819,642894 643239,643221 643239
1134031,8591 709113,8594 709113,709113 1134031,8594 8591
1153879
285675,25184 285675,285687 285675,307336 285675,25181 25184,27174 25184,3229 25184,3231 25184,174418 307336,3243 307336,3229 25181,59798 25181,144408 3229,29492 3229,30817 3229,6184 3229,10169 3231,17798 3231,39127 3231,39131 3231,6334 3231,25181 27174,3229 27174,59798 27174,174425 174418,32276 174418,202639 144408,231198 144408,29492 144408,19621 6184,4584 6184,6213 6184,6214 6184,10169 6334,3231 6334,39131 6334,6767 6334,10177 10169,15429 10169,158614 10169,24966 202639,25702 202639,69198 231198,853114 19621,853115 19621,853116 19621,4584 6213,6151 6213,887 6213,10169 17798,10169 39131,17798 39131,39130 39131,3240 39130,97377 39130,10169 158614,15429 10177
592996
1130931,1997 154982,8079 154982,25772 1997,3233 1997,116528 25772,77758 25772,1997 3233,3236 3233,3240 3233,49811 3233,27249 8079,23738 27249,36140 27249,46468 27249,97377 3240,27895 23738,8224 23738,144408 3229,29492 3229,30817 3229,6184 3229,202639 144408,231198 144408,29492 144408,19621 6184,4584 6184,6213 6184,6214 6184,24966 202639,25702 202639,69198 231198,853114 19621,853115 19621,853116 19621,4584 6213,6151 6213,887 6213,853115 853114,4584 6151,6213 6151,887 6151,117 6214,4584 6214,6151 6214,6213 6214,154982 1130931,3229 1130931
38829,20179 20178,91852 20178,91853 20178,117328 91852,20179 91852,64271 91852,943 91852,940 20180,941 20180,20178 91853,20179 91853,20180 91853,20193 91853,20180 943,28265 943,940 28265,941 28265,887 35490,20178 64271,35490 64271,941 940,210872 210871,273152 210871,35 210871,35061 210871,44514 210871,210871 35,210872 35,82920 35,210871 198653,35 198653,198653 887,210871 887,35 887,117328 38829,20178 38829,64271 38829
137956,58268 137956,8591 137956,8594 58268,8594 8591
74937
522338
578669,28851 578669,35 28851,210871 35,210872 35,82920 35,210872 210871,273152 210871,35 210871,35061 210871,44514 210871,210871 273152,210872 273152,35 273152,82920 273152
1152761,263498 1152761,35061 1152761,8872 1152761,35 263498,35061 263498,210871 35,210872 35,82920 35,35 141342,141342 35061,32083 35061,35 35061,210872 210871,273152 210871,35 210871,35061 210871,44514 210871,210871 273152,210872 273152,35 273152,82920 273152
1112026,51866 27535,8703 27535,27535 1112026,51879 51866,8703 51866,10435 8703,10798 8703,4649 8703,85688 8703,22563 10435,22564 10435,22566 10435,23738 22563,36140 22563,8224 22563,1272 85688,13686 1272,4584 1272
1131464,123825 649739,19621 649739,853114 19621,853115 19621,853116 19621,19621 123825,649731 123825,853115 853114,19621 853116,853114 853116,853115 853116,123825 649730,19621 649730,1365 649731,23507 649731,1365 23502,23507 23502,3229 23502,330148 23502,6184 10981,23507 152731,43186 152731,10981 23507,1365 23507,152731 23507,23502 23507,144408 3229,29492 3229,30817 3229,6184 3229,19621 6184,4584 6184,6213 6184,6214 6184,123825 1131464,19621 1131464,649730 1131464,649731 1131464,649739 1131464
195792,62329 251756,427606 62329,35 427606,210871 35,210872 35,82920 35,210872 210871,273152 210871,35 210871,35061 210871,44514 210871,251756 195792,62329 195792
1061127,2440 1061127,37483 2440,64519 37483,887 64519
117316,38205 117316,54129 117316,575077 117316,210871 38205,35 38205,887 38205,35 54129,210871 35,210872 35,82920 35,210872 210871,273152 210871,35 210871,35061 210871,44514 210871,210871 575077,35 575077,210871 273152,210872 273152,35 273152,82920 273152,210871 198653,35 198653,198653 887,210871 887,35 887,35 141342,141342 35061,32083 35061,35 35061
118424
459206
41732
12198,15429 12350,51180 12350,12195 51180,38722 51180,67415 51180,12195 38722,67415 38722,12350 12195,51180 12195,67415 12195,10177 15429,15429 10177,10177 67415,12210 67415,12350 67415,10177 12210,12350 12210,4804 12210,12210 6125,12350 6125,1246 6125,2653 6125,59626 6125,10177 4804,12210 4804,12350 4804,9515 4804,12198 27612,12350 27612,6125 27612,10177 12198,12350 12198,27612 12198
140005
1152821
79817,18777 79817,79809 79817,11342 79809,24966 79809,358866 79809,358887 79809,5086 79809,23738 11342,79809 11342,8224 11342,79809 358866,3187 5086,3191 5086,3192 5086,16008 3191,3192 3191,39890 3191,5086 3191,5086 3187,85688 8224,27895 23738,8224 23738,51049 39890,15987 3192,16008 3192,3191 3192
62333,19621 62347,3229 62347,853114 19621,853115 19621,853116 19621,144408 3229,29492 3229,30817 3229,6184 3229,62347 62333,853115 853114,202639 144408,231198 144408,29492 144408,19621 6184,4584 6184,6213 6184,6214 6184,19621 853116,853114 853116,853115 853116,24966 202639,25702 202639,69198 231198,4584 6213,6151 6213,887 6213
1128201,35 576795,574264 576795,576725 576795,210871 35,210872 35,82920 35,576795 1128201,1688 576725,35 576725,35 1688,58758 1688,35 574264,210872 210871,273152 210871,35 210871,35061 210871,44514 210871,210871 273152,210872 273152,35 273152,82920 273152
1131752,35 1131752,577227 1131752,35 577227,210871 35,210872 35,82920 35,210872 210871,273152 210871,35 210871,35061 210871,44514 210871,210871 273152,210872 273152,35 273152,82920 273152,35 141342,141342 35061,32083 35061,35 35061
1155073,6923 20857,1272 6923,2440 6923,72908 6923,13686 1272,4584 1272,37483 2440,2440 72908,22563 13686,27535 13686,40135 13686,6184 13686,64519 37483,23738 22563,36140 22563,8224 22563,51866 27535,8703 27535,19621 6184,4584 6184,6213 6184,6214 6184,887 64519,72908 954315,83461 954315,63486 83461,10169 63486,144330 63486,17811 63486,3231 63486,56115 63486,20193 144330,22431 144330,10169 3231,17798 3231,39127 3231,39131 3231,6334 3231,10177 10169,15429 10169,158614 10169,56112 56115,83725 56115,20857 1155073,6923 1155073,954315 1155073
1137140
1130356
851968,230879 851968,278394 851968
1128974,1786 35797,36140 35797,4330 35797,6784 35797,22563 1786,27895 1786,46547 1786,12638 4330,6913 4330,22563 36140,23738 22563,36140 22563,8224 22563,85688 8224,27895 23738,8224 23738,12631 12638,6898 12631,62329 251756,427606 62329,35 427606,210871 35,210872 35,82920 35,251756 195792,62329 195792,195792 1128974,35797 1128974
49843,75121 22431,8224 22431,267003 75121,85688 75121,85688 8224,434 267003,10798 434,114 434,4649 434,6213 434,8703 434,1272 85688,13686 1272,4584 1272,22563 13686,27535 13686,40135 13686,6184 13686,11335 49843,22431 49843,2440 49843,3218 49843,8224 49843,37483 2440,64519 37483,887 64519
1152194,24966 1152194,910 1152194,2696 5869,910 5869,910 5462,25702 910,5462 910,5869 910,77758 910,906 910,5348 2696,15076 25702,24043 15076,32276 15076
1133417,108974 1133417,189620 1133417,36620 189620,10531 36620,3220 36620,3240 36620,39130 36620,31353 10531,97377 3240,3240 39130,97377 39130,22563 3220,23738 22563,36140 22563,8224 22563
114
1118209,12350 20601,20602 20601,15429 12350,51180 12350,12350 20602,20601 20602,12195 51180,38722 51180,67415 51180,12195 38722,67415 38722,12350 12195,51180 12195,67415 12195,10177 15429,15429 10177,12210 6125,12350 6125,1246 6125,2653 6125,59626 6125,10177 12210,12350 12210,4804 12210,10177 4804,12210 4804,12350 4804,9515 4804,12198 27612,12350 27612,6125 27612,10177 12198,12350 12198,27612 12198,20601 1118209,27203 1118209,27612 1118209
80491
563613,194609 563613
1119623,111770 1119623,375825 1119623,421481 375825
853114,853115 853114
62389,8224 62389,85688 8224,1272 85688,13686 1272,4584 1272,22563 13686,27535 13686,40135 13686,6184 13686
1114442,141342 40,35 141342,210871 35,210872 35,82920 35,210872 210871,273152 210871,35 210871,35061 210871,44514 210871,853114 19621,853115 19621,853116 19621,853115 853114,19621 853116,853114 853116,853115 853116,19621 1114442,262108 1114442,262121 1114442,262178 1114442,40 1114442
118079,40131 118079,40135 118079,202639 40131,24966 202639,25702 202639,15076 25702,24043 15076,32276 15076
141160,123556 141160,50354 123556,123556 50354
1132443,641976 672070,672071 672070,145134 641976,24966 641976,3229 641976,24966 145134,144408 3229,29492 3229,30817 3229,6184 3229,641976 672071,672070 672071,202639 144408,231198 144408,29492 144408,19621 6184,4584 6184,6213 6184,6214 6184,6130 671269,672064 6130,672070 6130,672071 6130,24966 202639,25702 202639,4584 6213,6151 6213,887 6213,202639 672064,6213 672064,671269 1132443,671293 1132443,672070 1132443,672071 1132443,24966 671293,40151 671293,2354 40151,137790 2354,74749 2354
1120866
1114239,144679 1114239,58436 1114239,30895 144679,58454 144679,10796 30895,1272 30895,3243 30895,59798 30895,8224 30895,85688 8224,10798 10796,6213 10796,887 10796,13686 1272,4584 1272,4584 6213,6151 6213,887 6213,22563 13686,27535 13686,40135 13686,6184 13686
578898,108047 578898,254923 108047,28336 108047,38205 108047,54129 108047,108047 28336,117315 28336,54129 28336,1272 254923,35 254923,415693 254923,210871 38205,35 38205,887 38205,35 54129,210871 35,210872 35,82920 35,117316 117315,54129 117315,13686 1272,4584 1272,287787 415693,35 415693,84021 415693,210872 210871,273152 210871,35 210871,35061 210871,44514 210871,38205 117316,54129 117316,575077 117316,22563 13686,27535 13686,40135 13686,6184 13686,110041 287787,35 287787,143323 84021,1688 84021,35 84021,82920 84021,98698 84021,210871 273152,210872 273152,35 273152,82920 273152,210871 198653,35 198653,198653 887,210871 887,35 887
108974
936
103515,35 103515,8865 103515,210871 35,210872 35,82920 35,35 8865,210872 210871,273152 210871,35 210871,35061 210871,44514 210871,210871 273152,210872 273152,35 273152,82920 273152,35 141342,141342 35061,32083 35061,35 35061
237521,1365 237521
578365
444191,17363 444191,3229 444191,144408 3229,29492 3229,30817 3229,6184 3229,202639 144408,231198 144408,29492 144408,19621 6184,4584 6184,6213 6184,6214 6184,24966 202639,25702 202639,69198 231198,853114 19621,853115 19621,853116 19621,4584 6213,6151 6213,887 6213,853115 853114,4584 6151,6213 6151,887 6151,117 6214,4584 6214,6151 6214,6213 6214
27895
89335,8703 89335,10435 8703,10798 8703,4649 8703,85688 8703,22563 10435,22564 10435,22566 10435,23738 22563,36140 22563,8224 22563,1272 85688,13686 1272,4584 1272,85688 8224,27895 23738,8224 23738,22563 22564,10435 22566,22563 22566,22564 22566,22563 13686,27535 13686,40135 13686,6184 13686
510718,162664 510718,18777 510718,4329 510718,4330 4329,3191 162664,39890 162664,12638 4330,6913 4330,16008 3191,3192 3191,39890 3191,5086 3191,51049 39890,12631 12638,6898 12631,3187 5086,3191 5086,3192 5086,5086 3187,15987 3192,16008 3192,3191 3192
1130847,110041 287787,35 287787,210871 35,210872 35,82920 35,210872 210871,273152 210871,35 210871,35061 210871,44514 210871,210871 273152,210872 273152,35 273152,82920 273152,287787 634938,35 634938,287787 1130847,35 1130847,634938 1130847,35 141342,141342 35061,32083 35061,35 35061
917493,123556 141160,50354 123556,141160 917493,123556 50354
590022,149669 589923,36802 589923,77438 589923,117 149669,189708 149669,39890 149669,6214 149669,36131 77438,37888 77438,36802 37888,77438 37888,51049 39890,117 189708,4584 6151,6213 6151,887 6151,4584 6213,6151 6213,887 6213,117 6214,4584 6214,6151 6214,6213 6214,36802 590022,589923 590022,77438 590022
16461,3229 16461,43186 16461,144408 3229,29492 3229,30817 3229,6184 3229,202639 144408,231198 144408,29492 144408,19621 6184,4584 6184,6213 6184,6214 6184,24966 202639,25702 202639,69198 231198,853114 19621,853115 19621,853116 19621,4584 6213,6151 6213,887 6213,853115 853114,4584 6151,6213 6151,887 6151,117 6214,4584 6214,6151 6214,6213 6214
95188,887 35490,210872 210871,273152 210871,35 210871,35061 210871,44514 210871,210871 35,210872 35,82920 35,210871 198653,35 198653,198653 887,210871 887,35 887,210871 273152,210872 273152,35 273152,82920 273152,20179 20178,91852 20178,91853 20178,117328 91852,20179 91852,64271 91852,943 91852,940 20180,941 20180,20178 91853,20179 91853,20180 91853,20193 91853,20178 64271,35490 64271,117328 95188,20179 95188,35490 95188,64271 95188
124064,114 124064,28542 124064,4584 124064,6213 124064,6214 124064,4584 6213,6151 6213,887 6213,4584 6151,6213 6151,887 6151,117 6214,4584 6214,6151 6214,6213 6214,210872 210871,273152 210871,35 210871,35061 210871,44514 210871,210871 35,210872 35,82920 35,210871 198653,35 198653,198653 887,210871 887,35 887,210871 273152,210872 273152,35 273152,82920 273152
135464
1125953,1272 520471,520471 1125953,13686 1272,4584 1272,22563 13686,27535 13686,40135 13686,6184 13686,23738 22563,36140 22563,8224 22563,51866 27535,8703 27535,19621 6184,4584 6184,6213 6184,6214 6184
30817
52835,1272 52835,39127 52835,13686 1272,4584 1272,22563 13686,27535 13686,40135 13686,6184 13686,23738 22563,36140 22563,8224 22563,51866 27535,8703 27535,19621 6184,4584 6184,6213 6184,6214 6184,85688 8224,27895 23738,8224 23738,51879 51866,8703 51866,853114 19621,853115 19621,853116 19621,4584 6213,6151 6213,887 6213
262178
1109208,263069 148341,148341 1109208
1118848,15076 25702,24043 15076,32276 15076,2696 5869,910 5869,5348 2696,910 5462,25702 910,5462 910,5869 910,77758 910,906 910,25702 1118848,910 1118848
3217
5038,12210 12182,28649 12182,4804 12182,10177 12210,12350 12210,4804 12210,10177 4804,12210 4804,12350 4804,9515 4804,15429 12350,51180 12350,15429 10177,12195 51180,38722 51180,67415 51180,10177 9515,15429 9515,12182 4660,18615 4660,18619 4660,2653 4660,1272 18615,18619 18615,2440 18615,4660 18615,6935 18615,10798 18619,19231 18619,27627 18619,13686 1272,4584 1272,37483 2440,101811 6935,63915 6935,12350 101811,23738 101811,22563 13686,27535 13686,40135 13686,6184 13686,64519 37483,12182 5038,38722 5038,4660 5038,65650 5038,12195 38722,67415 38722,12350 12195,51180 12195,67415 12195,23738 11342,79809 11342,8224 11342,27895 23738,8224 23738,11342 65650,12182 65650,23738 65650,2653 65650,38722 65650,10177 67415,12210 67415,12350 67415,85688 8224,11342 79809,24966 79809,358866 79809,358887 79809,5086 79809,79809 358866
310653,108962 159897,108983 159897,28957 159897,310653 159897,35778 108983,108963 108962,108974 108962,108983 108962,35778 108962,73146 35778,108962 310653,108983 310653,159897 310653,108962 108963,108974 108963,18777 18774,73146 18774,18774 73146,18777 73146,23738 73146,35778 73146,27895 23738,8224 23738
1118823,20584 1118823,360028 1118823,46491 1118823,46547 1118823
1104495
18615,12182 4660,18615 4660,18619 4660,2653 4660,12210 12182,28649 12182,4804 12182,1272 18615,18619 18615,2440 18615,4660 18615,6935 18615,10798 18619,19231 18619,27627 18619,10177 12210,12350 12210,4804 12210,10177 4804,12210 4804,12350 4804,9515 4804,13686 1272,4584 1272,37483 2440,15429 12350,51180 12350,15429 10177,101811 6935,63915 6935,12350 101811,23738 101811,22563 13686,27535 13686,40135 13686,6184 13686,64519 37483,27895 23738,8224 23738,22563 63915,36140 63915,23738 22563,36140 22563,8224 22563,12195 51180,38722 51180,67415 51180,85688 8224,22563 36140,51866 27535,8703 27535,19621 6184,4584 6184,6213 6184,6214 6184,887 64519,51879 51866,8703 51866,853114 19621,853115 19621,853116 19621,4584 6213,6151 6213,887 6213
675756
12576,12576 83725,56112 83725,6741 83725,12576 56112,83725 56112,35 12576,6213 12576,83725 12576,887 12576,4584 6213,6151 6213,887 6213,210871 35,210872 35,82920 35,4584 6151,6213 6151,887 6151,210872 210871,273152 210871,35 210871,35061 210871,44514 210871,210871 198653,35 198653,198653 887,210871 887,35 887,210871 273152,210872 273152,35 273152,82920 273152,35 141342,141342 35061,32083 35061,35 35061
1153024,24476 1153024,89416 1153024,504 89416,506 89416,504 506,89416 506
1126029,114 1126029,27623 1126029,6155 1126029,6214 1126029,114 6155,4584 6155,6151 6155,6213 6155,6214 6155,4584 6151,6213 6151,887 6151,4584 6213,6151 6213,887 6213,117 6214,4584 6214,6151 6214,6213 6214,210872 210871,273152 210871,35 210871,35061 210871,44514 210871,210871 35,210872 35,82920 35,210871 198653,35 198653,198653 887,210871 887,35 887
1130539,64519 37483,887 64519,210872 210871,273152 210871,35 210871,35061 210871,44514 210871,210871 35,210872 35,82920 35,210871 198653,35 198653,198653 887,210871 887,35 887,137790 2354,74749 2354,137790 74749,2354 74749,143323 1130539,198653 1130539,2354 1130539,37483 1130539,9708 1130539,210871 273152,210872 273152,35 273152,82920 273152,35 141342,141342 35061,32083 35061,35 35061
71336
7419,13972 20534,6163 20534,6213 20534,124064 6163,6213 6163,6220 6163,6224 6163,4584 6213,6151 6213,887 6213,114 124064,28542 124064,4584 124064,6213 124064,6214 124064,4584 6151,6213 6151,887 6151,114 6220,124064 6220,28350 6220,28412 6220,6213 6220,114 28350,6213 28350,6213 6215,6214 6215,887 6215,124064 6224,6213 6224,6214 6224,6215 6224,6220 6224,210872 210871,273152 210871,35 210871,35061 210871,44514 210871,210871 35,210872 35,82920 35,210871 198653,35 198653,198653 887,210871 887,35 887,210871 273152,210872 273152,35 273152,82920 273152,20534 7419,6169 7419,6213 7419,28227 6169,114 28227,28350 28227,6213 28227
33301
173884,27535 173884,51909 173884,8703 173884,92589 173884,51866 27535,8703 27535,51879 51909,6741 51909,8703 51909,51879 51866,8703 51866,10435 8703,10798 8703,4649 8703,85688 8703,22563 10435,22564 10435,22566 10435,23738 22563,36140 22563,8224 22563,1272 85688,13686 1272,4584 1272,85688 8224,27895 23738,8224 23738,22563 22564,10435 22566,22563 22566,22564 22566,22563 13686,27535 13686,40135 13686,6184 13686
644494,644448 644494,645870 644494,642894 645870,643221 642894,643221 644448,16819 643221,643239 643221,643485 643221,642894 643485,643221 643485,644577 643485,642621 16819,643221 16819,643239 16819,642894 643239,643221 643239
5075,3932 5075,22386 3932,74975 3932
243483,22229 243483,54131 243483,62634 243483,54132 62634,94639 62634,94641 62634,144701 22229,35061 22229,103515 54131,28851 54131,35 54131,66556 54131,22229 144701,35061 144701,35 103515,8865 103515,210871 35,210872 35,82920 35,35 66556,575077 66556,85352 66556,35 28851,35 141342,141342 35061,32083 35061,35 35061,210872 210871,273152 210871,35 210871,35061 210871,44514 210871,575077 94641,210871 575077,35 575077,35 8865,210871 273152,210872 273152,35 273152,82920 273152,35 85352
1120084,180399 1120084,385572 1120084,180373 180399,3231 180399,180399 385572,25184 385572,25181 25184,27174 25184,3229 25184,3231 25184,10796 180373,27174 180373,59798 180373,77758 180373,10169 3231,17798 3231,39127 3231,39131 3231,6334 3231,3229 25181,59798 25181,144408 3229,29492 3229,30817 3229,6184 3229,25181 27174,3229 27174,59798 27174,10798 10796,6213 10796,887 10796,10169 6334,3231 6334,39131 6334,6767 6334,10177 10169,15429 10169,158614 10169,202639 144408,231198 144408,29492 144408,19621 6184,4584 6184,6213 6184,6214 6184,4584 6213,6151 6213,887 6213,10169 17798,10169 39131,17798 39131,39130 39131,3240 39130,97377 39130,10169 158614,15429 10177
1128959,35 1128959,56709 1128959,210871 35,210872 35,82920 35,210872 210871,273152 210871,35 210871,35061 210871,44514 210871,114 28287,28290 28287,4584 28287,56708 28287,56709 28287,12576 28290,35 28290,35 12576,6213 12576,83725 12576,887 12576,12576 56709,28287 56709,28290 56709,56708 56709,210871 273152,210872 273152,35 273152,82920 273152,4584 6213,6151 6213,887 6213,35 141342,141342 35061,32083 35061,35 35061,12576 83725,56112 83725,6741 83725,12576 56112,83725 56112,4584 6151,6213 6151,887 6151,210871 198653,35 198653,198653 887,210871 887,35 887
1152917,4330 1152917,6913 1152917,12638 4330,6913 4330,646286 6913,646289 6913,126927 646286,16819 646286,642681 646286,642894 646286,643221 646286,16819 643221,643239 643221,643485 643221,642847 642681,643221 642894,642621 16819,643221 16819,643239 16819,103543 126927,126920 126927,643221 126927,643239 126927,645897 126927,12631 12638,6898 12631,642894 643485,643221 643485,644577 643485,38537 642847,126927 126920,126909 103543,126912 103543,126920 103543,126926 103543,126927 103543
644334,16819 644334,642681 644334,644441 644334,642847 642681,642621 16819,643221 16819,643239 16819,38537 642847,16819 643221,643239 643221,643485 643221,642681 644441,642894 643239,643221 643239,643221 642894,642894 643485,643221 643485,644577 643485
52007,52000 52007,52003 52000,73712 52003
1114118,119712 1114118,910 1114118,2696 5869,910 5869,910 5462,25702 910,5462 910,5869 910,77758 910,906 910,5348 2696,15076 25702,24043 15076,32276 15076
1125092,197054 1125092,45603 1125092,48764 1125092,8872 1125092,182093 197054,182094 197054,35 197054,41714 197054,8872 197054,190706 182094,41714 182094,35 41714,44455 41714,210871 35,210872 35,82920 35,35 190706,41714 190706,45605 190706,210872 210871,273152 210871,35 210871,35061 210871,44514 210871,41714 44455,210871 273152,210872 273152,35 273152,82920 273152
118259,6209 118259
1131116,148341 1131116,259702 1131116,263069 1131116,35 1131116,263069 148341,210871 35,210872 35,82920 35,35 259702,640617 259702,82920 259702,210872 210871,273152 210871,35 210871,35061 210871,44514 210871,35 640617,85352 640617,210871 273152,210872 273152,35 273152,82920 273152,35 141342,141342 35061,32083 35061,35 35061,35 85352
65074,137130 65074,89416 65074,89416 137130,504 89416,506 89416,504 506,89416 506
3222
1131165
1116268,2653 1116268,27241 1116268,36145 1116268,6334 1116268,8617 1116268,10169 6334,3231 6334,39131 6334,6767 6334,8617 36145,8619 36145,10169 3231,17798 3231,39127 3231,39131 3231,6334 3231,10177 10169,15429 10169,158614 10169,10169 39131,17798 39131,39130 39131,3240 39130,97377 39130,22563 6767,3218 6767,23738 22563,36140 22563,8224 22563,10169 158614,15429 10177,10169 17798,97377 3240,85688 8224,27895 23738,8224 23738,10177 15429
1131565,62329 1131565,650807 1131565,427606 62329,35 427606,210871 35,210872 35,82920 35,210872 210871,273152 210871,35 210871,35061 210871,44514 210871
714975,15984 714975,39890 714975,523394 714975,6786 714975,51049 39890,15987 523394,16008 523394,39890 523394,523574 523394
46547,46491 46547
137359
95198
1113459,114 91975,128 91975,28471 91975,6213 91975,89547 91975,114 128,28487 128,4584 128,6213 128,4584 6213,6151 6213,887 6213,114 28471,117 28471,6213 28471,89547 28471,4584 6151,6213 6151,887 6151,15429 89547,10177 15429,15429 10177,210872 210871,273152 210871,35 210871,35061 210871,44514 210871,210871 35,210872 35,82920 35,210871 198653,35 198653,198653 887,210871 887,35 887,114 28350,6213 28350,28350 241133,6213 241133,210871 273152,210872 273152,35 273152,82920 273152,153598 1113459,241133 1113459,28350 1113459,6213 1113459,91975 1113459,28491 153598,6213 153598
1152714,133566 1152714,133567 1152714,5194 1152714,133550 133566,133563 133566,133567 133566,5194 133566,3229 133550,5194 133550,48550 133563,48555 133563,5194 133563,144408 3229,29492 3229,30817 3229,6184 3229,289945 48550,3229 48550,48555 48550,910 48550,202639 144408,231198 144408,29492 144408,19621 6184,4584 6184,6213 6184,6214 6184
1104182,27623 1104182,38480 1104182,114 38480,117 38480,6209 38480,6213 38480,6214 38480,4584 6213,6151 6213,887 6213,4584 6151,6213 6151,887 6151,117 6214,4584 6214,6151 6214,6213 6214,210872 210871,273152 210871,35 210871,35061 210871,44514 210871,210871 35,210872 35,82920 35,210871 198653,35 198653,198653 887,210871 887,35 887
644843
1128425,29723 6818,300806 6818,52515 300806,300806 29723,35905 29723,3229 52515,91038 52515,29723 35905,910 35905,144408 3229,29492 3229,30817 3229,6184 3229,2665 582139,68224 582139,237489 2665,237521 2665,8581 2665,1365 237521,135464 237489,2665 237489,5454 1128425,582139 1128425,6818 1128425,68224 1128425
1153031
756061
18251,23258 18251,114 23258,136665 23258,28485 23258,6214 23258,85299 23258,114 28485,6209 28485,6213 28485,114 136665,4584 6213,6151 6213,887 6213,4584 6151,6213 6151,887 6151,117 6214,4584 6214,6151 6214,6213 6214
97377,8224 97377,85688 8224,1272 85688,13686 1272,4584 1272,22563 13686,27535 13686,40135 13686,6184 13686
1131189,643003 1131189,16819 643003,642621 16819,643221 16819,643239 16819,16819 643221,643239 643221,643485 643221,642894 643239,643221 643239,643221 642894,642894 643485,643221 643485,644577 643485
1133047,84021 1133047,143323 84021,1688 84021,35 84021,82920 84021,98698 84021,35 1688,58758 1688,210871 35,210872 35,82920 35,35 98698,82920 98698,84021 98698,210872 210871,273152 210871,35 210871,35061 210871,44514 210871,576973 58758,58758 576973,210871 273152,210872 273152,35 273152,82920 273152
1152448,36162 1152448,40151 1152448,6334 1152448,10169 6334,3231 6334,39131 6334,6767 6334,2354 40151,137790 2354,74749 2354,10169 3231,17798 3231,39127 3231,39131 3231,6334 3231,10177 10169,15429 10169,158614 10169,10169 39131,17798 39131,39130 39131,3240 39130,97377 39130,22563 6767,3218 6767,23738 22563,36140 22563,8224 22563,10169 158614,15429 10177,137790 74749,2354 74749,10169 17798,97377 3240,85688 8224,27895 23738,8224 23738,10177 15429
11339,11326 11339,11339 11326
1138970
141342,35 141342,210871 35,210872 35,82920 35,210872 210871,273152 210871,35 210871,35061 210871,44514 210871,210871 273152,210872 273152,35 273152,82920 273152,141342 35061,32083 35061,35 35061
53942
1106103,6346 1106103,6767 1106103,22563 6767,3218 6767,23738 22563,36140 22563,8224 22563,85688 8224,27895 23738,8224 23738,22563 36140
206259,117 206259,28487 206259,28542 206259
69198,267824 69198
205196,815073 205196,815096 205196,205196 815096,574264 815096,35 574264,210871 35,210872 35,82920 35,210872 210871,273152 210871,35 210871,35061 210871,44514 210871
574264,35 574264,210871 35,210872 35,82920 35,210872 210871,273152 210871,35 210871,35061 210871,44514 210871,210871 273152,210872 273152,35 273152,82920 273152,35 141342,141342 35061,32083 35061,35 35061
358894,79809 31863,91581 31863,11342 79809,24966 79809,358866 79809,358887 79809,5086 79809,23738 11342,79809 11342,8224 11342,79809 358866,1272 560936,1365 560936,562123 560936,6784 560936,137868 91581,31863 91581,560936 91581,79809 91581,38537 137868,3187 5086,3191 5086,3192 5086,16008 3191,3192 3191,39890 3191,5086 3191,5086 3187,85688 8224,27895 23738,8224 23738,1365 562123,560936 562123,6784 562123,13686 1272,4584 1272,22563 13686,27535 13686,40135 13686,6184 13686,31863 358894,358866 358894,358884 358894,358887 358894,91581 358894,13212 358884
684986,4330 684986,12638 4330,6913 4330,12631 12638,6898 12631,646286 6913,646289 6913,126927 646286,16819 646286,642681 646286,642894 646286,643221 646286,16819 643221,643239 643221,643485 643221,642847 642681,643221 642894,642621 16819,643221 16819,643239 16819,103543 126927,126920 126927,643221 126927,643239 126927,645897 126927
1109185,25702 147870,147870 1109185,15076 25702,24043 15076,32276 15076
1130567,4584 6151,6213 6151,887 6151,4584 6213,6151 6213,887 6213,210872 210871,273152 210871,35 210871,35061 210871,44514 210871,210871 35,210872 35,82920 35,210871 198653,35 198653,198653 887,210871 887,35 887,210871 273152,210872 273152,35 273152,82920 273152,4584 628815,6213 628815,4584 1130567,6151 1130567,6169 1130567,6213 1130567,628815 1130567,28227 6169,114 28227,28350 28227,6213 28227,114 28350,6213 28350
621555
593210,195792 19045,887 19045,251756 195792,62329 195792,62329 251756,210872 210871,273152 210871,35 210871,35061 210871,44514 210871,210871 35,210872 35,82920 35,210871 198653,35 198653,198653 887,210871 887,35 887,210871 273152,210872 273152,35 273152,82920 273152,227178 593240,35 593240,578845 593240,593155 593240,44455 227178,62329 593155,41714 44455,35 41714,44455 41714,427606 62329,35 427606,19045 593210,195792 593210,459216 593210,593209 593210,593240 593210,22229 459216,144701 22229,35061 22229,22229 144701,35061 144701,35 141342,141342 35061,32083 35061,35 35061
1115375,230879 2658,2665 2658,696345 2658,237489 2665,237521 2665,8581 2665,1365 237521,135464 237489,2665 237489,205192 578337,230879 578337,2665 578337,99030 578337,230879 696345,2658 696345,2665 696345,578337 696345,230879 205192,2665 205192,2658 282700,2658 1115375,2665 1115375,282700 1115375
148399,12158 148399,12247 148399,27199 148399,27203 148399,12198 12158,12350 12158,20601 12158,20602 12158,12199 12247,20601 12247,20602 12247,219239 12247,12194 27199,42209 27199,42221 27199,12350 20601,20602 20601,15429 12350,51180 12350,10177 12198,12350 12198,27612 12198,12158 12199,12198 12199,20601 12199,20602 12199,12182 219239,15429 219239,157761 219239,42207 219239,42221 42209,12350 20602,20601 20602,12195 51180,38722 51180,67415 51180,12198 27612,12350 27612,6125 27612,15429 10177,12210 12182,28649 12182,4804 12182,1246 42207,20601 42207,20602 42207,95225 42207,12182 157761,155738 157761,219239 157761,4804 157761,12195 38722,67415 38722,12350 12195,51180 12195,67415 12195,10177 15429,10177 12210,12350 12210,4804 12210,10177 4804,12210 4804,12350 4804,9515 4804,155736 155738,28649 155738
55770
1153784,289780 1153784,289781 1153784,35 289781,87417 289781,289779 289780,289781 289780,35 289780,87417 289780,210871 35,210872 35,82920 35,35 289779,87417 289779,210872 210871,273152 210871,35 210871,35061 210871,44514 210871,210871 273152,210872 273152,35 273152,82920 273152
202520
1120169,137380 85449,262178 85449,46491 137380,10169 85452,1272 85452,13686 1272,4584 1272,10177 10169,15429 10169,158614 10169,22563 13686,27535 13686,40135 13686,6184 13686,10169 158614,15429 10177,23738 22563,36140 22563,8224 22563,51866 27535,8703 27535,19621 6184,4584 6184,6213 6184,6214 6184,10177 15429,3218 1120169,46491 1120169,85449 1120169,85452 1120169
1132073
87915,137130 23070,23069 23070,65074 23070,74698 23070,87915 23070,134315 23069,134320 23069,74700 23069,89416 137130,137130 65074,89416 65074,65074 65057,23070 74698,65057 74698,65074 74698,23070 87915,65074 87915,23069 74700,504 89416,506 89416,504 506,89416 506
128383,41417 128383,70444 128383,10435 41417,22563 10435,22564 10435,22566 10435,23738 22563,36140 22563,8224 22563,85688 8224,27895 23738,8224 23738,22563 22564,10435 22566,22563 22566,22564 22566
686061,19231 686061,27623 686061,27627 686061,28254 686061,27623 28254,27627 28254,27631 28254,27632 28254,4329 28254,28412 27631,3229 27631,6184 27631,6214 27631,70520 27631,4330 4329,144408 3229,29492 3229,30817 3229,6184 3229,19621 6184,4584 6184,6213 6184,6214 6184,12638 4330,6913 4330,202639 144408,231198 144408,29492 144408,853114 19621,853115 19621,853116 19621,4584 6213,6151 6213,887 6213,4584 6151,6213 6151,887 6151,117 6214,4584 6214,6151 6214,6213 6214
144212,35 190706,41714 190706,45605 190706,35 41714,44455 41714,210871 35,210872 35,82920 35,240791 45605,32083 45605,35061 45605,19621 240791,35061 240791,45605 240791,210872 210871,273152 210871,35 210871,35061 210871,44514 210871,35 141342,141342 35061,32083 35061,35 35061,853114 19621,853115 19621,853116 19621,41714 44455,210871 273152,210872 273152,35 273152,82920 273152,853115 853114,190706 144212,41714 144212,45605 144212
459214,35 103515,8865 103515,210871 35,210872 35,82920 35,35 8865,210872 210871,273152 210871,35 210871,35061 210871,44514 210871,210871 273152,210872 273152,35 273152,82920 273152,22229 243483,54131 243483,62634 243483,54132 62634,94639 62634,94641 62634,144701 22229,35061 22229,103515 54131,28851 54131,35 54131,66556 54131,22229 144701,35061 144701,35 66556,575077 66556,85352 66556,35 28851,35 141342,141342 35061,32083 35061,35 35061,103515 459214,243483 459214,54131 459214,35 85352,210871 575077,35 575077
280876,5086 3187,3187 5086,3191 5086,3192 5086,16008 3191,3192 3191,39890 3191,5086 3191,51049 39890,15987 3192,16008 3192,3191 3192,137849 17242,109323 137849,5086 137849,5086 109323,17242 280876,3187 280876
28359,35863 28359,28359 35863,3229 35863,6213 35863,144408 3229,29492 3229,30817 3229,6184 3229,4584 6213,6151 6213,887 6213,202639 144408,231198 144408,29492 144408,19621 6184,4584 6184,6213 6184,6214 6184,4584 6151,6213 6151,887 6151,24966 202639,25702 202639,69198 231198,853114 19621,853115 19621,853116 19621,210872 210871,273152 210871,35 210871,35061 210871,44514 210871,210871 35,210872 35,82920 35,210871 198653,35 198653,198653 887,210871 887,35 887
263553,12638 263553,6910 263553,6898 12631,12631 6910,12638 6910,263553 6910,444191 6910,6898 6910,12631 12638,124224 6898,12631 6898,12638 6898,6898 124224,17363 444191,3229 444191,144408 3229,29492 3229,30817 3229,6184 3229,202639 144408,231198 144408,29492 144408,19621 6184,4584 6184,6213 6184,6214 6184
1129027,35 1129027,85352 1129027,210871 35,210872 35,82920 35,210872 210871,273152 210871,35 210871,35061 210871,44514 210871,35 85352,210871 273152,210872 273152,35 273152,82920 273152,35 141342,141342 35061,32083 35061,35 35061
299197,4330 299197,6213 299197,85299 299197,85324 299197,887 299197,4584 6213,6151 6213,887 6213,12638 4330,6913 4330,4584 6151,6213 6151,887 6151,210872 210871,273152 210871,35 210871,35061 210871,44514 210871,210871 35,210872 35,82920 35,210871 198653,35 198653,198653 887,210871 887,35 887,12631 12638,6898 12631,210871 273152,210872 273152,35 273152,82920 273152,646286 6913,646289 6913,126927 646286,16819 646286,642681 646286,642894 646286,643221 646286,16819 643221,643239 643221,643485 643221,642847 642681,643221 642894,642621 16819,643221 16819,643239 16819,103543 126927,126920 126927,643221 126927,643239 126927,645897 126927,35 141342,141342 35061,32083 35061,35 35061
545647,11335 582511,545647 582511,5959 582511,11335 545647,582511 545647,5959 545647,37483 5959,64519 37483,887 64519
72908,2440 72908,37483 2440,64519 37483,887 64519
6913,646286 6913,646289 6913,126927 646286,16819 646286,642681 646286,642894 646286,643221 646286,16819 643221,643239 643221,643485 643221,642847 642681,643221 642894,642621 16819,643221 16819,643239 16819,103543 126927,126920 126927,643221 126927,643239 126927,645897 126927,642894 643485,643221 643485,644577 643485,38537 642847,126927 126920,126909 103543,126912 103543,126920 103543,126926 103543,126927 103543,642894 643239,643221 643239,126926 126909,440815 645571,126920 645897,126927 645897,643221 645897,644577 645897,645571 645897
627024,278394 627024,278403 627024,35797 627024,1786 35797,36140 35797,4330 35797,6784 35797,22563 1786,27895 1786,46547 1786,12638 4330,6913 4330,22563 36140,23738 22563,36140 22563,8224 22563,85688 8224,27895 23738,8224 23738,12631 12638,6898 12631
137873,16008 3191,3192 3191,39890 3191,5086 3191,51049 39890,3187 5086,3191 5086,3192 5086,5086 3187,15987 3192,16008 3192,3191 3192,1997 7032,25772 1997,3233 1997,116528 25772,77758 25772,1997 3233,3236 3233,3240 3233,49811 3233,97377 3240,3191 137873,4330 137873,7032 137873,12638 4330,6913 4330,12631 12638,6898 12631,646286 6913,646289 6913,126927 646286,16819 646286,642681 646286,642894 646286,643221 646286,16819 643221,643239 643221,643485 643221,642847 642681,643221 642894,642621 16819,643221 16819,643239 16819,103543 126927,126920 126927,643221 126927,643239 126927,645897 126927
1104258,131042 40125,141596 40125,24974 40125,34315 40125,24966 131042,24974 131042,910 131042,2696 5869,910 5869,910 5462,25702 910,5462 910,5869 910,77758 910,906 910,145176 40124,19697 40124,23116 40124,24966 40124,24966 145176,24966 23116,253762 23116,27627 23116,65212 23116,24966 19697,24974 1104258,40124 1104258,40125 1104258
1119178,14531 56167,17798 56167,53942 56167,10169 17798,10177 10169,15429 10169,158614 10169,56167 1119178,10169 158614,15429 10177
100197,3229 100197,144408 3229,29492 3229,30817 3229,6184 3229,202639 144408,231198 144408,29492 144408,19621 6184,4584 6184,6213 6184,6214 6184,24966 202639,25702 202639,69198 231198,853114 19621,853115 19621,853116 19621,4584 6213,6151 6213,887 6213,853115 853114,4584 6151,6213 6151,887 6151,117 6214,4584 6214,6151 6214,6213 6214
116084,6639 178209,22431 6639,3218 6639,8224 6639,75121 22431,8224 22431,85688 8224,267003 75121,85688 75121,434 267003,1272 85688,13686 1272,4584 1272,178209 116084,39127 116084,6639 116084
1113541,12359 242637,202639 242637,910 242637,242637 1113541,24966 202639,25702 202639,16476 12359,8617 12359,2696 5869,910 5869,910 5462,25702 910,5462 910,5869 910,77758 910,906 910,15076 25702,24043 15076,32276 15076,5348 2696
41714,35 41714,44455 41714,210871 35,210872 35,82920 35,41714 44455,210872 210871,273152 210871,35 210871,35061 210871,44514 210871,210871 273152,210872 273152,35 273152,82920 273152,35 141342,141342 35061,32083 35061,35 35061
1112099,12182 12165,12195 12165,12211 12165,12238 12165,12210 12182,28649 12182,4804 12182,12182 12211,6125 12211,12350 12195,51180 12195,67415 12195,10177 12210,12350 12210,4804 12210,10177 4804,12210 4804,12350 4804,9515 4804,12195 51180,38722 51180,67415 51180,15429 12350,51180 12350,15429 10177,12210 6125,12350 6125,1246 6125,2653 6125,59626 6125,12195 38722,67415 38722,10177 67415,12210 67415,12350 67415,101261 101263,12238 101263,101263 1112099,12165 1112099,12195 1112099,12238 1112099,10177 15429
1102400,1237 1102400,1246 1102400,152226 1102400,152227 152226,5959 152226,37483 5959,64519 37483,12350 152227,15429 12350,51180 12350,887 64519,12195 51180,38722 51180,67415 51180
1130586,815073 205196,815096 205196,205196 1130586,205196 815096,574264 815096,35 574264,210871 35,210872 35,82920 35
1119078,4274 1119078,51866 1119078,8703 1119078,51879 51866,8703 51866,10435 8703,10798 8703,4649 8703,85688 8703,22563 10435,22564 10435,22566 10435,23738 22563,36140 22563,8224 22563,1272 85688,13686 1272,4584 1272,85688 8224,27895 23738,8224 23738,22563 22564,10435 22566,22563 22566,22564 22566,22563 13686,27535 13686,40135 13686,6184 13686
63832,12576 28290,35 28290,35 12576,6213 12576,83725 12576,887 12576,210871 35,210872 35,82920 35,4584 6213,6151 6213,887 6213,210872 210871,273152 210871,35 210871,35061 210871,44514 210871,12576 83725,56112 83725,6741 83725,12576 56112,83725 56112,4584 6151,6213 6151,887 6151,210871 198653,35 198653,198653 887,210871 887,35 887,210871 273152,210872 273152,35 273152,82920 273152,12576 63832,28290 63832,56112 63832,56115 63832,56119 63832,12576 56119,35 56119,56112 56119,56115 56119,83725 56119,56112 56115,83725 56115
1121254,33231 1121254,4335 1121254,6818 1121254,29723 6818,300806 6818,52515 300806,300806 29723,35905 29723,3229 52515,91038 52515,29723 35905,910 35905,144408 3229,29492 3229,30817 3229,6184 3229
126912,103537 126912,103543 126912,126909 103543,126912 103543,126920 103543,126926 103543,126927 103543,18777 103537,28957 103537,126927 126920,103543 126927,126920 126927,643221 126927,643239 126927,645897 126927,126926 126909,16819 643221,643239 643221,643485 643221,642894 643239,643221 643239,643221 642894,642894 643485,643221 643485,644577 643485,642621 16819,643221 16819,643239 16819,440815 645571,126920 645897,126927 645897,643221 645897,644577 645897,645571 645897
6385
28473,6378 28473,6385 28473,10183 6378,6214 6378,6385 6378,10798 10183,4584 6151,6213 6151,887 6151,4584 6213,6151 6213,887 6213,117 6214,4584 6214,6151 6214,6213 6214
642641
1136310
285687
1128267,117 28202,25791 28202,6163 28202,6213 28202,124064 6163,6213 6163,6220 6163,6224 6163,4584 6213,6151 6213,887 6213,114 124064,28542 124064,4584 124064,6213 124064,6214 124064,4584 6151,6213 6151,887 6151,114 6220,124064 6220,28350 6220,28412 6220,6213 6220,114 28350,6213 28350,6213 6215,6214 6215,887 6215,124064 6224,6213 6224,6214 6224,6215 6224,6220 6224,210872 210871,273152 210871,35 210871,35061 210871,44514 210871,210871 35,210872 35,82920 35,210871 198653,35 198653,198653 887,210871 887,35 887,210871 273152,210872 273152,35 273152,82920 273152,28202 1128267,6213 1128267
6910,124224 6898,12631 6898,12638 6898,6898 124224,6898 12631,12631 12638,17363 444191,3229 444191,144408 3229,29492 3229,30817 3229,6184 3229,202639 144408,231198 144408,29492 144408,19621 6184,4584 6184,6213 6184,6214 6184,24966 202639,25702 202639,69198 231198,853114 19621,853115 19621,853116 19621,4584 6213,6151 6213,887 6213,12638 263553,6910 263553,12631 6910,12638 6910,263553 6910,444191 6910,6898 6910
82098,3229 82098,35 82098,144408 3229,29492 3229,30817 3229,6184 3229,210871 35,210872 35,82920 35,202639 144408,231198 144408,29492 144408,19621 6184,4584 6184,6213 6184,6214 6184,210872 210871,273152 210871,35 210871,35061 210871,44514 210871,24966 202639,25702 202639,69198 231198,853114 19621,853115 19621,853116 19621,4584 6213,6151 6213,887 6213,210871 273152,210872 273152,35 273152,82920 273152,853115 853114,4584 6151,6213 6151,887 6151,117 6214,4584 6214,6151 6214,6213 6214,35 141342,141342 35061,32083 35061,35 35061
1152508,35 1152508,210871 35,210872 35,82920 35,210872 210871,273152 210871,35 210871,35061 210871,44514 210871,210871 273152,210872 273152,35 273152,82920 273152,35 141342,141342 35061,32083 35061,35 35061
1105531,16008 1105531,28957 1105531,33231 1105531,6818 1105531,29723 6818,300806 6818,52515 300806,300806 29723,35905 29723,3229 52515,91038 52515,29723 35905,910 35905,144408 3229,29492 3229,30817 3229,6184 3229
1113614,134128 1113614,6213 1113614,887 1113614,4584 6213,6151 6213,887 6213,218410 134128,6163 134128,6213 134128,6220 134128,887 134128,4584 6151,6213 6151,887 6151,210872 210871,273152 210871,35 210871,35061 210871,44514 210871,210871 35,210872 35,82920 35,210871 198653,35 198653,198653 887,210871 887,35 887,6213 218410,124064 6163,6213 6163,6220 6163,6224 6163,210871 273152,210872 273152,35 273152,82920 273152,114 6220,124064 6220,28350 6220,28412 6220,6213 6220,114 28350,6213 28350,114 124064,28542 124064,4584 124064,6213 124064,6214 124064,35 141342,141342 35061,32083 35061,35 35061,6213 6215,6214 6215,887 6215,124064 6224,6213 6224,6214 6224,6215 6224,6220 6224
49660,10169 49660,3231 49660,39127 49660,40151 49660,10169 3231,17798 3231,39127 3231,39131 3231,6334 3231,10177 10169,15429 10169,158614 10169,2354 40151,137790 2354,74749 2354,10169 6334,3231 6334,39131 6334,6767 6334,10169 158614,15429 10177,10169 17798,10169 39131,17798 39131,39130 39131,3240 39130,97377 39130,10177 15429,137790 74749,2354 74749,97377 3240,22563 6767,3218 6767,23738 22563,36140 22563,8224 22563
69418,32688 69418,4330 69418,4330 32688,12638 4330,6913 4330,12631 12638,6898 12631,646286 6913,646289 6913,126927 646286,16819 646286,642681 646286,642894 646286,643221 646286,16819 643221,643239 643221,643485 643221,642847 642681,643221 642894,642621 16819,643221 16819,643239 16819,103543 126927,126920 126927,643221 126927,643239 126927,645897 126927
27632,27623 27632,27627 27632
399339,6184 399339,6213 399339,6214 399339,4584 6213,6151 6213,887 6213,19621 6184,4584 6184,6213 6184,6214 6184,4584 6151,6213 6151,887 6151,853114 19621,853115 19621,853116 19621,117 6214,4584 6214,6151 6214,6213 6214,210872 210871,273152 210871,35 210871,35061 210871,44514 210871,210871 35,210872 35,82920 35,210871 198653,35 198653,198653 887,210871 887,35 887,853115 853114,210871 273152,210872 273152,35 273152,82920 273152,19621 853116,853114 853116,853115 853116
354004,5086 354004,3187 5086,3191 5086,3192 5086,16008 3191,3192 3191,39890 3191,5086 3191,5086 3187,51049 39890,15987 3192,16008 3192,3191 3192
1131330
1128453,289780 1128453,289781 1128453,35 1128453,87417 1128453,35 289781,87417 289781,210871 35,210872 35,82920 35,289779 289780,289781 289780,35 289780,87417 289780,210872 210871,273152 210871,35 210871,35061 210871,44514 210871,35 289779,87417 289779,210871 273152,210872 273152,35 273152,82920 273152,35 141342,141342 35061,32083 35061,35 35061
2665,237489 2665,237521 2665,8581 2665,1365 237521,135464 237489,2665 237489
69296,178718 69296,206371 69296,35 69296,69284 69296,210871 35,210872 35,82920 35,35 206371,69284 206371,69296 206371,1688 69284,35 69284,46079 69284,56115 69284,58758 69284,35 1688,58758 1688,56112 56115,83725 56115,210872 210871,273152 210871,35 210871,35061 210871,44514 210871,576973 58758,58758 576973,12576 56112,83725 56112,35 46079,210871 273152,210872 273152,35 273152,82920 273152,12576 83725,56112 83725,6741 83725,35 12576,6213 12576,83725 12576,887 12576,35 141342,141342 35061,32083 35061,35 35061
688824
100961,35797 100961,6784 100961,1786 35797,36140 35797,4330 35797,6784 35797,22563 1786,27895 1786,46547 1786,12638 4330,6913 4330,22563 36140,23738 22563,36140 22563,8224 22563,85688 8224,27895 23738,8224 23738,12631 12638,6898 12631
593921,54132 593921,579008 593921,593104 593921,35 579008,54132 579008,575077 579008,210871 35,210872 35,82920 35,210872 210871,273152 210871,35 210871,35061 210871,44514 210871,210871 575077,35 575077,210871 273152,210872 273152,35 273152,82920 273152
578649,35 54129,210871 35,210872 35,82920 35,210872 210871,273152 210871,35 210871,35061 210871,44514 210871,210871 273152,210872 273152,35 273152,82920 273152,108047 578646,54129 578646,578898 578646,108047 578898,254923 108047,28336 108047,38205 108047,54129 108047,108047 28336,117315 28336,54129 28336,1272 254923,35 254923,415693 254923,210871 38205,35 38205,887 38205,117316 117315,54129 117315,13686 1272,4584 1272,287787 415693,35 415693,84021 415693,108047 578649,116545 578649,54129 578649,578646 578649,578650 578649,38205 117316,54129 117316,575077 117316,22563 13686,27535 13686,40135 13686,6184 13686,110041 287787,35 287787,143323 84021,1688 84021,35 84021,82920 84021,98698 84021,210871 198653,35 198653,198653 887,210871 887,35 887
13982,34979 13982,13982 34979
6378,10183 6378,6214 6378,6385 6378,10798 10183,4584 6151,6213 6151,887 6151,4584 6213,6151 6213,887 6213,117 6214,4584 6214,6151 6214,6213 6214,210872 210871,273152 210871,35 210871,35061 210871,44514 210871,210871 35,210872 35,82920 35,210871 198653,35 198653,198653 887,210871 887,35 887
14549,14545 14549,31479 14549,7047 14549,51934 14545
753264,753047 753264,753070 753264,753070 753047,753264 753047,753265 753047,175548 753070,753047 753070,4330 753265,753047 753265,12638 4330,6913 4330
416964
1130808,230879 2658,2665 2658,696345 2658,237489 2665,237521 2665,8581 2665,1365 237521,135464 237489,2665 237489,205192 578337,230879 578337,2665 578337,99030 578337,230879 696345,2658 696345,2665 696345,578337 696345,230879 205192,2665 205192,230879 1130808,2658 1130808,2665 1130808
273949,133553 105856,133563 105856,16485 105856,175548 105856,48550 133563,48555 133563,5194 133563,141160 133553,289945 48550,3229 48550,48555 48550,910 48550,144408 3229,29492 3229,30817 3229,6184 3229,123556 141160,50354 123556,16474 16471,12337 16474,16437 16474,16471 16474,16476 16474,105856 273949,16471 273949,687401 273949
28491
1108167,124734 25805,166989 25805,20601 25805,4804 25805,12350 20601,20602 20601,10177 124734,20601 124734,27606 124734,59626 124734,10177 4804,12210 4804,12350 4804,9515 4804,15429 12350,51180 12350,15429 10177,10177 12210,12350 12210,4804 12210,12350 20602,20601 20602,12195 51180,38722 51180,67415 51180,10177 27606,10177 9515,15429 9515,12195 38722,67415 38722,12350 12195,51180 12195,67415 12195,10177 15429,124734 1108167,1272 1108167,20601 1108167,20602 1108167,25805 1108167,13686 1272,4584 1272,22563 13686,27535 13686,40135 13686,6184 13686,23738 22563,36140 22563,8224 22563,51866 27535,8703 27535,19621 6184,4584 6184,6213 6184,6214 6184,85688 8224,27895 23738,8224 23738,51879 51866,8703 51866,853114 19621,853115 19621,853116 19621,4584 6213,6151 6213,887 6213
152483,1688 152483,85352 152483,35 1688,58758 1688,210871 35,210872 35,82920 35,35 85352,576973 58758,58758 576973,210872 210871,273152 210871,35 210871,35061 210871,44514 210871,210871 273152,210872 273152,35 273152,82920 273152
155158
642894,643221 642894,16819 643221,643239 643221,643485 643221,642894 643485,643221 643485,644577 643485,642621 16819,643221 16819,643239 16819,642894 643239,643221 643239,643221 644577,644427 644577
1105394,114 1105394,64484 1105394,114 64484
72805
118559,3229 118559,144408 3229,29492 3229,30817 3229,6184 3229,202639 144408,231198 144408,29492 144408,19621 6184,4584 6184,6213 6184,6214 6184,24966 202639,25702 202639,69198 231198,853114 19621,853115 19621,853116 19621,4584 6213,6151 6213,887 6213,853115 853114,4584 6151,6213 6151,887 6151,117 6214,4584 6214,6151 6214,6213 6214
1152564,15889 1152564,3112 1152564,3085 15889,77826 3112,77829 3112,20193 3085,566653 3085,566664 3085,3112 77829,3112 77826,5600 77826,54550 5600,10183 54550
431206,124224 6898,12631 6898,12638 6898,6898 124224,6898 12631,12631 12638,431206 662572,78994 662572,662572 431206,6898 431206,6910 431206,6913 431206,12631 78994,6898 78994,12638 263553,6910 263553,12631 6910,12638 6910,263553 6910,444191 6910,6898 6910,646286 6913,646289 6913,126927 646286,16819 646286,642681 646286,642894 646286,643221 646286,16819 643221,643239 643221,643485 643221,642847 642681,643221 642894,642621 16819,643221 16819,643239 16819,103543 126927,126920 126927,643221 126927,643239 126927,645897 126927,642894 643485,643221 643485,644577 643485,38537 642847,126927 126920,126909 103543,126912 103543,126920 103543,126926 103543,126927 103543,17363 444191,3229 444191,144408 3229,29492 3229,30817 3229,6184 3229,202639 144408,231198 144408,29492 144408,19621 6184,4584 6184,6213 6184,6214 6184
47684,424 47684,47682 47684,68115 47684,197452 424,77758 424,24966 197452,36162 197452
1110438,116528 1110438,2654 1110438,4330 1110438,7032 1110438,12638 4330,6913 4330,1997 7032,25772 1997,3233 1997,116528 25772,77758 25772,1997 3233,3236 3233,3240 3233,49811 3233,12631 12638,6898 12631,97377 3240,646286 6913,646289 6913,126927 646286,16819 646286,642681 646286,642894 646286,643221 646286,16819 643221,643239 643221,643485 643221,642847 642681,643221 642894,642621 16819,643221 16819,643239 16819,103543 126927,126920 126927,643221 126927,643239 126927,645897 126927
1120138,33818 78557,33823 78557,78552 78557,78555 78557,33823 33818,78552 33818,78555 33818,78557 33818,9586 33818,33818 78552,33823 78552,78511 9586,78552 9586,78557 9586,141342 78511,35 78511,78552 78511,78557 78511,35 141342,210871 35,210872 35,82920 35,33818 1120138,78508 1120138,78555 1120138,78557 1120138,9586 1120138,210872 210871,273152 210871,35 210871,35061 210871,44514 210871
46536,10798 10796,6213 10796,887 10796,10796 46536,4584 6213,6151 6213,887 6213,4584 6151,6213 6151,887 6151,210872 210871,273152 210871,35 210871,35061 210871,44514 210871,210871 35,210872 35,82920 35,210871 198653,35 198653,198653 887,210871 887,35 887,210871 273152,210872 273152,35 273152,82920 273152
1118658,57922 1118658,57948 1118658,6925 1118658,57948 57922,6925 57922,12210 57948,15429 57948,42221 57948,57922 57948,6925 57948,10177 12210,12350 12210,4804 12210,57932 6925,6767 6925,22563 6767,3218 6767,23738 22563,36140 22563,8224 22563,10177 15429,15429 10177,15429 12350,51180 12350,10177 4804,12210 4804,12350 4804,9515 4804,85688 8224,27895 23738,8224 23738,12195 51180,38722 51180,67415 51180
126926
592986,38205 592986,57119 592986,592973 592986,592975 592986,248425 592975,38205 592975,57119 592975,592973 592975,592986 592975,210871 38205,35 38205,887 38205,35 248425,579008 248425,35 592973,210871 35,210872 35,82920 35,210872 210871,273152 210871,35 210871,35061 210871,44514 210871,210871 273152,210872 273152,35 273152,82920 273152,210871 198653,35 198653,198653 887,210871 887,35 887,35 579008,54132 579008,575077 579008,35 141342,141342 35061,32083 35061,35 35061
358884,13212 358884
1120786,151708 1120786,4330 151708,12638 4330,6913 4330,12631 12638,6898 12631
350362,2653 350362,3243 350362,45188 350362,45189 45188,89547 45188,45188 45189,4804 45189,89547 45189,10177 4804,12210 4804,12350 4804,9515 4804,15429 12350,51180 12350,10177 12210,12350 12210,4804 12210,15429 10177,15429 89547,10177 15429
1128868,194609 1128868,3229 1128868,144408 3229,29492 3229,30817 3229,6184 3229,202639 144408,231198 144408,29492 144408,19621 6184,4584 6184,6213 6184,6214 6184,24966 202639,25702 202639,69198 231198,853114 19621,853115 19621,853116 19621,4584 6213,6151 6213,887 6213,853115 853114,4584 6151,6213 6151,887 6151,117 6214,4584 6214,6151 6214,6213 6214
288107
1129570,57119 1129570,8865 1129570,8875 1129570,35 8865,210871 35,210872 35,82920 35,12576 8875,6209 8875,8865 8875,8872 8875,8874 8875,35 12576,6213 12576,83725 12576,887 12576,210872 210871,273152 210871,35 210871,35061 210871,44514 210871,4584 6213,6151 6213,887 6213,210871 273152,210872 273152,35 273152,82920 273152,12576 83725,56112 83725,6741 83725,12576 56112,83725 56112,4584 6151,6213 6151,887 6151,210871 198653,35 198653,198653 887,210871 887,35 887
18770
232606
734406
58758,576973 58758,58758 576973
66794,108974 66794,18777 66794,28957 66794,466170 66794
1129243,114 28350,6213 28350,4584 6213,6151 6213,887 6213,4584 6151,6213 6151,887 6151,210872 210871,273152 210871,35 210871,35061 210871,44514 210871,210871 35,210872 35,82920 35,210871 198653,35 198653,198653 887,210871 887,35 887,210871 273152,210872 273152,35 273152,82920 273152,28350 1129243,6213 1129243,6385 1129243
1132285,12195 1132285,12350 12195,51180 12195,67415 12195,12195 51180,38722 51180,67415 51180,15429 12350,51180 12350,12195 38722,67415 38722,10177 67415,12210 67415,12350 67415,10177 12210,12350 12210,4804 12210,15429 10177,10177 15429,10177 4804,12210 4804,12350 4804,9515 4804
1105360
13213
1110563,139865 1110563,179180 1110563,22835 1110563,1365 139865,179180 139865
427606,35 427606,210871 35,210872 35,82920 35,210872 210871,273152 210871,35 210871,35061 210871,44514 210871,210871 273152,210872 273152,35 273152,82920 273152,35 141342,141342 35061,32083 35061,35 35061
634975,110041 287787,35 287787,210871 35,210872 35,82920 35,210872 210871,273152 210871,35 210871,35061 210871,44514 210871,210871 273152,210872 273152,35 273152,82920 273152,287787 634902,35 634902,287787 634904,35 634904,287787 634975,35 634975,634902 634975,634904 634975,35 141342,141342 35061,32083 35061,35 35061
644363
1131345,123556 141160,50354 123556,141160 1131345,123556 50354
1131150,145134 641976,24966 641976,3229 641976,24966 145134,144408 3229,29492 3229,30817 3229,6184 3229,202639 144408,231198 144408,29492 144408,19621 6184,4584 6184,6213 6184,6214 6184,24966 202639,25702 202639,69198 231198,853114 19621,853115 19621,853116 19621,4584 6213,6151 6213,887 6213,25772 641956,370366 641956,116528 25772,77758 25772,641956 1131150,641976 1131150,74821 1131150
1152150,6898 12631,124224 6898,12631 6898,12638 6898,6898 124224,12631 12638,633081 31489,17363 444191,3229 444191,144408 3229,29492 3229,30817 3229,6184 3229,202639 144408,231198 144408,29492 144408,19621 6184,4584 6184,6213 6184,6214 6184,12638 263553,6910 263553,12631 6910,12638 6910,263553 6910,444191 6910,6898 6910,12631 1152150,31489 1152150,6910 1152150
1033,240791 45605,32083 45605,35061 45605,19621 240791,35061 240791,45605 240791,35 141342,210871 35,210872 35,82920 35,141342 35061,32083 35061,35 35061,853114 19621,853115 19621,853116 19621,210872 210871,273152 210871,35 210871,35061 210871,44514 210871,853115 853114,35 41714,44455 41714,41714 44455,210871 273152,210872 273152,35 273152,82920 273152,35 1033,41714 1033,45605 1033
594025,96847 594025,227178 96847,6163 96847,6216 96847,96851 96847,44455 227178,124064 6163,6213 6163,6220 6163,6224 6163,4584 6213,6151 6213,887 6213,114 124064,28542 124064,4584 124064,6213 124064,6214 124064,41714 44455,35 41714,44455 41714,114 6220,124064 6220,28350 6220,28412 6220,6213 6220,114 28350,6213 28350,4584 6151,6213 6151,887 6151,6213 6215,6214 6215,887 6215,124064 6224,6213 6224,6214 6224,6215 6224,6220 6224
1119295,1481 1119295,2440 1119295,6318 1119295,37483 2440,64519 37483,887 64519
1817,1956 1817,1955 1956,35 1956,3828 1956,936 1956,210871 35,210872 35,82920 35,936 3828,940 3828,941 3828,943 3828,210872 210871,273152 210871,35 210871,35061 210871,44514 210871,941 940,210871 273152,210872 273152,35 273152,82920 273152,20180 943,28265 943,940 20180,941 20180,940 28265,941 28265
1111788,20584 1111788,46887 1111788,8224 1111788,85688 8224,1272 85688,13686 1272,4584 1272,22563 13686,27535 13686,40135 13686,6184 13686
