230300,118259 230300,118260 230300,6216 230300,6209 118259,118259 118260,230300 118260,6209 118260
28674
1123576,24966 1123576,31353 1123576,10531 31353,31353 10531
20193,10798 20193
1154229,39890 1154229,523574 1154229,51049 39890
1140040,370366 1140040,906 1140040,910 1140040,2696 5869,910 5869,910 5462,25702 910,5462 910,5869 910,77758 910,906 910,5348 2696,15076 25702,24043 15076,32276 15076
634902,287787 634902,35 634902,110041 287787,35 287787,210871 35,210872 35,82920 35,210872 210871,273152 210871,35 210871,35061 210871,44514 210871,210871 273152,210872 273152,35 273152,82920 273152,35 141342,141342 35061,32083 35061,35 35061
1113995,1365 1113995,32083 1113995
1128319,108047 1128319,116545 1128319,54129 1128319,578646 1128319,108047 578646,54129 578646,578898 578646,254923 108047,28336 108047,38205 108047,54129 108047,35 54129,210871 35,210872 35,82920 35,108047 578898,108047 28336,117315 28336,54129 28336,1272 254923,35 254923,415693 254923,210871 38205,35 38205,887 38205,210872 210871,273152 210871,35 210871,35061 210871,44514 210871,117316 117315,54129 117315,13686 1272,4584 1272,287787 415693,35 415693,84021 415693,210871 273152,210872 273152,35 273152,82920 273152,38205 117316,54129 117316,575077 117316,22563 13686,27535 13686,40135 13686,6184 13686,110041 287787,35 287787,143323 84021,1688 84021,35 84021,82920 84021,98698 84021,210871 198653,35 198653,198653 887,210871 887,35 887
1919,35778 1919,73146 35778,18777 18774,73146 18774,18774 73146,18777 73146,23738 73146,35778 73146,27895 23738,8224 23738,85688 8224
20857,6923 20857,1272 6923,2440 6923,72908 6923,13686 1272,4584 1272,37483 2440,2440 72908,22563 13686,27535 13686,40135 13686,6184 13686,64519 37483,23738 22563,36140 22563,8224 22563,51866 27535,8703 27535,19621 6184,4584 6184,6213 6184,6214 6184,887 64519
4983
1154232,189571 1154232,39890 1154232,51049 1154232,714256 1154232,714289 1154232,16008 189571,39890 189571,714289 189571,51049 39890,39890 714256,189655 559804,39890 559804,714260 559804,714289 559804,73162 559804,15987 714289,39890 714289,523574 714289,559804 714289,189655 714260,714256 714260,73162 714260
62634,54132 62634,94639 62634,94641 62634,575077 94641,210872 210871,273152 210871,35 210871,35061 210871,44514 210871,210871 35,210872 35,82920 35,210871 575077,35 575077,210871 273152,210872 273152,35 273152,82920 273152
653441,15987 653441,39890 653441,523574 653441,559804 653441,73162 653441,189655 559804,39890 559804,714260 559804,714289 559804,73162 559804,51049 39890,189655 714260,714256 714260,73162 714260,15987 714289,39890 714289,523574 714289,559804 714289,39890 714256
128202,128203 128202,137790 128203
214472,13212 214472,75693 214472,75694 214472
561582,561581 561582,561595 561582,153063 561581,561582 561581,561595 561581,561674 561581,153063 561595,561610 561595,561611 561595,38537 153063,561568 153063,561613 153063,561789 561674,153063 561610,561611 561610,153063 561568,561613 561568,153063 561613
1132505,675649 1132505,675756 1132505,675847 1132505,240321 675649,25702 675649,675756 675649,910 675649,240321 675847,6130 675847,672064 6130,672070 6130,672071 6130,641976 672070,672071 672070,15076 25702,24043 15076,32276 15076,2696 5869,910 5869,910 5462,25702 910,5462 910,5869 910,77758 910,906 910,641976 672071,672070 672071,24966 202639,25702 202639,4584 6213,6151 6213,887 6213,202639 672064,6213 672064,5348 2696
592975,248425 592975,38205 592975,57119 592975,592973 592975,592986 592975,35 248425,579008 248425,210871 38205,35 38205,887 38205,210871 35,210872 35,82920 35,38205 592986,57119 592986,592973 592986,592975 592986,35 592973,210872 210871,273152 210871,35 210871,35061 210871,44514 210871,35 579008,54132 579008,575077 579008,210871 273152,210872 273152,35 273152,82920 273152,210871 198653,35 198653,198653 887,210871 887,35 887,210871 575077,35 575077,35 141342,141342 35061,32083 35061,35 35061
11326,11339 11326,11326 11339
12158,12198 12158,12350 12158,20601 12158,20602 12158,12350 20601,20602 20601,15429 12350,51180 12350,10177 12198,12350 12198,27612 12198,12350 20602,20601 20602,12195 51180,38722 51180,67415 51180,12198 27612,12350 27612,6125 27612,15429 10177,12195 38722,67415 38722,12350 12195,51180 12195,67415 12195,10177 15429,10177 67415,12210 67415,12350 67415,10177 12210,12350 12210,4804 12210,12210 6125,12350 6125,1246 6125,2653 6125,59626 6125
1107062,1033 1107062,1035 1107062,61069 1107062,35852 1035,45605 1035,35 1033,41714 1033,45605 1033,38205 61069,41714 61069,35 41714,44455 41714,210871 38205,35 38205,887 38205,210871 35,210872 35,82920 35,240791 45605,32083 45605,35061 45605,19621 240791,35061 240791,45605 240791,210872 210871,273152 210871,35 210871,35061 210871,44514 210871,35 141342,141342 35061,32083 35061,35 35061,853114 19621,853115 19621,853116 19621,41714 44455,210871 273152,210872 273152,35 273152,82920 273152,210871 198653,35 198653,198653 887,210871 887,35 887
29738
68224
132806,35 132806,4584 132806,210871 35,210872 35,82920 35,210872 210871,273152 210871,35 210871,35061 210871,44514 210871,210871 273152,210872 273152,35 273152,82920 273152,35 141342,141342 35061,32083 35061,35 35061
1110494
50807
119686,13654 119686,13658 119686,13652 13654,80656 13654,80656 13652
25702,15076 25702,24043 15076,32276 15076
1103969,14428 1103969,14429 1103969,14430 1103969,34082 1103969,14428 14429,14430 14429,73119 14429,14428 34082,14429 34082,14430 34082,14428 73119,14429 73119,14430 73119
13972
25184,25181 25184,27174 25184,3229 25184,3231 25184,3229 25181,59798 25181,144408 3229,29492 3229,30817 3229,6184 3229,10169 3231,17798 3231,39127 3231,39131 3231,6334 3231,25181 27174,3229 27174,59798 27174,202639 144408,231198 144408,29492 144408,19621 6184,4584 6184,6213 6184,6214 6184,10169 6334,3231 6334,39131 6334,6767 6334,10177 10169,15429 10169,158614 10169,24966 202639,25702 202639,69198 231198,853114 19621,853115 19621,853116 19621,4584 6213,6151 6213,887 6213,10169 17798,10169 39131,17798 39131,39130 39131,3240 39130,97377 39130,10169 158614,15429 10177,853115 853114,4584 6151,6213 6151,887 6151,117 6214,4584 6214,6151 6214,6213 6214,97377 3240,22563 6767,3218 6767,23738 22563,36140 22563,8224 22563,10177 15429
46476
1059953,12182 1059953,28640 1059953,12210 12182,28649 12182,4804 12182,10177 12210,12350 12210,4804 12210,10177 4804,12210 4804,12350 4804,9515 4804,12182 28640,15429 12350,51180 12350,15429 10177,12195 51180,38722 51180,67415 51180,10177 9515,15429 9515
35778,73146 35778,18777 18774,73146 18774,18774 73146,18777 73146,23738 73146,35778 73146,27895 23738,8224 23738,85688 8224
118436,118424 118436,118435 118436,16451 118436,4330 118436,12638 4330,6913 4330,12337 16451,12347 16451,12350 16451,12359 16451,15429 12350,51180 12350,16476 12359,8617 12359,16485 12347,12195 51180,38722 51180,67415 51180,12631 12638,6898 12631,12195 38722,67415 38722,12350 12195,51180 12195,67415 12195,10177 15429,15429 10177,646286 6913,646289 6913,126927 646286,16819 646286,642681 646286,642894 646286,643221 646286,16819 643221,643239 643221,643485 643221,642847 642681,643221 642894,642621 16819,643221 16819,643239 16819,103543 126927,126920 126927,643221 126927,643239 126927,645897 126927
142268,134316 142268,65074 142268,87915 142268,137130 65074,89416 65074,134307 134316,134314 134316,142268 134316,23070 134316,65074 134316,89416 137130,137130 23070,23069 23070,65074 23070,74698 23070,87915 23070,23070 87915,65074 87915,23070 134307,65057 134307,65074 134307,74698 134307,74700 134307,504 89416,506 89416,504 506,89416 506,134315 23069,134320 23069,74700 23069,65074 65057,23070 74698,65057 74698,65074 74698,23069 74700
1131359,646900 1131359,646913 1131359,503883 646913,646809 646913,646900 646913,35 646809,503883 646809,8874 646809,210871 35,210872 35,82920 35,287787 503883,35 503883,110041 287787,35 287787,210872 210871,273152 210871,35 210871,35061 210871,44514 210871
1131230,6913 1131230,646286 6913,646289 6913,126927 646286,16819 646286,642681 646286,642894 646286,643221 646286,16819 643221,643239 643221,643485 643221,642847 642681,643221 642894,642621 16819,643221 16819,643239 16819,103543 126927,126920 126927,643221 126927,643239 126927,645897 126927,642894 643485,643221 643485,644577 643485,38537 642847,126927 126920,126909 103543,126912 103543,126920 103543,126926 103543,126927 103543
98693,14062 98693,97390 98693
593328,19045 593328,87363 593328,195792 19045,887 19045,19045 87363,593328 87363,593329 87363,887 87363,251756 195792,62329 195792,19045 593329,70970 593329,62329 251756,210872 210871,273152 210871,35 210871,35061 210871,44514 210871,210871 35,210872 35,82920 35,210871 198653,35 198653,198653 887,210871 887,35 887,141342 70970,608190 70970,608191 70970,82920 70970,210871 273152,210872 273152,35 273152,82920 273152,35 141342
159897,108962 159897,108983 159897,28957 159897,310653 159897,35778 108983,108963 108962,108974 108962,108983 108962,35778 108962,73146 35778,108962 310653,108983 310653,159897 310653,108962 108963,108974 108963,18777 18774,73146 18774,18774 73146,18777 73146,23738 73146,35778 73146,27895 23738,8224 23738
95594
1154520
1102407
1117049
9716
102884,4804 102884,10177 4804,12210 4804,12350 4804,9515 4804,15429 12350,51180 12350,10177 12210,12350 12210,4804 12210,15429 10177,12195 51180,38722 51180,67415 51180,10177 9515,15429 9515,12195 38722,67415 38722,12350 12195,51180 12195,67415 12195,10177 15429
20833,11335 20833,6318 20833
1102761,3231 1102761,8821 1102761,8832 1102761,3220 8832,10169 3231,17798 3231,39127 3231,39131 3231,6334 3231,3231 8821,66594 8821,66596 8821,10169 6334,3231 6334,39131 6334,6767 6334,10177 10169,15429 10169,158614 10169,22563 3220,23738 22563,36140 22563,8224 22563,1997 3233,3236 3233,3240 3233,49811 3233,27530 66594,3231 66594,3232 66594,3233 66594,49660 66594,10169 17798,10169 39131,17798 39131,39130 39131,3240 39130,97377 39130,10169 158614,15429 10177,85688 8224,27895 23738,8224 23738,25772 1997,3233 1997,97377 3240,10169 49660,3231 49660,39127 49660,40151 49660,22563 6767,3218 6767,10177 15429
1129106,28026 5064,5062 5064,5069 5064,5075 5064,5064 1129106,5062 28026,5064 28026,177115 5069,28026 5069,5062 5069,5064 5069,5075 5069,20193 5062,3085 5062,20193 3085,566653 3085,566664 3085,3932 5075,22386 3932,74975 3932
1131728,10435 112378,1272 112378,27895 112378,36140 112378,40886 112378,22563 10435,22564 10435,22566 10435,13686 1272,4584 1272,22563 36140,23738 22563,36140 22563,8224 22563,22563 13686,27535 13686,40135 13686,6184 13686,85688 8224,27895 23738,8224 23738,22563 22564,10435 22566,22563 22566,22564 22566,51866 27535,8703 27535,19621 6184,4584 6184,6213 6184,6214 6184,22563 3220,112378 1131728,3220 1131728,39131 1131728,40886 1131728,654177 1131728,10169 39131,17798 39131,39130 39131,3240 39130,97377 39130,10177 10169,15429 10169,158614 10169,112378 145215,3220 145215,40886 145215,63915 145215,112378 654177,145215 654177,3220 654177,40886 654177,10169 17798,97377 3240,10169 158614,15429 10177,8224 97377,10177 15429,22563 63915,36140 63915
694759,1688 694759,35 694759,35 1688,58758 1688,210871 35,210872 35,82920 35,210872 210871,273152 210871,35 210871,35061 210871,44514 210871,576973 58758,58758 576973,210871 273152,210872 273152,35 273152,82920 273152,35 141342,141342 35061,32083 35061,35 35061
39403,114 39403,117 39403,128 39403,130 39403,114 128,28487 128,4584 128,6213 128,114 130,36802 130,39403 130,6163 130,4584 6213,6151 6213,887 6213,124064 6163,6213 6163,6220 6163,6224 6163,4584 6151,6213 6151,887 6151,114 124064,28542 124064,4584 124064,6213 124064,6214 124064,210872 210871,273152 210871,35 210871,35061 210871,44514 210871,210871 35,210872 35,82920 35,210871 198653,35 198653,198653 887,210871 887,35 887,114 6220,124064 6220,28350 6220,28412 6220,6213 6220,114 28350,6213 28350,6213 6215,6214 6215,887 6215,124064 6224,6213 6224,6214 6224,6215 6224,6220 6224
139738
1106406,114 1106406,23774 1106406,6169 1106406,6213 1106406,20534 23774,6213 23774,4584 6213,6151 6213,887 6213,13972 20534,6163 20534,6213 20534,4584 6151,6213 6151,887 6151,28227 6169,114 28227,28350 28227,6213 28227,124064 6163,6213 6163,6220 6163,6224 6163,210872 210871,273152 210871,35 210871,35061 210871,44514 210871,210871 35,210872 35,82920 35,210871 198653,35 198653,198653 887,210871 887,35 887,114 28350,6213 28350,114 124064,28542 124064,4584 124064,6213 124064,6214 124064,210871 273152,210872 273152,35 273152,82920 273152
20602,12350 20602,20601 20602,12350 20601,20602 20601,15429 12350,51180 12350,12195 51180,38722 51180,67415 51180,12195 38722,67415 38722,12350 12195,51180 12195,67415 12195,10177 15429,15429 10177,10177 67415,12210 67415,12350 67415,10177 12210,12350 12210,4804 12210
95435,17201 95435,17208 95435,184157 95435,13193 17208,17201 17208,36131 17208,6213 17208,17201 184157,17208 184157,28350 13193,28489 13193,6213 13193,4584 6213,6151 6213,887 6213,114 28350,6213 28350,4584 6151,6213 6151,887 6151,210872 210871,273152 210871,35 210871,35061 210871,44514 210871,210871 35,210872 35,82920 35,210871 198653,35 198653,198653 887,210871 887,35 887
50980,73972 50980,50980 73972
46500,36140 46500,22563 36140,23738 22563,36140 22563,8224 22563,85688 8224,27895 23738,8224 23738
14529
71736
300071,29723 300071,33231 300071,37884 300071,446610 300071,6814 300071,300806 29723,35905 29723,4330 37884,6814 37884,6818 37884,29723 35905,910 35905,52515 300806,12638 4330,6913 4330,3229 52515,91038 52515,29723 6818,300806 6818,2696 5869,910 5869,910 5462,25702 910,5462 910,5869 910,77758 910,906 910,144408 3229,29492 3229,30817 3229,6184 3229,12631 12638,6898 12631
1104647,45603 1104647,48764 1104647,48766 1104647,48768 1104647,8872 1104647,35 132806,4584 132806,210871 35,210872 35,82920 35,132806 48766,35 48766,35061 48766,210872 210871,273152 210871,35 210871,35061 210871,44514 210871,35 141342,141342 35061,32083 35061,35 35061,210871 273152,210872 273152,35 273152,82920 273152
124734,10177 124734,20601 124734,27606 124734,59626 124734,12350 20601,20602 20601,15429 10177,15429 12350,51180 12350,10177 27606,12350 20602,20601 20602,12195 51180,38722 51180,67415 51180,10177 15429,12195 38722,67415 38722,12350 12195,51180 12195,67415 12195
1152975,36162 1152975,40151 1152975,6334 1152975,10169 6334,3231 6334,39131 6334,6767 6334,2354 40151,137790 2354,74749 2354,10169 3231,17798 3231,39127 3231,39131 3231,6334 3231,10177 10169,15429 10169,158614 10169,10169 39131,17798 39131,39130 39131,3240 39130,97377 39130,22563 6767,3218 6767,23738 22563,36140 22563,8224 22563,10169 158614,15429 10177,137790 74749,2354 74749,10169 17798,97377 3240,85688 8224,27895 23738,8224 23738,10177 15429
1131172,642798 1131172,642894 642798,643221 642894,16819 643221,643239 643221,643485 643221,642894 643485,643221 643485,644577 643485,642621 16819,643221 16819,643239 16819
646809,35 646809,503883 646809,8874 646809,210871 35,210872 35,82920 35,287787 503883,35 503883,110041 287787,35 287787,210872 210871,273152 210871,35 210871,35061 210871,44514 210871,210871 273152,210872 273152,35 273152,82920 273152,35 141342,141342 35061,32083 35061,35 35061
14545,51934 14545
252715,10798 252715
1131236,16819 1131236,642681 1131236,642894 1131236,643221 1131236,644093 1131236,16819 643221,643239 643221,643485 643221,642847 642681,643221 642894,642621 16819,643221 16819,643239 16819,642894 643485,643221 643485,644577 643485,126927 644093,16819 644093,642681 644093,643221 644093,643239 644093,103543 126927,126920 126927,643221 126927,643239 126927,645897 126927,38537 642847,642894 643239,643221 643239,126927 126920,126909 103543,126912 103543,126920 103543,126926 103543,126927 103543,643221 644577,644427 644577,126926 126909,440815 645571,126920 645897,126927 645897,643221 645897,644577 645897,645571 645897
1131549,144212 1131549,650807 1131549,190706 144212,41714 144212,45605 144212,35 190706,41714 190706,45605 190706,35 41714,44455 41714,210871 35,210872 35,82920 35,240791 45605,32083 45605,35061 45605,19621 240791,35061 240791,45605 240791,210872 210871,273152 210871,35 210871,35061 210871,44514 210871,35 141342,141342 35061,32083 35061,35 35061,853114 19621,853115 19621,853116 19621,41714 44455
230879
1135108,1717 1135108,4330 1135108,6913 1135108,32688 1717,4330 1717,4335 1717,6913 1717,12638 4330,6913 4330,4330 32688,646286 6913,646289 6913,126927 646286,16819 646286,642681 646286,642894 646286,643221 646286,16819 643221,643239 643221,643485 643221,642847 642681,643221 642894,642621 16819,643221 16819,643239 16819,103543 126927,126920 126927,643221 126927,643239 126927,645897 126927,12631 12638,6898 12631,642894 643485,643221 643485,644577 643485,38537 642847,126927 126920,126909 103543,126912 103543,126920 103543,126926 103543,126927 103543
1153183,12182 1153183,264347 1153183,14807 264347,12210 12182,28649 12182,4804 12182,123556 14807,50354 14807,10177 12210,12350 12210,4804 12210,10177 4804,12210 4804,12350 4804,9515 4804,50354 123556,15429 12350,51180 12350,15429 10177,123556 50354,12195 51180,38722 51180,67415 51180,10177 9515,15429 9515
133550,3229 133550,5194 133550,144408 3229,29492 3229,30817 3229,6184 3229,202639 144408,231198 144408,29492 144408,19621 6184,4584 6184,6213 6184,6214 6184,24966 202639,25702 202639,69198 231198,853114 19621,853115 19621,853116 19621,4584 6213,6151 6213,887 6213,853115 853114,4584 6151,6213 6151,887 6151,117 6214,4584 6214,6151 6214,6213 6214
1153811,52847 1153811,6917 1153811,75969 1153811,8821 1153811,7032 52847,1272 6917,135765 6917,135766 6917,2440 6917,4649 6917,135766 135765,4649 135765,4649 135766,13686 1272,4584 1272,37483 2440,3231 8821,66594 8821,66596 8821,10169 3231,17798 3231,39127 3231,39131 3231,6334 3231,22563 13686,27535 13686,40135 13686,6184 13686,64519 37483,10169 6334,3231 6334,39131 6334,6767 6334,10177 10169,15429 10169,158614 10169,1997 3233,3236 3233,3240 3233,49811 3233,27530 66594,3231 66594,3232 66594,3233 66594,49660 66594,1997 7032,25772 1997,3233 1997,23738 22563,36140 22563,8224 22563,51866 27535,8703 27535,19621 6184,4584 6184,6213 6184,6214 6184,887 64519,10169 17798,10169 39131,17798 39131,39130 39131,3240 39130,97377 39130,10169 158614,15429 10177,97377 3240,10169 49660,3231 49660,39127 49660,40151 49660,116528 25772,77758 25772
1109957,28350 1109957,6213 1109957,75674 1109957,114 28350,6213 28350,4584 6213,6151 6213,887 6213,4584 6151,6213 6151,887 6151,210872 210871,273152 210871,35 210871,35061 210871,44514 210871,210871 35,210872 35,82920 35,210871 198653,35 198653,198653 887,210871 887,35 887,210871 273152,210872 273152,35 273152,82920 273152
25794,50838 25794
643485,642894 643485,643221 643485,644577 643485,16819 643221,643239 643221,643485 643221,643221 642894,642621 16819,643221 16819,643239 16819,643221 644577,644427 644577,642894 643239,643221 643239
236759,230879 236759,2658 236759,578337 236759,696345 236759,230879 2658,2665 2658,696345 2658,205192 578337,230879 578337,2665 578337,99030 578337,237489 2665,237521 2665,8581 2665,230879 205192,2665 205192,230879 696345,2658 696345,2665 696345,578337 696345,1365 237521,135464 237489,2665 237489,205192 99030,230879 99030
593329,195792 19045,887 19045,251756 195792,62329 195792,62329 251756,210872 210871,273152 210871,35 210871,35061 210871,44514 210871,210871 35,210872 35,82920 35,210871 198653,35 198653,198653 887,210871 887,35 887,210871 273152,210872 273152,35 273152,82920 273152,141342 70970,608190 70970,608191 70970,82920 70970,35 141342,141342 608191,575077 608191,608190 608191,575077 608190,210871 575077,35 575077,19045 593329,70970 593329
199571
589923,149669 589923,36802 589923,77438 589923,117 149669,189708 149669,39890 149669,6214 149669,36131 77438,37888 77438,36802 37888,77438 37888,51049 39890,117 189708,4584 6151,6213 6151,887 6151,4584 6213,6151 6213,887 6213,117 6214,4584 6214,6151 6214,6213 6214
1105148,13205 1105148,13208 1105148,13212 1105148,13205 13208,13212 13208
162075,162080 162075,162075 162080,738941 162080
12182,12210 12182,28649 12182,4804 12182,10177 12210,12350 12210,4804 12210,10177 4804,12210 4804,12350 4804,9515 4804,15429 12350,51180 12350,15429 10177,12195 51180,38722 51180,67415 51180,10177 9515,15429 9515,12195 38722,67415 38722,12350 12195,51180 12195,67415 12195,10177 15429
400473,29492 400473
93755
574462,35 574462,85352 574462,210871 35,210872 35,82920 35,210872 210871,273152 210871,35 210871,35061 210871,44514 210871,35 85352,210871 273152,210872 273152,35 273152,82920 273152,35 141342,141342 35061,32083 35061,35 35061
123556,50354 123556,123556 50354
430711
348305
593209
1125469,108974 1125469,293974 1125469,35778 1125469,37888 1125469,6814 1125469,73146 35778,33231 293974,37888 293974,6814 293974,6818 293974,77438 293974,36802 37888,77438 37888,18777 18774,73146 18774,18774 73146,18777 73146,23738 73146,35778 73146,27895 23738,8224 23738,29723 6818,300806 6818,52515 300806,300806 29723,35905 29723,36131 77438,37888 77438,85688 8224,3229 52515,91038 52515,29723 35905,910 35905
27606,10177 27606,15429 10177,10177 15429
69392,1365 69392,240321 69392,4330 69392,12638 4330,6913 4330,12631 12638,6898 12631,646286 6913,646289 6913,126927 646286,16819 646286,642681 646286,642894 646286,643221 646286,16819 643221,643239 643221,643485 643221,642847 642681,643221 642894,642621 16819,643221 16819,643239 16819,103543 126927,126920 126927,643221 126927,643239 126927,645897 126927
1105718,3229 1105718,6184 1105718,71336 1105718,144408 3229,29492 3229,30817 3229,6184 3229,19621 6184,4584 6184,6213 6184,6214 6184,202639 144408,231198 144408,29492 144408,853114 19621,853115 19621,853116 19621,4584 6213,6151 6213,887 6213,24966 202639,25702 202639,69198 231198,853115 853114,4584 6151,6213 6151,887 6151,117 6214,4584 6214,6151 6214,6213 6214,19621 853116,853114 853116,853115 853116,210872 210871,273152 210871,35 210871,35061 210871,44514 210871,210871 35,210872 35,82920 35,210871 198653,35 198653,198653 887,210871 887,35 887
12350,15429 12350,51180 12350,12195 51180,38722 51180,67415 51180,12195 38722,67415 38722,12350 12195,51180 12195,67415 12195,10177 15429,15429 10177,10177 67415,12210 67415,12350 67415,10177 12210,12350 12210,4804 12210,10177 4804,12210 4804,12350 4804,9515 4804
6939,63915 6939,63931 6939,2440 63931,37483 63931,64519 37483,37483 2440,22563 63915,36140 63915,23738 22563,36140 22563,8224 22563,887 64519,22563 36140,85688 8224,27895 23738,8224 23738
5462,910 5462,2696 5869,910 5869,25702 910,5462 910,5869 910,77758 910,906 910,5348 2696,15076 25702,24043 15076,32276 15076
634938,287787 634938,35 634938,110041 287787,35 287787,210871 35,210872 35,82920 35,210872 210871,273152 210871,35 210871,35061 210871,44514 210871,210871 273152,210872 273152,35 273152,82920 273152,35 141342,141342 35061,32083 35061,35 35061
1103610,3243 1103610,8961 1103610
1140548
1124837
20526,128 20526,28227 20526,6169 20526,6213 20526,114 128,28487 128,4584 128,6213 128,4584 6213,6151 6213,887 6213,114 28227,28350 28227,6213 28227,4584 6151,6213 6151,887 6151,114 28350,6213 28350,28227 6169,210872 210871,273152 210871,35 210871,35061 210871,44514 210871,210871 35,210872 35,82920 35,210871 198653,35 198653,198653 887,210871 887,35 887,210871 273152,210872 273152,35 273152,82920 273152
1128437,582343 1128437,582349 1128437,50838 25794,1272 18615,18619 18615,2440 18615,4660 18615,6935 18615,37483 2440,18615 582343,2440 582343,25794 582343,46452 582343,4660 582343,12182 4660,18615 4660,18619 4660,2653 4660,12210 12182,28649 12182,4804 12182,10798 18619,19231 18619,27627 18619,13686 1272,4584 1272,64519 37483,10177 12210,12350 12210,4804 12210,10177 4804,12210 4804,12350 4804,9515 4804,101811 6935,63915 6935,12350 101811,23738 101811,22563 13686,27535 13686,40135 13686,6184 13686,887 64519
99030,205192 99030,230879 99030,230879 205192,2665 205192,237489 2665,237521 2665,8581 2665,1365 237521,135464 237489,2665 237489
1000012,178209 1000012,18615 1000012,2440 1000012,3217 1000012,6935 1000012,6639 178209,1272 18615,18619 18615,2440 18615,4660 18615,6935 18615,37483 2440,22431 6639,3218 6639,8224 6639,101811 6935,63915 6935,12350 101811,23738 101811,10798 18619,19231 18619,27627 18619,13686 1272,4584 1272,64519 37483,75121 22431,8224 22431,85688 8224,15429 12350,51180 12350,27895 23738,8224 23738,22563 63915,36140 63915,23738 22563,36140 22563,8224 22563,12182 4660,18615 4660,18619 4660,2653 4660,12210 12182,28649 12182,4804 12182,22563 13686,27535 13686,40135 13686,6184 13686,887 64519,267003 75121,85688 75121,12195 51180,38722 51180,67415 51180,22563 36140,10177 12210,12350 12210,4804 12210,10177 4804,12210 4804,12350 4804,9515 4804,51866 27535,8703 27535,19621 6184,4584 6184,6213 6184,6214 6184
6923,1272 6923,2440 6923,72908 6923,13686 1272,4584 1272,37483 2440,2440 72908,22563 13686,27535 13686,40135 13686,6184 13686,64519 37483,23738 22563,36140 22563,8224 22563,51866 27535,8703 27535,19621 6184,4584 6184,6213 6184,6214 6184,887 64519,85688 8224,27895 23738,8224 23738,51879 51866,8703 51866,853114 19621,853115 19621,853116 19621,4584 6213,6151 6213,887 6213
272345,385067 272345,5064 272345,28026 5064,5062 5064,5069 5064,5075 5064,47570 385067,5064 385067,5069 385067,5062 28026,5064 28026,177115 5069,28026 5069,5062 5069,5064 5069,5075 5069,10183 47570,20193 5062,3085 5062,20193 3085,566653 3085,566664 3085,3932 5075,22386 3932,74975 3932,10798 10183
593859,54131 593859,66556 593859,66564 593859,94639 593859,35 66556,575077 66556,85352 66556,103515 54131,28851 54131,35 54131,66556 54131,210871 35,210872 35,82920 35,35 103515,8865 103515,35 28851,210872 210871,273152 210871,35 210871,35061 210871,44514 210871,35 85352,210871 575077,35 575077,210871 273152,210872 273152,35 273152,82920 273152,35 8865
294030,20923 294030,20924 294030,31479 294030,39890 294030,77758 294030,51049 39890,20923 20924,289885 20924,294030 20924,20923 289885,20924 289885,31479 289885,77758 289885
73323
51045,39890 51045,51049 51045,51052 51045,51049 39890
18777
1153003,270600 1153003,34257 1153003,368605 1153003,9708 1153003,74427 34257,34257 368605,74427 368605,340299 74427,1365 340299,42156 340299
158614,10169 158614,10177 10169,15429 10169,158614 10169,15429 10177,10177 15429
578309,230879 578309,2665 578309,578347 578309,578365 578309,99023 578309,237489 2665,237521 2665,8581 2665,2658 578347,2665 578347,578306 578347,578309 578347,99023 578347,1365 237521,135464 237489,2665 237489,230879 2658,2665 2658,696345 2658,205192 578337,230879 578337,2665 578337,99030 578337,2658 99023,2665 99023,578337 99023,2665 578306,578365 578306,99023 578306,230879 205192,2665 205192,230879 696345,2658 696345,2665 696345,578337 696345,205192 99030,230879 99030
23502,1365 23502,23507 23502,3229 23502,330148 23502,144408 3229,29492 3229,30817 3229,6184 3229,202639 144408,231198 144408,29492 144408,19621 6184,4584 6184,6213 6184,6214 6184,1365 184918,19621 184918,23502 184918,330148 184918,853114 19621,853115 19621,853116 19621,1365 330148,184918 330148,19621 330148,6184 10981,23507 152731,43186 152731,10981 23507,1365 23507,152731 23507,23502 23507,24966 202639,25702 202639,69198 231198,4584 6213,6151 6213,887 6213,853115 853114,4584 6151,6213 6151,887 6151,117 6214,4584 6214,6151 6214,6213 6214,19621 853116,853114 853116,853115 853116
54132
1107095,101660 1107095,101662 1107095,2440 1107095,6935 101660,101811 101662,23738 101662,37483 2440,12350 101811,23738 101811,27895 23738,8224 23738,64519 37483,101811 6935,63915 6935,15429 12350,51180 12350,85688 8224,887 64519,22563 63915,36140 63915,23738 22563,36140 22563,8224 22563,12195 51180,38722 51180,67415 51180
1153897,25702 1153897,54131 1153897,94641 1153897,103515 54131,28851 54131,35 54131,66556 54131,15076 25702,24043 15076,32276 15076,35 103515,8865 103515,210871 35,210872 35,82920 35,35 66556,575077 66556,85352 66556,35 28851,575077 94641,210872 210871,273152 210871,35 210871,35061 210871,44514 210871,210871 575077,35 575077,210871 273152,210872 273152,35 273152,82920 273152,35 8865,35 85352
1153724,1953 1153724,73327 1153724,1959 73327,198866 73327,64271 73327,887 35490,20179 20178,91852 20178,91853 20178,20178 64271,35490 64271,117328 91852,20179 91852,64271 91852,943 91852
56167,14531 56167,17798 56167,53942 56167,10169 17798,10177 10169,15429 10169,158614 10169,10169 158614,15429 10177,10177 15429
189571,16008 189571,39890 189571,714289 189571,51049 39890,189655 559804,39890 559804,714260 559804,714289 559804,73162 559804,15987 714289,39890 714289,523574 714289,559804 714289,189655 714260,714256 714260,73162 714260
59798
28447,22886 28447,6214 28447,73323 28447,95642 28447,4584 6151,6213 6151,887 6151,4584 6213,6151 6213,887 6213,117 6214,4584 6214,6151 6214,6213 6214,210872 210871,273152 210871,35 210871,35061 210871,44514 210871,210871 35,210872 35,82920 35,210871 198653,35 198653,198653 887,210871 887,35 887
626530
1110579,38845 1110579,91853 1110579,95188 1110579,95198 1110579,22386 38845,38846 38845,74975 38845,936 38845,117328 95188,20179 95188,35490 95188,64271 95188,887 35490,22386 38846,74975 38846,940 20180,941 20180,20179 20178,91852 20178,91853 20178,20178 91853,20179 91853,20180 91853,20193 91853,20178 64271,35490 64271,941 940,117328 91852,20179 91852,64271 91852,943 91852,210872 210871,273152 210871,35 210871,35061 210871,44514 210871,210871 35,210872 35,82920 35,210871 198653,35 198653,198653 887,210871 887,35 887
16451,12337 16451,12347 16451,12350 16451,12359 16451,15429 12350,51180 12350,16476 12359,8617 12359,16485 12347,12195 51180,38722 51180,67415 51180,12195 38722,67415 38722,12350 12195,51180 12195,67415 12195,10177 15429,15429 10177,10177 67415,12210 67415,12350 67415,10177 12210,12350 12210,4804 12210
504
35335,59772 35335,35335 59772
23069,134315 23069,134320 23069,74700 23069,23069 74700
3218
1125895,28385 1125895,3229 1125895,144408 3229,29492 3229,30817 3229,6184 3229,202639 144408,231198 144408,29492 144408,19621 6184,4584 6184,6213 6184,6214 6184,24966 202639,25702 202639,69198 231198,853114 19621,853115 19621,853116 19621,4584 6213,6151 6213,887 6213,853115 853114,4584 6151,6213 6151,887 6151,117 6214,4584 6214,6151 6214,6213 6214
163235
646357,642894 646357,645046 646357,646334 646357,643221 642894,642894 646334,645046 646334,646357 646334,16819 643221,643239 643221,643485 643221,642894 645046,642894 643485,643221 643485,644577 643485,642621 16819,643221 16819,643239 16819,642894 643239,643221 643239
416455,12576 416455,127033 416455,135130 416455,56709 416455,12576 127033,56112 127033,56115 127033,56119 127033,62718 127033,12576 135130,35 135130,56115 135130,35 12576,6213 12576,83725 12576,887 12576,12576 56112,83725 56112,12576 62718,56115 62718,83725 62718,12576 56119,35 56119,56112 56119,56115 56119,83725 56119,56112 56115,83725 56115,210871 35,210872 35,82920 35,4584 6213,6151 6213,887 6213,114 28287,28290 28287,4584 28287,56708 28287,56709 28287,12576 28290,35 28290,12576 56709,28287 56709,28290 56709,56708 56709,210872 210871,273152 210871,35 210871,35061 210871,44514 210871,12576 83725,56112 83725,6741 83725,4584 6151,6213 6151,887 6151,210871 198653,35 198653,198653 887,210871 887,35 887,210871 273152,210872 273152,35 273152,82920 273152
436796,1365 436796,910 436796,2696 5869,910 5869,910 5462,25702 910,5462 910,5869 910,77758 910,906 910,5348 2696,15076 25702,24043 15076,32276 15076
39131,10169 39131,17798 39131,39130 39131,3240 39130,97377 39130,10177 10169,15429 10169,158614 10169,10169 17798,97377 3240,10169 158614,15429 10177,8224 97377,85688 8224,10177 15429
1107728
143476
60682,14531 60682
10981,6184 10981,19621 6184,4584 6184,6213 6184,6214 6184,853114 19621,853115 19621,853116 19621,4584 6213,6151 6213,887 6213,853115 853114,4584 6151,6213 6151,887 6151,117 6214,4584 6214,6151 6214,6213 6214,19621 853116,853114 853116,853115 853116,210872 210871,273152 210871,35 210871,35061 210871,44514 210871,210871 35,210872 35,82920 35,210871 198653,35 198653,198653 887,210871 887,35 887
646286,126927 646286,16819 646286,642681 646286,642894 646286,643221 646286,16819 643221,643239 643221,643485 643221,642847 642681,643221 642894,642621 16819,643221 16819,643239 16819,103543 126927,126920 126927,643221 126927,643239 126927,645897 126927,642894 643485,643221 643485,644577 643485,38537 642847,126927 126920,126909 103543,126912 103543,126920 103543,126926 103543,126927 103543,642894 643239,643221 643239,126926 126909,440815 645571,126920 645897,126927 645897,643221 645897,644577 645897,645571 645897,643221 644577,644427 644577,103537 126912,103543 126912,18777 103537,28957 103537,153063 440815,5086 440815
1105622
1138027,315789 1138027,7867 1138027,7867 315789
1153877
218666,424 218666,197452 424,77758 424,24966 197452,36162 197452
261040
307015,35 307015,82920 307015,210871 35,210872 35,82920 35,210872 210871,273152 210871,35 210871,35061 210871,44514 210871,210871 273152,210872 273152,35 273152,82920 273152,35 141342,141342 35061,32083 35061,35 35061
116545
330208
210871,210872 210871,273152 210871,35 210871,35061 210871,44514 210871,210871 273152,210872 273152,35 273152,82920 273152,210871 35,210872 35,82920 35,35 141342,141342 35061,32083 35061,35 35061
1123068,167670 1123068,1999 1123068,31083 1123068,3232 1123068,6782 1123068,3217 167670,3220 167670,3223 167670,3231 167670,3236 167670,10169 3231,17798 3231,39127 3231,39131 3231,6334 3231,22563 3220,23738 22563,36140 22563,8224 22563,10169 6334,3231 6334,39131 6334,6767 6334,10177 10169,15429 10169,158614 10169,85688 8224,27895 23738,8224 23738,10169 17798,10169 39131,17798 39131,39130 39131,3240 39130,97377 39130,10169 158614,15429 10177
14429,14428 14429,14430 14429,73119 14429,14428 73119,14429 73119,14430 73119
254923,1272 254923,35 254923,415693 254923,210871 35,210872 35,82920 35,13686 1272,4584 1272,287787 415693,35 415693,84021 415693,210872 210871,273152 210871,35 210871,35061 210871,44514 210871,22563 13686,27535 13686,40135 13686,6184 13686,110041 287787,35 287787,143323 84021,1688 84021,35 84021,82920 84021,98698 84021,210871 273152,210872 273152,35 273152,82920 273152,23738 22563,36140 22563,8224 22563,51866 27535,8703 27535,19621 6184,4584 6184,6213 6184,6214 6184,35 1688,58758 1688,35 141342,141342 35061,32083 35061,35 35061,85688 8224,27895 23738,8224 23738,51879 51866,8703 51866,853114 19621,853115 19621,853116 19621,4584 6213,6151 6213,887 6213,35 98698,82920 98698,84021 98698
231249,35 231249,210871 35,210872 35,82920 35,210872 210871,273152 210871,35 210871,35061 210871,44514 210871,210871 273152,210872 273152,35 273152,82920 273152,35 141342,141342 35061,32083 35061,35 35061
205192,230879 205192,2665 205192,237489 2665,237521 2665,8581 2665,1365 237521,135464 237489,2665 237489
360028
15431
32276
380341
145176,24966 145176
397488,48781 397488,423816 48781,48781 423816
430329,16437 430329
239810,56167 239810,14531 56167,17798 56167,53942 56167,10169 17798,10177 10169,15429 10169,158614 10169,10169 158614,15429 10177
10430,10183 10430,10798 10183
126793,16819 126793,642621 16819,643221 16819,643239 16819,16819 643221,643239 643221,643485 643221,642894 643239,643221 643239,643221 642894,642894 643485,643221 643485,644577 643485
446271,202520 446271,202522 446271,52515 446271,3229 52515,91038 52515,144408 3229,29492 3229,30817 3229,6184 3229,202639 144408,231198 144408,29492 144408,19621 6184,4584 6184,6213 6184,6214 6184,24966 202639,25702 202639,69198 231198,853114 19621,853115 19621,853116 19621,4584 6213,6151 6213,887 6213
62676
1104379,13885 1104379,42847 1104379,42848 1104379,910 1104379,123825 42847,13885 42847,19621 42847,910 42847,4584 13885,90888 13885,2696 5869,910 5869,910 5462,25702 910,5462 910,5869 910,77758 910,906 910,853114 19621,853115 19621,853116 19621,19621 123825,649731 123825,5348 2696,15076 25702,24043 15076,32276 15076,853115 853114,1365 90888,3229 90888,144408 3229,29492 3229,30817 3229,6184 3229,19621 853116,853114 853116,853115 853116,202639 144408,231198 144408,29492 144408,19621 6184,4584 6184,6213 6184,6214 6184
576795,35 576795,574264 576795,576725 576795,210871 35,210872 35,82920 35,1688 576725,35 576725,35 1688,58758 1688,35 574264,210872 210871,273152 210871,35 210871,35061 210871,44514 210871,210871 273152,210872 273152,35 273152,82920 273152,576973 58758,58758 576973,35 141342,141342 35061,32083 35061,35 35061
628764,205196 628764,628751 628764,628888 628764,19621 628888,205196 628751,85324 628751,815073 205196,815096 205196,853114 19621,853115 19621,853116 19621,853115 853114,205196 815096,574264 815096,19621 853116,853114 853116,853115 853116,35 574264,210871 35,210872 35,82920 35
1106418,12182 1106418,27203 1106418,34979 1106418,86258 1106418,12210 12182,28649 12182,4804 12182,10177 12210,12350 12210,4804 12210,10177 4804,12210 4804,12350 4804,9515 4804,13982 34979,34979 13982,15429 12350,51180 12350,15429 10177,12195 51180,38722 51180,67415 51180,10177 9515,15429 9515
49753,49720 49753,49753 49720
1118388,15889 1118388,15892 1118388,166825 1118388,3085 15889,20193 3085,566653 3085,566664 3085,15889 15892
1128430,10531 36620,3220 36620,3240 36620,39130 36620,31353 10531,97377 3240,3240 39130,97377 39130,22563 3220,23738 22563,36140 22563,8224 22563,85688 8224,27895 23738,8224 23738,10531 31353,8224 97377,22563 36140,28412 1128430,3220 1128430,36620 1128430
411092,23738 411092,4649 411092,6741 411092,27895 23738,8224 23738,85688 8224,1272 85688,13686 1272,4584 1272
1132385,45189 1132385,89547 1132385,45188 45189,4804 45189,89547 45189,45189 45188,89547 45188,10177 4804,12210 4804,12350 4804,9515 4804,15429 12350,51180 12350,10177 12210,12350 12210,4804 12210,15429 10177,15429 89547,10177 15429,12195 51180,38722 51180,67415 51180,10177 9515,15429 9515
1104261,2354 40151,137790 2354,74749 2354,40151 1104261,137790 74749,2354 74749
86840,10186 86840,140005 86840,18781 86840,3217 86840,5966 86840,10174 10186,10183 10186,137790 10186,2354 10186,74749 10186,10798 10183,137790 2354,74749 2354,137790 74749,2354 74749
114966
73972,50980 73972,73972 50980
25181,3229 25181,59798 25181,144408 3229,29492 3229,30817 3229,6184 3229,202639 144408,231198 144408,29492 144408,19621 6184,4584 6184,6213 6184,6214 6184,24966 202639,25702 202639,69198 231198,853114 19621,853115 19621,853116 19621,4584 6213,6151 6213,887 6213,853115 853114,4584 6151,6213 6151,887 6151,117 6214,4584 6214,6151 6214,6213 6214
103430,75318 103430,103430 75318
139547,5348 139547,626999 139547,75695 139547,5348 75695,8581 75695,2696 5348,5348 2696
103482,35 103482,210871 35,210872 35,82920 35,210872 210871,273152 210871,35 210871,35061 210871,44514 210871,210871 273152,210872 273152,35 273152,82920 273152,35 141342,141342 35061,32083 35061,35 35061
1152711,159084 1152711,159085 1152711,241821 1152711,159084 159085,241821 159085,159084 241821,159085 241821
289779,35 289779,87417 289779,210871 35,210872 35,82920 35,210872 210871,273152 210871,35 210871,35061 210871,44514 210871,210871 273152,210872 273152,35 273152,82920 273152,35 141342,141342 35061,32083 35061,35 35061
190706,35 190706,41714 190706,45605 190706,35 41714,44455 41714,210871 35,210872 35,82920 35,240791 45605,32083 45605,35061 45605,19621 240791,35061 240791,45605 240791,210872 210871,273152 210871,35 210871,35061 210871,44514 210871,35 141342,141342 35061,32083 35061,35 35061,853114 19621,853115 19621,853116 19621,41714 44455,210871 273152,210872 273152,35 273152,82920 273152,853115 853114
128203,137790 128203
40131,202639 40131,24966 202639,25702 202639,15076 25702,24043 15076,32276 15076
160705,13136 160705,2696 160705,910 160705,5348 2696,910 13136,2696 5869,910 5869,910 5462,25702 910,5462 910,5869 910,77758 910,906 910,2696 5348,15076 25702,24043 15076,32276 15076
213246
408885
289088,50354 289088,123556 50354,50354 123556
578780,35 578780,54129 578780,54131 578780,54132 578780,210871 35,210872 35,82920 35,103515 54131,28851 54131,35 54131,66556 54131,35 54129,210872 210871,273152 210871,35 210871,35061 210871,44514 210871,35 103515,8865 103515,35 66556,575077 66556,85352 66556,35 28851,210871 273152,210872 273152,35 273152,82920 273152,35 141342,141342 35061,32083 35061,35 35061,35 8865,35 85352,210871 575077,35 575077
683404,108983 683404,189856 683404,683355 683404,683360 683404,159897 683355,189623 683355,189856 683355,50336 683355,683404 683355,522338 683360,35778 108983,189566 189856,36802 189856,108962 159897,108983 159897,28957 159897,310653 159897,35922 50336,6818 50336,73146 35778,108963 108962,108974 108962,108983 108962,35778 108962,28957 35922,3229 35922,4335 35922,50336 35922,108962 310653,108983 310653,159897 310653,108962 108963,108974 108963,29723 6818,300806 6818,52515 300806,300806 29723,35905 29723,144408 3229,29492 3229,30817 3229,6184 3229,18777 18774,73146 18774,18774 73146,18777 73146,23738 73146,35778 73146,27895 23738,8224 23738
83725,12576 83725,56112 83725,6741 83725,12576 56112,83725 56112,35 12576,6213 12576,83725 12576,887 12576,4584 6213,6151 6213,887 6213,210871 35,210872 35,82920 35,4584 6151,6213 6151,887 6151,210872 210871,273152 210871,35 210871,35061 210871,44514 210871,210871 198653,35 198653,198653 887,210871 887,35 887,210871 273152,210872 273152,35 273152,82920 273152
50838
1122460,245288 1122460,910 1122460,2696 5869,910 5869,910 5462,25702 910,5462 910,5869 910,77758 910,906 910,5348 2696,15076 25702,24043 15076,32276 15076
4649
853118,853155 853118,853114 853155,853115 853155,853116 853155,853115 853114,19621 853116,853114 853116,853115 853116,853114 19621,853115 19621,853116 19621
158098,15984 158098,15987 158098,16008 158098
1953
566653,20193 566653
714256,39890 714256,51049 39890
1105810,73323 1105810,73327 1105810,1959 73327,198866 73327,64271 73327,887 35490,20179 20178,91852 20178,91853 20178,20178 64271,35490 64271,117328 91852,20179 91852,64271 91852,943 91852
102061
6639,22431 6639,3218 6639,8224 6639,75121 22431,8224 22431,85688 8224,267003 75121,85688 75121,434 267003,1272 85688,13686 1272,4584 1272,10798 434,114 434,4649 434,6213 434,8703 434,22563 13686,27535 13686,40135 13686,6184 13686
10531,31353 10531,10531 31353
1952,3097 1952,1959 3097,82664 3097,82666 3097
82920
13917,13885 13917,4584 13917,4584 13885,90888 13885,1365 90888,3229 90888,144408 3229,29492 3229,30817 3229,6184 3229,202639 144408,231198 144408,29492 144408,19621 6184,4584 6184,6213 6184,6214 6184
1112574,10177 1112574,12210 1112574,4804 1112574,10177 12210,12350 12210,4804 12210,15429 10177,10177 4804,12210 4804,12350 4804,9515 4804,15429 12350,51180 12350,12195 51180,38722 51180,67415 51180,10177 15429,10177 9515,15429 9515,12195 38722,67415 38722,12350 12195,51180 12195,67415 12195
626999
1128978,578669 1128978,579008 1128978,592993 1128978,592996 1128978,35 579008,54132 579008,575077 579008,210871 35,210872 35,82920 35,28851 578669,35 28851,210872 210871,273152 210871,35 210871,35061 210871,44514 210871,210871 575077,35 575077,210871 273152,210872 273152,35 273152,82920 273152
940,941 940
13205
1129907,613409 1129907,77758 1129907,77758 613409
1115886,6214 1115886,4584 6151,6213 6151,887 6151,4584 6213,6151 6213,887 6213,117 6214,4584 6214,6151 6214,6213 6214,210872 210871,273152 210871,35 210871,35061 210871,44514 210871,210871 35,210872 35,82920 35,210871 198653,35 198653,198653 887,210871 887,35 887
22563,23738 22563,36140 22563,8224 22563,85688 8224,27895 23738,8224 23738,22563 36140,1272 85688,13686 1272,4584 1272,22563 13686,27535 13686,40135 13686,6184 13686
22883,34961 22883,51866 22883,51879 22883,51879 51866,8703 51866,27535 34961,51866 34961,51866 27535,8703 27535,10435 8703,10798 8703,4649 8703,85688 8703,22563 10435,22564 10435,22566 10435,23738 22563,36140 22563,8224 22563,1272 85688,13686 1272,4584 1272
1126503,25772 1126503,50838 1126503,116528 25772,77758 25772
1105231,1026 1105231,61312 1105231
1129621,16470 1129621,16476 1129621,253971 1129621,44514 253971
1130653
154134,143323 154134,217139 154134,2354 154134,64519 154134,137790 2354,74749 2354,887 64519,137790 74749,2354 74749,210872 210871,273152 210871,35 210871,35061 210871,44514 210871,210871 35,210872 35,82920 35,210871 198653,35 198653,198653 887,210871 887,35 887,210871 273152,210872 273152,35 273152,82920 273152
1153065,1688 1153065,35 1153065,35 1688,58758 1688,210871 35,210872 35,82920 35,210872 210871,273152 210871,35 210871,35061 210871,44514 210871,576973 58758,58758 576973,210871 273152,210872 273152,35 273152,82920 273152,35 141342,141342 35061,32083 35061,35 35061
423816,48781 423816,423816 48781
128,114 128,28487 128,4584 128,6213 128,4584 6213,6151 6213,887 6213,4584 6151,6213 6151,887 6151,210872 210871,273152 210871,35 210871,35061 210871,44514 210871,210871 35,210872 35,82920 35,210871 198653,35 198653,198653 887,210871 887,35 887,210871 273152,210872 273152,35 273152,82920 273152
1134348,189572 1134348,73162 1134348,16008 189572,189571 189572,714256 189572,16008 189571,39890 189571,714289 189571,51049 39890,39890 714256,189655 559804,39890 559804,714260 559804,714289 559804,73162 559804,15987 714289,39890 714289,523574 714289,559804 714289
30934,19231 30934
284414,1272 284414,13686 1272,4584 1272,22563 13686,27535 13686,40135 13686,6184 13686,23738 22563,36140 22563,8224 22563,51866 27535,8703 27535,19621 6184,4584 6184,6213 6184,6214 6184,85688 8224,27895 23738,8224 23738,51879 51866,8703 51866,853114 19621,853115 19621,853116 19621,4584 6213,6151 6213,887 6213
20528,27631 20528,36162 20528,36167 20528,28412 27631,3229 27631,6184 27631,6214 27631,70520 27631,288 36167,4584 36167,70520 36167,144408 3229,29492 3229,30817 3229,6184 3229,19621 6184,4584 6184,6213 6184,6214 6184,40151 288,202639 144408,231198 144408,29492 144408,853114 19621,853115 19621,853116 19621,4584 6213,6151 6213,887 6213,4584 6151,6213 6151,887 6151,117 6214,4584 6214,6151 6214,6213 6214,24966 202639,25702 202639,69198 231198,853115 853114,2354 40151,137790 2354,74749 2354
12275
1120777,107569 1120777,12330 1120777,2702 1120777,400356 1120777,2702 12330,12330 107569,12330 400356
241821,159084 241821,159085 241821,159084 159085,241821 159085
1107808
440815,38537 153063,561568 153063,561613 153063,153063 561568,561613 561568,153063 561613,3187 5086,3191 5086,3192 5086,16008 3191,3192 3191,39890 3191,5086 3191,5086 3187,51049 39890,15987 3192,16008 3192,3191 3192,153063 440815,5086 440815
2658,230879 2658,2665 2658,696345 2658,237489 2665,237521 2665,8581 2665,1365 237521,135464 237489,2665 237489,205192 578337,230879 578337,2665 578337,99030 578337,230879 696345,2658 696345,2665 696345,578337 696345,230879 205192,2665 205192,205192 99030,230879 99030
1133390
1152075,2653 1152075,2654 1152075
92065,24966 92065,3229 92065,144408 3229,29492 3229,30817 3229,6184 3229,202639 144408,231198 144408,29492 144408,19621 6184,4584 6184,6213 6184,6214 6184,24966 202639,25702 202639,69198 231198,853114 19621,853115 19621,853116 19621,4584 6213,6151 6213,887 6213,853115 853114,4584 6151,6213 6151,887 6151,117 6214,4584 6214,6151 6214,6213 6214
1152308,10169 17798,10177 10169,15429 10169,158614 10169,10169 158614,15429 10177,10177 15429,14531 56167,17798 56167,53942 56167,14531 1152308,17798 1152308,56167 1152308
278403
1136449,763009 1136449,763010 1136449,27530 27531,27543 27531,853114 19621,853115 19621,853116 19621,237489 2665,237521 2665,8581 2665,19621 763009,2665 763009,27531 763009,853115 853114,1365 237521,135464 237489,2665 237489,7297 763010,1365 7297,19621 7297,49482 7297,7272 7297,19621 853116,853114 853116,853115 853116,144408 3229,29492 3229,30817 3229,6184 3229,1365 49482,19621 49482,3229 49482
235679,235678 235679,235683 235679,235679 235678,235683 235678
308003,6923 308003,6935 308003,1272 6923,2440 6923,72908 6923,13686 1272,4584 1272,37483 2440,101811 6935,63915 6935,12350 101811,23738 101811,2440 72908,22563 13686,27535 13686,40135 13686,6184 13686,64519 37483,15429 12350,51180 12350,27895 23738,8224 23738,22563 63915,36140 63915,23738 22563,36140 22563,8224 22563,51866 27535,8703 27535,19621 6184,4584 6184,6213 6184,6214 6184,887 64519,12195 51180,38722 51180,67415 51180,85688 8224,22563 36140
6775,6784 6775
3223
228992
1786,22563 1786,27895 1786,46547 1786,23738 22563,36140 22563,8224 22563,85688 8224,27895 23738,8224 23738,22563 36140,1272 85688,13686 1272,4584 1272
28350,114 28350,6213 28350,4584 6213,6151 6213,887 6213,4584 6151,6213 6151,887 6151,210872 210871,273152 210871,35 210871,35061 210871,44514 210871,210871 35,210872 35,82920 35,210871 198653,35 198653,198653 887,210871 887,35 887,210871 273152,210872 273152,35 273152,82920 273152
18812
208345,10435 208345,55770 208345,55801 208345,22563 10435,22564 10435,22566 10435,208345 55801,67633 55801,23738 22563,36140 22563,8224 22563,85688 8224,27895 23738,8224 23738,22563 22564,10435 22566,22563 22566,22564 22566,22563 36140
6786
83746,13652 83746,13654 83746,13652 13654,80656 13654,80656 13652
27531,27530 27531,27543 27531
1105574,2665 1105574,5454 1105574,68224 1105574,237489 2665,237521 2665,8581 2665,1365 237521,135464 237489,2665 237489
49895
28290,12576 28290,35 28290,35 12576,6213 12576,83725 12576,887 12576,210871 35,210872 35,82920 35,4584 6213,6151 6213,887 6213,210872 210871,273152 210871,35 210871,35061 210871,44514 210871,12576 83725,56112 83725,6741 83725,12576 56112,83725 56112,4584 6151,6213 6151,887 6151,210871 198653,35 198653,198653 887,210871 887,35 887,210871 273152,210872 273152,35 273152,82920 273152,35 141342,141342 35061,32083 35061,35 35061
235670,235679 57773,235683 57773,235678 235679,235683 235679,235679 235678,235683 235678,235678 235670,235679 235670,235683 235670,57773 235670
645870,642894 645870,643221 642894,16819 643221,643239 643221,643485 643221,642894 643485,643221 643485,644577 643485,642621 16819,643221 16819,643239 16819,642894 643239,643221 643239
166989
27249,23738 27249,36140 27249,46468 27249,27895 23738,8224 23738,22563 36140,23738 22563,36140 22563,8224 22563,85688 8224,12638 4330,6913 4330,4330 4329,4329 46468,4330 46468,4335 46468,1272 85688,13686 1272,4584 1272,12631 12638,6898 12631
594119
129897,154982 129897,1997 129897,3187 129897,3191 129897,5055 129897,16008 3191,3192 3191,39890 3191,5086 3191,25772 1997,3233 1997,5086 3187,1997 154982,8079 154982,51049 39890,116528 25772,77758 25772,1997 3233,3236 3233,3240 3233,49811 3233,3187 5086,3191 5086,3192 5086,15987 3192,16008 3192,3191 3192,97377 3240,27249 8079,23738 27249,36140 27249,46468 27249,1997 49811,2440 49811,37483 2440,27895 23738,8224 23738
110041
50337,35922 50337,50336 50337,6818 50337,28957 35922,3229 35922,4335 35922,50336 35922,35922 50336,6818 50336,29723 6818,300806 6818,52515 300806,300806 29723,35905 29723,144408 3229,29492 3229,30817 3229,6184 3229,3229 52515,91038 52515,29723 35905,910 35905,202639 144408,231198 144408,29492 144408,19621 6184,4584 6184,6213 6184,6214 6184,24966 202639,25702 202639,69198 231198,853114 19621,853115 19621,853116 19621,4584 6213,6151 6213,887 6213
74920,74937 74920
1112911,144701 1112911,22229 1112911,35 1112911,887 1112911,210871 35,210872 35,82920 35,144701 22229,35061 22229,22229 144701,35061 144701,210872 210871,273152 210871,35 210871,35061 210871,44514 210871,210871 198653,35 198653,198653 887,210871 887,35 887,210871 273152,210872 273152,35 273152,82920 273152,35 141342,141342 35061,32083 35061,35 35061
628667,28350 628667,6213 628667,114 28350,6213 28350,4584 6213,6151 6213,887 6213,4584 6151,6213 6151,887 6151,210872 210871,273152 210871,35 210871,35061 210871,44514 210871,210871 35,210872 35,82920 35,210871 198653,35 198653,198653 887,210871 887,35 887,210871 273152,210872 273152,35 273152,82920 273152
1127863,20857 1127863,72908 1127863,6923 20857,1272 6923,2440 6923,72908 6923,2440 72908,37483 2440,13686 1272,4584 1272,64519 37483,22563 13686,27535 13686,40135 13686,6184 13686,887 64519
85452,10169 85452,1272 85452,13686 1272,4584 1272,10177 10169,15429 10169,158614 10169,22563 13686,27535 13686,40135 13686,6184 13686,10169 158614,15429 10177,23738 22563,36140 22563,8224 22563,51866 27535,8703 27535,19621 6184,4584 6184,6213 6184,6214 6184,10177 15429,85688 8224,27895 23738,8224 23738,51879 51866,8703 51866,853114 19621,853115 19621,853116 19621,4584 6213,6151 6213,887 6213
1128208,576973 1128208,58758 1128208,58758 576973,576973 58758
195361,6213 195361,4584 6213,6151 6213,887 6213,4584 6151,6213 6151,887 6151,210872 210871,273152 210871,35 210871,35061 210871,44514 210871,210871 35,210872 35,82920 35,210871 198653,35 198653,198653 887,210871 887,35 887,210871 273152,210872 273152,35 273152,82920 273152
119956,4330 119956,5462 119956,910 5462,12638 4330,6913 4330,2696 5869,910 5869,25702 910,5462 910,5869 910,77758 910,906 910,12631 12638,6898 12631,5348 2696,15076 25702,24043 15076,32276 15076,646286 6913,646289 6913,126927 646286,16819 646286,642681 646286,642894 646286,643221 646286,16819 643221,643239 643221,643485 643221,642847 642681,643221 642894,642621 16819,643221 16819,643239 16819,103543 126927,126920 126927,643221 126927,643239 126927,645897 126927
11093,4330 11093,12638 4330,6913 4330,12631 12638,6898 12631,646286 6913,646289 6913,126927 646286,16819 646286,642681 646286,642894 646286,643221 646286,16819 643221,643239 643221,643485 643221,642847 642681,643221 642894,642621 16819,643221 16819,643239 16819,103543 126927,126920 126927,643221 126927,643239 126927,645897 126927
272720,192850 272720,3233 272720,36145 272720,45189 272720,45188 45189,4804 45189,89547 45189,272720 192850,3233 192850,45189 192850,8079 192850,1997 3233,3236 3233,3240 3233,49811 3233,8617 36145,8619 36145,45189 45188,89547 45188,10177 4804,12210 4804,12350 4804,9515 4804,25772 1997,3233 1997,97377 3240,15429 12350,51180 12350,10177 12210,12350 12210,4804 12210,15429 10177,27249 8079,23738 27249,36140 27249,46468 27249,116528 25772,77758 25772,1997 49811,2440 49811,37483 2440,15429 89547,10177 15429,12195 51180,38722 51180,67415 51180,10177 9515,15429 9515,27895 23738,8224 23738,64519 37483,8224 97377,85688 8224
29708,29492 29708
321861,12182 321861,2653 321861,12210 12182,28649 12182,4804 12182,10177 12210,12350 12210,4804 12210,10177 4804,12210 4804,12350 4804,9515 4804,15429 12350,51180 12350,15429 10177,12195 51180,38722 51180,67415 51180,10177 9515,15429 9515
187260
1129798
1246
28267
520471,1272 520471,13686 1272,4584 1272,22563 13686,27535 13686,40135 13686,6184 13686,23738 22563,36140 22563,8224 22563,51866 27535,8703 27535,19621 6184,4584 6184,6213 6184,6214 6184,85688 8224,27895 23738,8224 23738,51879 51866,8703 51866,853114 19621,853115 19621,853116 19621,4584 6213,6151 6213,887 6213
15984
1127851,187354 1127851,20821 1127851,238099 1127851,4649 1127851,49844 1127851,3217 238099,6935 238099,3218 187354,6923 187354,22431 49844,2440 49844,49843 49844,49847 49844,8224 49844,1272 6923,2440 6923,72908 6923,22431 49847,2440 49847,49843 49847,8224 49847,75121 22431,8224 22431,85688 8224,11335 49843,22431 49843,2440 49843,3218 49843,8224 49843,37483 2440,101811 6935,63915 6935,12350 101811,23738 101811,13686 1272,4584 1272,267003 75121,85688 75121,64519 37483,15429 12350,51180 12350,27895 23738,8224 23738,22563 63915,36140 63915,23738 22563,36140 22563,8224 22563,2440 72908,22563 13686,27535 13686,40135 13686,6184 13686,434 267003,1272 85688,887 64519
93320,10796 93320,23507 93320,6214 93320,10798 10796,6213 10796,887 10796,4584 6213,6151 6213,887 6213,1365 23502,23507 23502,3229 23502,330148 23502,6184 10981,23507 152731,43186 152731,10981 23507,1365 23507,152731 23507,23502 23507,4584 6151,6213 6151,887 6151,117 6214,4584 6214,6151 6214,6213 6214,210872 210871,273152 210871,35 210871,35061 210871,44514 210871,210871 35,210872 35,82920 35,210871 198653,35 198653,198653 887,210871 887,35 887,144408 3229,29492 3229,30817 3229,6184 3229,19621 6184,4584 6184,6213 6184,6214 6184,210871 273152,210872 273152,35 273152,82920 273152,202639 144408,231198 144408,29492 144408,1365 184918,19621 184918,23502 184918,330148 184918,853114 19621,853115 19621,853116 19621,1365 330148,184918 330148,19621 330148
148341,263069 148341
217852,23507 217852,37483 217852,64519 37483,887 64519,1365 23502,23507 23502,3229 23502,330148 23502,6184 10981,23507 152731,43186 152731,10981 23507,1365 23507,152731 23507,23502 23507,144408 3229,29492 3229,30817 3229,6184 3229,19621 6184,4584 6184,6213 6184,6214 6184,210872 210871,273152 210871,35 210871,35061 210871,44514 210871,210871 35,210872 35,82920 35,210871 198653,35 198653,198653 887,210871 887,35 887,202639 144408,231198 144408,29492 144408,1365 184918,19621 184918,23502 184918,330148 184918,853114 19621,853115 19621,853116 19621,1365 330148,184918 330148,19621 330148,4584 6213,6151 6213,887 6213
1153064,101811 1153064,23738 1153064,12350 101811,23738 101811,27895 23738,8224 23738,15429 12350,51180 12350,85688 8224,12195 51180,38722 51180,67415 51180,12195 38722,67415 38722,12350 12195,51180 12195,67415 12195,10177 15429,15429 10177,1272 85688,13686 1272,4584 1272
41216,62417 41216
649730,123825 649730,19621 649730,853114 19621,853115 19621,853116 19621,19621 123825,649731 123825,853115 853114,19621 853116,853114 853116,853115 853116,1365 649731,23507 649731,1365 23502,23507 23502,3229 23502,330148 23502,6184 10981,23507 152731,43186 152731,10981 23507,1365 23507,152731 23507,23502 23507
83461,63486 83461,10169 63486,144330 63486,17811 63486,3231 63486,56115 63486,20193 144330,22431 144330,10169 3231,17798 3231,39127 3231,39131 3231,6334 3231,10177 10169,15429 10169,158614 10169,56112 56115,83725 56115,75121 22431,8224 22431,10169 6334,3231 6334,39131 6334,6767 6334,10169 158614,15429 10177,12576 56112,83725 56112,267003 75121,85688 75121,85688 8224,10169 17798,10169 39131,17798 39131,39130 39131,3240 39130,97377 39130,10177 15429,12576 83725,56112 83725,6741 83725,35 12576,6213 12576,83725 12576,887 12576
919885,3229 919885,144408 3229,29492 3229,30817 3229,6184 3229,202639 144408,231198 144408,29492 144408,19621 6184,4584 6184,6213 6184,6214 6184,24966 202639,25702 202639,69198 231198,853114 19621,853115 19621,853116 19621,4584 6213,6151 6213,887 6213,853115 853114,4584 6151,6213 6151,887 6151,117 6214,4584 6214,6151 6214,6213 6214
100701
37483,64519 37483,887 64519,210872 210871,273152 210871,35 210871,35061 210871,44514 210871,210871 35,210872 35,82920 35,210871 198653,35 198653,198653 887,210871 887,35 887,210871 273152,210872 273152,35 273152,82920 273152
1108597
409255,7537 409255,7532 7537,7537 7532,80491 7532
644577,643221 644577,644427 644577,16819 643221,643239 643221,643485 643221,642894 643485,643221 643485,644577 643485,642621 16819,643221 16819,643239 16819,642894 643239,643221 643239,643221 642894
68463,3231 68463,5966 68463,6334 68463,10169 3231,17798 3231,39127 3231,39131 3231,6334 3231,10169 6334,3231 6334,39131 6334,6767 6334,10177 10169,15429 10169,158614 10169,10169 17798,10169 39131,17798 39131,39130 39131,3240 39130,97377 39130,10169 158614,15429 10177,22563 6767,3218 6767,23738 22563,36140 22563,8224 22563,97377 3240,10177 15429,85688 8224,27895 23738,8224 23738
1129442,10531 43698,31353 43698,31353 10531,10531 31353,10531 1129442,31336 1129442,31353 1129442,43698 1129442,10531 31336,31353 31336
1110000,137868 1110000,3187 1110000,5086 3187,38537 137868,3187 5086,3191 5086,3192 5086,16008 3191,3192 3191,39890 3191,5086 3191,51049 39890,15987 3192,16008 3192,3191 3192
10435,22563 10435,22564 10435,22566 10435,23738 22563,36140 22563,8224 22563,85688 8224,27895 23738,8224 23738,22563 22564,10435 22566,22563 22566,22564 22566,22563 36140,1272 85688,13686 1272,4584 1272
45189,45188 45189,4804 45189,89547 45189,45189 45188,89547 45188,10177 4804,12210 4804,12350 4804,9515 4804,15429 12350,51180 12350,10177 12210,12350 12210,4804 12210,15429 10177,15429 89547,10177 15429,12195 51180,38722 51180,67415 51180,10177 9515,15429 9515,12195 38722,67415 38722,12350 12195,51180 12195,67415 12195
40,141342 40,35 141342,210871 35,210872 35,82920 35,210872 210871,273152 210871,35 210871,35061 210871,44514 210871,210871 273152,210872 273152,35 273152,82920 273152
40124,145176 40124,19697 40124,23116 40124,24966 40124,24966 145176,24966 23116,253762 23116,27627 23116,65212 23116,24966 19697
43165
434,10798 434,114 434,4649 434,6213 434,8703 434,4584 6213,6151 6213,887 6213,4584 6151,6213 6151,887 6151,10435 8703,10798 8703,4649 8703,85688 8703,22563 10435,22564 10435,22566 10435,210872 210871,273152 210871,35 210871,35061 210871,44514 210871,210871 35,210872 35,82920 35,210871 198653,35 198653,198653 887,210871 887,35 887,23738 22563,36140 22563,8224 22563,1272 85688,13686 1272,4584 1272,210871 273152,210872 273152,35 273152,82920 273152,85688 8224,27895 23738,8224 23738,22563 22564,10435 22566,22563 22566,22564 22566,22563 13686,27535 13686,40135 13686,6184 13686
11148
87482,34257 87482,34263 87482,45533 87482,74427 87482,74427 34257,213246 34263,34257 34263,34266 34263,90655 34263,340299 74427,1365 340299,42156 340299,34257 34266,45533 34266,74427 34266,87482 34266,34257 90655,34263 90655,34266 90655
1130600,1365 1130600,4584 1130600,6214 1130600,628500 1130600,1365 628500,188471 628500,4584 628500,6214 628500,1365 188471,4584 188471,6214 188471,628500 188471,4584 6151,6213 6151,887 6151,4584 6213,6151 6213,887 6213,117 6214,4584 6214,6151 6214,6213 6214,210872 210871,273152 210871,35 210871,35061 210871,44514 210871,210871 35,210872 35,82920 35,210871 198653,35 198653,198653 887,210871 887,35 887
83847
18815
263498,35 263498,35061 263498,210871 35,210872 35,82920 35,210872 210871,273152 210871,35 210871,35061 210871,44514 210871,35 141342,141342 35061,32083 35061,35 35061,210871 273152,210872 273152,35 273152,82920 273152
1116410,219976 1116410,35490 1116410,91853 1116410,95188 1116410,887 35490,117328 95188,20179 95188,35490 95188,64271 95188,940 20180,941 20180,20179 20178,91852 20178,91853 20178,20178 91853,20179 91853,20180 91853,20193 91853,210872 210871,273152 210871,35 210871,35061 210871,44514 210871,210871 35,210872 35,82920 35,210871 198653,35 198653,198653 887,210871 887,35 887,20178 64271,35490 64271,941 940,117328 91852,20179 91852,64271 91852,943 91852,210871 273152,210872 273152,35 273152,82920 273152
1129608,31353 1129608,573553 1129608,10531 31353,31353 10531
31055
644093,642894 643239,643221 643239,16819 643221,643239 643221,643485 643221,643221 642894,642894 643485,643221 643485,644577 643485,642621 16819,643221 16819,643239 16819,643221 644577,644427 644577,126927 644093,16819 644093,642681 644093,643221 644093,643239 644093,642847 642681,103543 126927,126920 126927,643221 126927,643239 126927,645897 126927,38537 642847,126927 126920,126909 103543,126912 103543,126920 103543,126926 103543,126927 103543,126926 126909,440815 645571,126920 645897,126927 645897,643221 645897,644577 645897,645571 645897,103537 126912,103543 126912,18777 103537,28957 103537,153063 440815,5086 440815
389715,107251 389715,20584 389715,22563 389715,46491 389715,46547 389715,23738 22563,36140 22563,8224 22563,22563 107251,389715 107251,46491 107251,46547 107251,85688 8224,27895 23738,8224 23738,22563 36140,1272 85688,13686 1272,4584 1272
636511,174418 636511,174425 636511,32276 636511,910 636511,174425 174418,32276 174418,2696 5869,910 5869,910 5462,25702 910,5462 910,5869 910,77758 910,906 910,5348 2696,15076 25702,24043 15076,32276 15076
1102442,1997 1102442,1999 1102442,25772 1997,3233 1997,116528 25772,77758 25772,1997 3233,3236 3233,3240 3233,49811 3233,97377 3240,1997 49811,2440 49811,37483 2440
1131198,307015 1131198,643199 1131198,35 307015,82920 307015,210871 35,210872 35,82920 35,307015 335733,35 335733,307015 643199,335733 643199,210872 210871,273152 210871,35 210871,35061 210871,44514 210871,210871 273152,210872 273152,35 273152,82920 273152
1117833,5600 1117833,54550 5600,10183 54550,10798 10183
6215,6213 6215,6214 6215,887 6215,4584 6213,6151 6213,887 6213,4584 6151,6213 6151,887 6151,210872 210871,273152 210871,35 210871,35061 210871,44514 210871,210871 35,210872 35,82920 35,210871 198653,35 198653,198653 887,210871 887,35 887,117 6214,4584 6214,6151 6214,6213 6214,210871 273152,210872 273152,35 273152,82920 273152,35 141342,141342 35061,32083 35061,35 35061
87417,58436 87417,58453 87417,58454 87417
754594
1140231
18774,18777 18774,73146 18774,73146 35778,18774 73146,18777 73146,23738 73146,35778 73146,27895 23738,8224 23738,85688 8224
1106771,34257 1106771,45533 1106771,74427 1106771,74427 34257,340299 74427,1365 340299,42156 340299
1128943,578669 1128943,579008 1128943,592993 1128943,592996 1128943,35 579008,54132 579008,575077 579008,210871 35,210872 35,82920 35,28851 578669,35 28851,210872 210871,273152 210871,35 210871,35061 210871,44514 210871,210871 575077,35 575077,210871 273152,210872 273152,35 273152,82920 273152
1153097,7537 7532,80491 7532,7532 7537,7537 409255,409255 1153097,7532 1153097,7537 1153097
1106112,114 1106112,1237 1106112,28385 1106112
292277
1105505,66782 1105505,66794 1105505
1119742
95718,19697 95718,239800 95718,4335 95718,71904 95718,19697 239800,24966 239800,4335 239800,71904 239800,24966 19697
20534,13972 20534,6163 20534,6213 20534,124064 6163,6213 6163,6220 6163,6224 6163,4584 6213,6151 6213,887 6213,114 124064,28542 124064,4584 124064,6213 124064,6214 124064,4584 6151,6213 6151,887 6151,114 6220,124064 6220,28350 6220,28412 6220,6213 6220,114 28350,6213 28350,6213 6215,6214 6215,887 6215,124064 6224,6213 6224,6214 6224,6215 6224,6220 6224,210872 210871,273152 210871,35 210871,35061 210871,44514 210871,210871 35,210872 35,82920 35,210871 198653,35 198653,198653 887,210871 887,35 887,117 6214,4584 6214,6151 6214,6213 6214,210871 273152,210872 273152,35 273152,82920 273152
193352,348305 193352
116512
310742,189566 310742,3191 310742,3192 310742,16008 3191,3192 3191,39890 3191,5086 3191,51049 39890,15987 3192,16008 3192,3191 3192,3187 5086,3191 5086,3192 5086,5086 3187
58453
1131167,16819 1131167,642681 1131167,642847 642681,642621 16819,643221 16819,643239 16819,38537 642847,16819 643221,643239 643221,643485 643221,642894 643239,643221 643239,643221 642894,642894 643485,643221 643485,644577 643485
167205,8591 167205,8594 8591
628458
227178,44455 227178,41714 44455,35 41714,44455 41714,210871 35,210872 35,82920 35,210872 210871,273152 210871,35 210871,35061 210871,44514 210871
1129096,28249 1129096,6213 1129096,4584 6213,6151 6213,887 6213,4584 6151,6213 6151,887 6151,210872 210871,273152 210871,35 210871,35061 210871,44514 210871,210871 35,210872 35,82920 35,210871 198653,35 198653,198653 887,210871 887,35 887,210871 273152,210872 273152,35 273152,82920 273152
634904,287787 634904,35 634904,110041 287787,35 287787,210871 35,210872 35,82920 35,210872 210871,273152 210871,35 210871,35061 210871,44514 210871,210871 273152,210872 273152,35 273152,82920 273152,35 141342,141342 35061,32083 35061,35 35061
33823
1113934,10796 1113934,1481 1113934,20924 1113934,22875 1113934,90888 1113934,10798 10796,6213 10796,887 10796,20923 20924,289885 20924,294030 20924,1365 90888,3229 90888,144408 3229,29492 3229,30817 3229,6184 3229,4584 6213,6151 6213,887 6213,20923 294030,20924 294030,31479 294030,39890 294030,77758 294030,20923 289885,20924 289885,31479 289885,77758 289885,202639 144408,231198 144408,29492 144408,19621 6184,4584 6184,6213 6184,6214 6184,4584 6151,6213 6151,887 6151,210872 210871,273152 210871,35 210871,35061 210871,44514 210871,210871 35,210872 35,82920 35,210871 198653,35 198653,198653 887,210871 887,35 887,51049 39890,24966 202639,25702 202639,69198 231198,853114 19621,853115 19621,853116 19621,210871 273152,210872 273152,35 273152,82920 273152
683294
23774,20534 23774,6213 23774,13972 20534,6163 20534,6213 20534,4584 6213,6151 6213,887 6213,124064 6163,6213 6163,6220 6163,6224 6163,4584 6151,6213 6151,887 6151,114 124064,28542 124064,4584 124064,6213 124064,6214 124064,210872 210871,273152 210871,35 210871,35061 210871,44514 210871,210871 35,210872 35,82920 35,210871 198653,35 198653,198653 887,210871 887,35 887,114 6220,124064 6220,28350 6220,28412 6220,6213 6220,114 28350,6213 28350,6213 6215,6214 6215,887 6215,124064 6224,6213 6224,6214 6224,6215 6224,6220 6224,210871 273152,210872 273152,35 273152,82920 273152
1997,25772 1997,3233 1997,116528 25772,77758 25772,1997 3233,3236 3233,3240 3233,49811 3233,97377 3240,1997 49811,2440 49811,37483 2440,64519 37483,8224 97377,85688 8224
36162
1152896,1959 1152896,198653 1152896,28267 1152896,3828 1152896,943 1152896,936 3828,940 3828,941 3828,943 3828,210871 198653,35 198653,20180 943,28265 943,940 20180,941 20180,940 28265,941 28265,941 940,210872 210871,273152 210871,35 210871,35061 210871,44514 210871,210871 35,210872 35,82920 35,210871 273152,210872 273152,35 273152,82920 273152,35 141342,141342 35061,32083 35061,35 35061
1107385,107569 1107385,12330 107569,2702 12330
387795,128540 387795,28287 387795,35 387795,44455 387795,114 28287,28290 28287,4584 28287,56708 28287,56709 28287,28287 128540,35 128540,387795 128540,44455 128540,210871 35,210872 35,82920 35,12576 28290,35 28290,41714 44455,35 41714,44455 41714,210872 210871,273152 210871,35 210871,35061 210871,44514 210871,35 12576,6213 12576,83725 12576,887 12576,12576 56709,28287 56709,28290 56709,56708 56709,210871 273152,210872 273152,35 273152,82920 273152,4584 6213,6151 6213,887 6213,35 141342,141342 35061,32083 35061,35 35061
340078,12439 340078,910 340078,22563 12439,36140 12439,910 12439,23738 22563,36140 22563,8224 22563,2696 5869,910 5869,910 5462,25702 910,5462 910,5869 910,77758 910,906 910,22563 36140,85688 8224,27895 23738,8224 23738,5348 2696,15076 25702,24043 15076,32276 15076
14062
158812
606479,210872 606479,44514 606479
641976,145134 641976,24966 641976,3229 641976,24966 145134,144408 3229,29492 3229,30817 3229,6184 3229,202639 144408,231198 144408,29492 144408,19621 6184,4584 6184,6213 6184,6214 6184,24966 202639,25702 202639,69198 231198,853114 19621,853115 19621,853116 19621,4584 6213,6151 6213,887 6213,853115 853114,4584 6151,6213 6151,887 6151,117 6214,4584 6214,6151 6214,6213 6214
1153891,1481 1153891,15889 1153891,175909 1153891,221302 1153891,15889 221302,175909 221302,3085 221302,3085 15889,15889 175909,20193 3085,566653 3085,566664 3085
654326,3229 654326,654339 654326,144408 3229,29492 3229,30817 3229,6184 3229,202639 144408,231198 144408,29492 144408,19621 6184,4584 6184,6213 6184,6214 6184,654326 654339,24966 202639,25702 202639,69198 231198,853114 19621,853115 19621,853116 19621,4584 6213,6151 6213,887 6213,853115 853114,4584 6151,6213 6151,887 6151,117 6214,4584 6214,6151 6214,6213 6214
41417,10435 41417,22563 10435,22564 10435,22566 10435,23738 22563,36140 22563,8224 22563,85688 8224,27895 23738,8224 23738,22563 22564,10435 22566,22563 22566,22564 22566,22563 36140
1154169,1365 1154169,3229 1154169,144408 3229,29492 3229,30817 3229,6184 3229,202639 144408,231198 144408,29492 144408,19621 6184,4584 6184,6213 6184,6214 6184,24966 202639,25702 202639,69198 231198,853114 19621,853115 19621,853116 19621,4584 6213,6151 6213,887 6213,853115 853114,4584 6151,6213 6151,887 6151,117 6214,4584 6214,6151 6214,6213 6214
14083,62676 14083
18811
27510,103482 27510,35 27510,35 103482,210871 35,210872 35,82920 35,210872 210871,273152 210871,35 210871,35061 210871,44514 210871,210871 273152,210872 273152,35 273152,82920 273152,35 141342,141342 35061,32083 35061,35 35061
282700,2658 282700,230879 2658,2665 2658,696345 2658,237489 2665,237521 2665,8581 2665,1365 237521,135464 237489,2665 237489,205192 578337,230879 578337,2665 578337,99030 578337,230879 696345,2658 696345,2665 696345,578337 696345,230879 205192,2665 205192
38846,22386 38846,74975 38846
37998,13717 37998,23507 13717,63931 13717,2440 63931,37483 63931,64519 37483,37483 2440,1365 23502,23507 23502,3229 23502,330148 23502,6184 10981,23507 152731,43186 152731,10981 23507,1365 23507,152731 23507,23502 23507,887 64519,144408 3229,29492 3229,30817 3229,6184 3229,19621 6184,4584 6184,6213 6184,6214 6184
318187
5348,2696 5348,5348 2696
258259
733576
1154524,235679 57773,235683 57773,235678 235679,235683 235679,235679 235678,235683 235678,235679 1154524,235683 1154524,57773 1154524
286500,16485 286500,35 286500,576362 286500,210871 35,210872 35,82920 35,210872 210871,273152 210871,35 210871,35061 210871,44514 210871,210871 273152,210872 273152,35 273152,82920 273152,35 141342,141342 35061,32083 35061,35 35061
592830,14531 592830,14549 592830,39127 592830,75969 592830,75972 592830,14545 14549,31479 14549,7047 14549,51934 14545,6639 178209,178209 116084,39127 116084,6639 116084,116084 75972,178209 75972,39127 75972,22431 6639,3218 6639,8224 6639,75121 22431,8224 22431,85688 8224
817774
78508
641956,25772 641956,370366 641956,116528 25772,77758 25772
1107367,22886 1107367,28447 1107367,95642 1107367,22886 28447,6214 28447,73323 28447,95642 28447,4584 6151,6213 6151,887 6151,4584 6213,6151 6213,887 6213,117 6214,4584 6214,6151 6214,6213 6214
48555,424540 48555
3243
964248,3222 964248,3237 964248,3240 964248,97377 3240,116528 3237,3231 3237,3236 3237,49660 3237,10169 3231,17798 3231,39127 3231,39131 3231,6334 3231,8224 97377,85688 8224,10169 49660,3231 49660,39127 49660,40151 49660,10177 10169,15429 10169,158614 10169,10169 6334,3231 6334,39131 6334,6767 6334,2354 40151,137790 2354,74749 2354,10169 158614,15429 10177,10169 17798,10169 39131,17798 39131,39130 39131,3240 39130,97377 39130
11342,23738 11342,79809 11342,8224 11342,85688 8224,27895 23738,8224 23738,11342 79809,24966 79809,358866 79809,358887 79809,5086 79809,79809 358866,3187 5086,3191 5086,3192 5086,16008 3191,3192 3191,39890 3191,5086 3191,5086 3187,1272 85688,13686 1272,4584 1272,51049 39890,15987 3192,16008 3192,3191 3192,22563 13686,27535 13686,40135 13686,6184 13686
49811,1997 49811,2440 49811,25772 1997,3233 1997,37483 2440,116528 25772,77758 25772,1997 3233,3236 3233,3240 3233,49811 3233,64519 37483,97377 3240,887 64519
63812
81722,35 81722,81714 81722,134219 81714,210871 81714,82920 81714,210871 35,210872 35,82920 35,210872 210871,273152 210871,35 210871,35061 210871,44514 210871,210871 273152,210872 273152,35 273152,82920 273152,35 141342,141342 35061,32083 35061,35 35061
575292,141342 575292,35 575292,85299 575292,35 141342,210871 35,210872 35,82920 35,210872 210871,273152 210871,35 210871,35061 210871,44514 210871,210871 273152,210872 273152,35 273152,82920 273152,141342 35061,32083 35061,35 35061
753047,753070 753047,753264 753047,753265 753047,4330 753265,753047 753265,12638 4330,6913 4330,753047 753264,753070 753264,175548 753070,753047 753070,12631 12638,6898 12631
954315,72908 954315,83461 954315,63486 83461,2440 72908,37483 2440,10169 63486,144330 63486,17811 63486,3231 63486,56115 63486,20193 144330,22431 144330,10169 3231,17798 3231,39127 3231,39131 3231,6334 3231,10177 10169,15429 10169,158614 10169,56112 56115,83725 56115,64519 37483,75121 22431,8224 22431,10169 6334,3231 6334,39131 6334,6767 6334,10169 158614,15429 10177,12576 56112,83725 56112,887 64519
8832,3220 8832,22563 3220,23738 22563,36140 22563,8224 22563,85688 8224,27895 23738,8224 23738,22563 36140
1114364,416964 127940,430329 127940,127940 1114364,16437 430329
1132083,169279 1132083,169280 1132083,6910 1132083,124224 169279,6910 169279,6898 12631,12638 263553,6910 263553,12631 6910,12638 6910,263553 6910,444191 6910,6898 6910,6898 124224,124224 6898,12631 6898,12638 6898,17363 444191,3229 444191,144408 3229,29492 3229,30817 3229,6184 3229,12631 12638,202639 144408,231198 144408,29492 144408,19621 6184,4584 6184,6213 6184,6214 6184
75695,5348 75695,8581 75695,2696 5348,5348 2696
74427,340299 74427,1365 340299,42156 340299
445938,158172 445938,18777 445938,33231 445938,6814 445938,33231 158172,6814 158172,77438 158172,36131 77438,37888 77438,36802 37888,77438 37888
20180,940 20180,941 20180,941 940
158172,33231 158172,6814 158172,77438 158172,36131 77438,37888 77438,36802 37888,77438 37888
567005,28287 567005,648232 567005,114 28287,28290 28287,4584 28287,56708 28287,56709 28287,1365 648232,12576 28290,35 28290,35 12576,6213 12576,83725 12576,887 12576,210871 35,210872 35,82920 35,12576 56709,28287 56709,28290 56709,56708 56709,4584 6213,6151 6213,887 6213,210872 210871,273152 210871,35 210871,35061 210871,44514 210871
18773
1136631,753047 1136631,767763 1136631,753070 753047,753264 753047,753265 753047,753047 767763,753070 767763,753264 767763,4330 753265,753047 753265,12638 4330,6913 4330,753047 753264,753070 753264,175548 753070,753047 753070
86258
1105221,12576 1105221,135130 1105221,56119 1105221,12576 135130,35 135130,56115 135130,35 12576,6213 12576,83725 12576,887 12576,12576 56119,35 56119,56112 56119,56115 56119,83725 56119,210871 35,210872 35,82920 35,56112 56115,83725 56115,4584 6213,6151 6213,887 6213,12576 56112,83725 56112,210872 210871,273152 210871,35 210871,35061 210871,44514 210871,12576 83725,56112 83725,6741 83725,4584 6151,6213 6151,887 6151,210871 198653,35 198653,198653 887,210871 887,35 887,210871 273152,210872 273152,35 273152,82920 273152
1152959,284023 1152959,346292 284023,93555 284023,284023 346292,32083 346292
22431,75121 22431,8224 22431,267003 75121,85688 75121,85688 8224,434 267003,10798 434,114 434,4649 434,6213 434,8703 434,1272 85688,13686 1272,4584 1272,4584 6213,6151 6213,887 6213,22563 13686,27535 13686,40135 13686,6184 13686
1125944
910,2696 5869,910 5869,5348 2696,910 5462,25702 910,5462 910,5869 910,77758 910,906 910,2696 5348,15076 25702,24043 15076,32276 15076
73162
141171,7537 7532,80491 7532,7532 7537,179702 141171,179706 141171,75318 141171,7532 141171,7537 141171,103430 75318,75318 103430
68495,10177 68495,12197 68495,12350 68495,15429 12350,51180 12350,15429 10177,10177 12197,15429 12197,12195 51180,38722 51180,67415 51180,12195 38722,67415 38722,12350 12195,51180 12195,67415 12195,10177 15429,10177 67415,12210 67415,12350 67415,10177 12210,12350 12210,4804 12210
1154251,10796 30895,1272 30895,3243 30895,59798 30895,8224 30895,85688 8224,10798 10796,6213 10796,887 10796,13686 1272,4584 1272,4584 6213,6151 6213,887 6213,22563 13686,27535 13686,40135 13686,6184 13686,1272 85688,4584 6151,6213 6151,887 6151,210872 210871,273152 210871,35 210871,35061 210871,44514 210871,210871 35,210872 35,82920 35,210871 198653,35 198653,198653 887,210871 887,35 887,23738 22563,36140 22563,8224 22563,51866 27535,8703 27535,19621 6184,4584 6184,6213 6184,6214 6184,3229 25181,59798 25181,144408 3229,29492 3229,30817 3229,6184 3229,202639 144408,231198 144408,29492 144408,24966 202639,25702 202639,69198 231198,853114 19621,853115 19621,853116 19621,25181 1154251,30895 1154251,3229 1154251,59798 1154251,853115 853114,117 6214,4584 6214,6151 6214,6213 6214
411005,131315 411005,131317 411005,131318 411005,13212 411005,69198 411005,28504 131315,29708 131315,29723 131315,13208 131318,13212 131318,13213 131318,19697 131318,24966 131318,29492 29708,300806 29723,35905 29723,13205 13208,13212 13208,24966 19697,29723 35905,910 35905,52515 300806,3229 52515,91038 52515
1153166,1953 1153166,73327 1153166,1959 73327,198866 73327,64271 73327,887 35490,20179 20178,91852 20178,91853 20178,20178 64271,35490 64271,117328 91852,20179 91852,64271 91852,943 91852
25772,116528 25772,77758 25772
594543,35 594543,54129 594543,210871 35,210872 35,82920 35,35 54129,210872 210871,273152 210871,35 210871,35061 210871,44514 210871,210871 273152,210872 273152,35 273152,82920 273152,35 141342,141342 35061,32083 35061,35 35061
190698
1112723,24966 145176,145176 40124,19697 40124,23116 40124,24966 40124,24966 23116,253762 23116,27627 23116,65212 23116,24966 19697,145176 1112723,24974 1112723,40124 1112723
675649,15076 25702,24043 15076,32276 15076,2696 5869,910 5869,5348 2696,910 5462,25702 910,5462 910,5869 910,77758 910,906 910,240321 675649,25702 675649,675756 675649,910 675649
2654
239829
81714,134219 81714,210871 81714,82920 81714,210872 210871,273152 210871,35 210871,35061 210871,44514 210871,210871 273152,210872 273152,35 273152,82920 273152,210871 35,210872 35,82920 35,35 141342,141342 35061,32083 35061,35 35061
47570,10183 47570,10798 10183
1104191
193932,105865 193932,193931 193932,350319 193932,6775 350319,6784 350319,3191 105865,3192 105865,100197 193931,105856 193931,105865 193931,133553 105856,133563 105856,16485 105856,175548 105856,3229 100197,6784 6775,16008 3191,3192 3191,39890 3191,5086 3191,48550 133563,48555 133563,5194 133563,141160 133553,144408 3229,29492 3229,30817 3229,6184 3229,51049 39890,15987 3192,16008 3192,3191 3192,289945 48550,3229 48550,48555 48550,910 48550,202639 144408,231198 144408,29492 144408,19621 6184,4584 6184,6213 6184,6214 6184,3187 5086,3191 5086,3192 5086,5086 3187
1120170,114 1120170,6215 1120170,6213 6215,6214 6215,887 6215,4584 6213,6151 6213,887 6213,4584 6151,6213 6151,887 6151,210872 210871,273152 210871,35 210871,35061 210871,44514 210871,210871 35,210872 35,82920 35,210871 198653,35 198653,198653 887,210871 887,35 887,117 6214,4584 6214,6151 6214,6213 6214,210871 273152,210872 273152,35 273152,82920 273152
177998
191404
566664,20193 566664,566653 566664
714208,714289 714208,189655 559804,39890 559804,714260 559804,714289 559804,73162 559804,51049 39890,15987 714289,39890 714289,523574 714289,559804 714289,189655 714260,714256 714260,73162 714260
31927,194609 31927,31353 31927,563613 31927,10531 31353,31353 10531
93923,1272 93923,6923 93923,72908 93923,1272 6923,2440 6923,72908 6923,13686 1272,4584 1272,37483 2440,2440 72908,22563 13686,27535 13686,40135 13686,6184 13686,64519 37483,23738 22563,36140 22563,8224 22563,51866 27535,8703 27535,19621 6184,4584 6184,6213 6184,6214 6184,887 64519,85688 8224,27895 23738,8224 23738,51879 51866,8703 51866,853114 19621,853115 19621,853116 19621,4584 6213,6151 6213,887 6213
6925,57932 6925,6767 6925,22563 6767,3218 6767,23738 22563,36140 22563,8224 22563,85688 8224,27895 23738,8224 23738,22563 36140
1117942,114 1117942,341188 1117942,6213 1117942,114 341188,117 341188,28350 341188,28491 341188,7419 341188,4584 6213,6151 6213,887 6213,114 28350,6213 28350,4584 6151,6213 6151,887 6151,13972 20534,6163 20534,6213 20534,20534 7419,6169 7419,6213 7419,210872 210871,273152 210871,35 210871,35061 210871,44514 210871,210871 35,210872 35,82920 35,210871 198653,35 198653,198653 887,210871 887,35 887,124064 6163,6213 6163,6220 6163,6224 6163,28227 6169,114 28227,28350 28227,6213 28227,210871 273152,210872 273152,35 273152,82920 273152
1128927
210309,15429 210309,10177 15429,15429 10177
83449,1956 83449,3085 83449,3095 83449,1955 1956,35 1956,3828 1956,936 1956,20193 3085,566653 3085,566664 3085,210871 35,210872 35,82920 35,936 3828,940 3828,941 3828,943 3828,10430 3095,1951 3095,10183 10430,10798 10183,210872 210871,273152 210871,35 210871,35061 210871,44514 210871,941 940,210871 273152,210872 273152,35 273152,82920 273152,20180 943,28265 943,940 20180,941 20180,940 28265,941 28265
385572,180399 385572,25184 385572,25181 25184,27174 25184,3229 25184,3231 25184,180373 180399,3231 180399,3229 25181,59798 25181,144408 3229,29492 3229,30817 3229,6184 3229,10169 3231,17798 3231,39127 3231,39131 3231,6334 3231,25181 27174,3229 27174,59798 27174,10796 180373,27174 180373,59798 180373,77758 180373,202639 144408,231198 144408,29492 144408,19621 6184,4584 6184,6213 6184,6214 6184,10169 6334,3231 6334,39131 6334,6767 6334,10177 10169,15429 10169,158614 10169,10798 10796,6213 10796,887 10796,24966 202639,25702 202639,69198 231198,853114 19621,853115 19621,853116 19621,4584 6213,6151 6213,887 6213,10169 17798,10169 39131,17798 39131,39130 39131,3240 39130,97377 39130,10169 158614,15429 10177
1135115,395725 1135115,734406 1135115,12337 395725,16437 395725,20193 395725,3085 395725,20193 3085,566653 3085,566664 3085
1115790,227286 1115790,75983 1115790,31489 227286,48550 227286,5462 227286,910 227286,910 5462,633081 31489,289945 48550,3229 48550,48555 48550,910 48550,2696 5869,910 5869,25702 910,5462 910,5869 910,77758 910,906 910,144408 3229,29492 3229,30817 3229,6184 3229,5348 2696,15076 25702,24043 15076,32276 15076,202639 144408,231198 144408,29492 144408,19621 6184,4584 6184,6213 6184,6214 6184
1110768,4329 1110768,4330 4329,12638 4330,6913 4330,12631 12638,6898 12631
66990,126912 66990,19621 66990,39199 66990,400356 66990,853114 19621,853115 19621,853116 19621,11093 39199,32276 39199,52515 39199,853115 853114,103537 126912,103543 126912,126909 103543,126912 103543,126920 103543,126926 103543,126927 103543,18777 103537,28957 103537,4330 11093,3229 52515,91038 52515,12330 400356,2702 12330,19621 853116,853114 853116,853115 853116,126927 126920,103543 126927,126920 126927,643221 126927,643239 126927,645897 126927,126926 126909,12638 4330,6913 4330,144408 3229,29492 3229,30817 3229,6184 3229,16819 643221,643239 643221,643485 643221,202639 144408,231198 144408,29492 144408,19621 6184,4584 6184,6213 6184,6214 6184
1107572,15429 1107572,19231 1107572,6125 1107572,12210 6125,12350 6125,1246 6125,2653 6125,59626 6125,15429 12350,51180 12350,10177 12210,12350 12210,4804 12210,10177 15429,15429 10177,12195 51180,38722 51180,67415 51180,10177 4804,12210 4804,12350 4804,9515 4804,12195 38722,67415 38722,12350 12195,51180 12195,67415 12195
22241,22229 22241,144701 22229,35061 22229,22229 144701,35061 144701,35 141342,210871 35,210872 35,82920 35,141342 35061,32083 35061,35 35061,210872 210871,273152 210871,35 210871,35061 210871,44514 210871
