1153287,145384 1153287,28504 1153287,7430 1153287,95594 1153287,145384 7430,28504 7430,365294 7430,95594 7430,28504 365294
39890,51049 39890
1133004,135464 1133004,2696 1133004,5348 2696,2696 5348
593105,22229 593105,35 593105,592993 593105,94639 593105,210871 35,210872 35,82920 35,144701 22229,35061 22229,210872 210871,273152 210871,35 210871,35061 210871,44514 210871,22229 144701,35061 144701,210871 273152,210872 273152,35 273152,82920 273152,35 141342,141342 35061,32083 35061,35 35061
4330,12638 4330,6913 4330,12631 12638,6898 12631,646286 6913,646289 6913,126927 646286,16819 646286,642681 646286,642894 646286,643221 646286,16819 643221,643239 643221,643485 643221,642847 642681,643221 642894,642621 16819,643221 16819,643239 16819,103543 126927,126920 126927,643221 126927,643239 126927,645897 126927,642894 643485,643221 643485,644577 643485,38537 642847,126927 126920,126909 103543,126912 103543,126920 103543,126926 103543,126927 103543,124224 6898,12631 6898,12638 6898,6898 124224
267824
3097,1959 3097,82664 3097,82666 3097
101261
192870,34257 192870,74427 34257,340299 74427,1365 340299,42156 340299
67292,910 67292,2696 5869,910 5869,910 5462,25702 910,5462 910,5869 910,77758 910,906 910,5348 2696,15076 25702,24043 15076,32276 15076
1113551,198653 1113551,41417 1113551,210871 198653,35 198653,10435 41417,22563 10435,22564 10435,22566 10435,210872 210871,273152 210871,35 210871,35061 210871,44514 210871,210871 35,210872 35,82920 35,23738 22563,36140 22563,8224 22563,210871 273152,210872 273152,35 273152,82920 273152,85688 8224,27895 23738,8224 23738,22563 22564,10435 22566,22563 22566,22564 22566,35 141342,141342 35061,32083 35061,35 35061
294145
1113926,250566 1113926,3231 1113926,10169 3231,17798 3231,39127 3231,39131 3231,6334 3231,10169 6334,3231 6334,39131 6334,6767 6334,10177 10169,15429 10169,158614 10169,10169 17798,10169 39131,17798 39131,39130 39131,3240 39130,97377 39130,10169 158614,15429 10177,97377 3240,22563 6767,3218 6767,23738 22563,36140 22563,8224 22563,10177 15429
1119751,107177 1119751,166420 1119751,2653 1119751,5055 1119751,2653 107177
39127
1133338,1688 1133338,35 1133338,35 1688,58758 1688,210871 35,210872 35,82920 35,210872 210871,273152 210871,35 210871,35061 210871,44514 210871,576973 58758,58758 576973,210871 273152,210872 273152,35 273152,82920 273152,35 141342,141342 35061,32083 35061,35 35061
103543,126927 126920,103543 126927,126920 126927,643221 126927,643239 126927,645897 126927,16819 643221,643239 643221,643485 643221,126909 103543,126912 103543,126920 103543,126926 103543,126927 103543,642894 643239,643221 643239,643221 642894,642894 643485,643221 643485,644577 643485,642621 16819,643221 16819,643239 16819,126926 126909,440815 645571,126920 645897,126927 645897,643221 645897,644577 645897,645571 645897,103537 126912,103543 126912,18777 103537,28957 103537,643221 644577,644427 644577,153063 440815,5086 440815
593201
1131312,642894 643239,643221 643239,16819 643221,643239 643221,643485 643221,643221 642894,642894 643485,643221 643485,644577 643485,642621 16819,643221 16819,643239 16819,643221 644577,644427 644577,16819 1131312,642894 1131312,643221 1131312,643239 1131312
23448,123825 23448,1365 23448,19621 23448,853114 19621,853115 19621,853116 19621,19621 123825,649731 123825,853115 853114,19621 853116,853114 853116,853115 853116,1365 649731,23507 649731,1365 23502,23507 23502,3229 23502,330148 23502,6184 10981,23507 152731,43186 152731,10981 23507,1365 23507,152731 23507,23502 23507
328370,3231 328370,4330 328370,12638 4330,6913 4330,10169 3231,17798 3231,39127 3231,39131 3231,6334 3231,10169 6334,3231 6334,39131 6334,6767 6334,10177 10169,15429 10169,158614 10169,12631 12638,6898 12631,10169 17798,10169 39131,17798 39131,39130 39131,3240 39130,97377 39130,10169 158614,15429 10177,646286 6913,646289 6913,126927 646286,16819 646286,642681 646286,642894 646286,643221 646286,16819 643221,643239 643221,643485 643221,642847 642681,643221 642894,642621 16819,643221 16819,643239 16819,103543 126927,126920 126927,643221 126927,643239 126927,645897 126927,97377 3240,22563 6767,3218 6767,23738 22563,36140 22563,8224 22563,10177 15429
69284,35 1688,58758 1688,210871 35,210872 35,82920 35,576973 58758,58758 576973,210872 210871,273152 210871,35 210871,35061 210871,44514 210871,210871 273152,210872 273152,35 273152,82920 273152,1688 69284,35 69284,46079 69284,56115 69284,58758 69284,56112 56115,83725 56115,12576 56112,83725 56112,35 46079,12576 83725,56112 83725,6741 83725,35 12576,6213 12576,83725 12576,887 12576,35 141342,141342 35061,32083 35061,35 35061,4584 6213,6151 6213,887 6213
45052
74921,74937 74921
1128536,3231 1128536,3232 1128536,10169 3231,17798 3231,39127 3231,39131 3231,6334 3231,10169 6334,3231 6334,39131 6334,6767 6334,10177 10169,15429 10169,158614 10169,10169 17798,10169 39131,17798 39131,39130 39131,3240 39130,97377 39130,10169 158614,15429 10177,97377 3240,22563 6767,3218 6767,23738 22563,36140 22563,8224 22563,10177 15429
503883,287787 503883,35 503883,110041 287787,35 287787,210871 35,210872 35,82920 35,210872 210871,273152 210871,35 210871,35061 210871,44514 210871,210871 273152,210872 273152,35 273152,82920 273152,35 141342,141342 35061,32083 35061,35 35061
521269,1481 521269,521207 521269,1481 521207,20924 521207,5062 521207,521183 521207,55770 521207,20923 20924,289885 20924,294030 20924,20193 5062,3085 5062,20193 3085,566653 3085,566664 3085,20923 294030,20924 294030,31479 294030,39890 294030,77758 294030,20923 289885,20924 289885,31479 289885,77758 289885,51049 39890
648112,648106 648112,648112 648106,648121 648106,648112 648121
521207,1481 521207,20924 521207,5062 521207,521183 521207,55770 521207,20923 20924,289885 20924,294030 20924,20193 5062,3085 5062,20193 3085,566653 3085,566664 3085,20923 294030,20924 294030,31479 294030,39890 294030,77758 294030,20923 289885,20924 289885,31479 289885,77758 289885,51049 39890
1131557,286513 1131557,35 1131557,210871 35,210872 35,82920 35,210872 210871,273152 210871,35 210871,35061 210871,44514 210871,210871 273152,210872 273152,35 273152,82920 273152,35 141342,141342 35061,32083 35061,35 35061
219239,12210 12182,28649 12182,4804 12182,10177 12210,12350 12210,4804 12210,10177 4804,12210 4804,12350 4804,9515 4804,15429 12350,51180 12350,15429 10177,12195 51180,38722 51180,67415 51180,10177 9515,15429 9515,12350 20601,20602 20601,12350 20602,20601 20602,1246 42207,20601 42207,20602 42207,95225 42207,10177 12198,12350 12198,27612 12198,12198 95225,20601 95225,20602 95225,12198 27612,12350 27612,6125 27612,10177 15429,155736 155738,28649 155738,12182 155736,155738 155736,28649 155736,12182 157761,155738 157761,219239 157761,4804 157761,12182 219239,15429 219239,157761 219239,42207 219239
33303,3084 255233,5600 255233,143323 3084,198653 3084,936 3084,54550 5600,10183 54550,210871 198653,35 198653,10798 10183,210872 210871,273152 210871,35 210871,35061 210871,44514 210871,210871 35,210872 35,82920 35,255233 33303,3084 33303,33301 33303,5600 33303,210871 273152,210872 273152,35 273152,82920 273152
644448,643221 644448,16819 643221,643239 643221,643485 643221,642894 643485,643221 643485,644577 643485,642621 16819,643221 16819,643239 16819,642894 643239,643221 643239,643221 642894,643221 644577,644427 644577
1135345,162080 1135345,162075 162080,738941 162080,162080 162075
135766,4649 135766
643069,14090 643069,16819 643069,16843 643069,642621 16819,643221 16819,643239 16819,126793 16843,16819 126793,16819 643221,643239 643221,643485 643221,642894 643239,643221 643239,643221 642894,642894 643485,643221 643485,644577 643485
259701,35 259701,210871 35,210872 35,82920 35,210872 210871,273152 210871,35 210871,35061 210871,44514 210871,210871 273152,210872 273152,35 273152,82920 273152,35 141342,141342 35061,32083 35061,35 35061
160732
218682,10430 3095,1951 3095,10183 10430,10798 10183,1956 83449,3085 83449,3095 83449,1955 1956,35 1956,3828 1956,936 1956,20193 3085,566653 3085,566664 3085,210871 35,210872 35,82920 35,936 3828,940 3828,941 3828,943 3828,210872 210871,273152 210871,35 210871,35061 210871,44514 210871,941 940,3095 218682,83449 218682
594039
395540,230879 2658,2665 2658,696345 2658,237489 2665,237521 2665,8581 2665,1365 237521,135464 237489,2665 237489,205192 578337,230879 578337,2665 578337,99030 578337,230879 696345,2658 696345,2665 696345,578337 696345,230879 205192,2665 205192,2658 395540,2665 395540
353541,28389 353541,6213 353541,8703 353541,4584 6213,6151 6213,887 6213,4584 6151,6213 6151,887 6151,10435 8703,10798 8703,4649 8703,85688 8703,22563 10435,22564 10435,22566 10435,210872 210871,273152 210871,35 210871,35061 210871,44514 210871,210871 35,210872 35,82920 35,210871 198653,35 198653,198653 887,210871 887,35 887,23738 22563,36140 22563,8224 22563,1272 85688,13686 1272,4584 1272,210871 273152,210872 273152,35 273152,82920 273152,85688 8224,27895 23738,8224 23738,22563 22564,10435 22566,22563 22566,22564 22566,22563 13686,27535 13686,40135 13686,6184 13686
1108570
1112319,217115 1112319,65653 1112319,89547 1112319,1272 65653,3217 65653,3235 65653,6771 65653,8224 65653,15429 217115,59626 217115,85688 8224,1999 6771,22563 6771,24974 6771,32083 6771,89547 6771,13686 1272,4584 1272,15429 89547,10177 15429,15429 10177,23738 22563,36140 22563,8224 22563,22563 13686,27535 13686,40135 13686,6184 13686,1272 85688,27895 23738,8224 23738,51866 27535,8703 27535,19621 6184,4584 6184,6213 6184,6214 6184
1130069
4584
1138043,66751 1138043,77108 1138043
43186
1152277,10796 30895,1272 30895,3243 30895,59798 30895,8224 30895,85688 8224,10798 10796,6213 10796,887 10796,13686 1272,4584 1272,4584 6213,6151 6213,887 6213,22563 13686,27535 13686,40135 13686,6184 13686,1272 85688,4584 6151,6213 6151,887 6151,210872 210871,273152 210871,35 210871,35061 210871,44514 210871,210871 35,210872 35,82920 35,210871 198653,35 198653,198653 887,210871 887,35 887,23738 22563,36140 22563,8224 22563,51866 27535,8703 27535,19621 6184,4584 6184,6213 6184,6214 6184,3229 25181,59798 25181,144408 3229,29492 3229,30817 3229,6184 3229,202639 144408,231198 144408,29492 144408,24966 202639,25702 202639,69198 231198,853114 19621,853115 19621,853116 19621,853115 853114,117 6214,4584 6214,6151 6214,6213 6214,25181 1152277,30895 1152277,3229 1152277,59798 1152277
35070,11335 35070,3218 35070
1116530
65653,1272 65653,3217 65653,3235 65653,6771 65653,8224 65653,85688 8224,1999 6771,22563 6771,24974 6771,32083 6771,89547 6771,13686 1272,4584 1272,23738 22563,36140 22563,8224 22563,22563 13686,27535 13686,40135 13686,6184 13686,1272 85688,27895 23738,8224 23738,51866 27535,8703 27535,19621 6184,4584 6184,6213 6184,6214 6184,22563 36140,15429 89547,10177 15429,15429 10177,51879 51866,8703 51866,853114 19621,853115 19621,853116 19621,4584 6213,6151 6213,887 6213
1116347,1365 1116347,28249 1116347,4584 1116347,6213 1116347,6216 1116347,4584 6213,6151 6213,887 6213,4584 6151,6213 6151,887 6151,210872 210871,273152 210871,35 210871,35061 210871,44514 210871,210871 35,210872 35,82920 35,210871 198653,35 198653,198653 887,210871 887,35 887,210871 273152,210872 273152,35 273152,82920 273152
131122
1119180
16819,642894 643239,643221 643239,16819 643221,643239 643221,643485 643221,643221 642894,642894 643485,643221 643485,644577 643485,642621 16819,643221 16819,643239 16819,643221 644577,644427 644577
45533
243274,416964 127940,430329 127940,127940 243274,16437 430329
1137466,35 1137466,210871 35,210872 35,82920 35,210872 210871,273152 210871,35 210871,35061 210871,44514 210871,210871 273152,210872 273152,35 273152,82920 273152,35 141342,141342 35061,32083 35061,35 35061
28640,12182 28640,12210 12182,28649 12182,4804 12182,10177 12210,12350 12210,4804 12210,10177 4804,12210 4804,12350 4804,9515 4804,15429 12350,51180 12350,15429 10177,12195 51180,38722 51180,67415 51180,10177 9515,15429 9515
105899,27623 105899,27627 105899,28254 105899,4329 105899,4330 4329,27623 28254,27627 28254,27631 28254,27632 28254,4329 28254,12638 4330,6913 4330,28412 27631,3229 27631,6184 27631,6214 27631,70520 27631,144408 3229,29492 3229,30817 3229,6184 3229,19621 6184,4584 6184,6213 6184,6214 6184,12631 12638,6898 12631,202639 144408,231198 144408,29492 144408,853114 19621,853115 19621,853116 19621,4584 6213,6151 6213,887 6213,4584 6151,6213 6151,887 6151,117 6214,4584 6214,6151 6214,6213 6214
1106966,13972 20534,6163 20534,6213 20534,124064 6163,6213 6163,6220 6163,6224 6163,4584 6213,6151 6213,887 6213,114 124064,28542 124064,4584 124064,6213 124064,6214 124064,4584 6151,6213 6151,887 6151,114 6220,124064 6220,28350 6220,28412 6220,6213 6220,114 28350,6213 28350,6213 6215,6214 6215,887 6215,124064 6224,6213 6224,6214 6224,6215 6224,6220 6224,210872 210871,273152 210871,35 210871,35061 210871,44514 210871,210871 35,210872 35,82920 35,210871 198653,35 198653,198653 887,210871 887,35 887,117 6214,4584 6214,6151 6214,6213 6214,210871 273152,210872 273152,35 273152,82920 273152,20534 1106966,6163 1106966,6213 1106966
626574,626530 626574,626531 626574
755082,4335 755082
1122642,34257 90655,34263 90655,34266 90655,34257 34266,45533 34266,74427 34266,87482 34266,74427 34257,213246 34263,34257 34263,34266 34263,90655 34263,34257 87482,34263 87482,45533 87482,74427 87482,340299 74427,1365 340299,42156 340299,213246 1122642,34257 1122642,34263 1122642,34266 1122642,90655 1122642
1118302,1956 1118302,263482 1118302,1955 1956,35 1956,3828 1956,936 1956,210871 35,210872 35,82920 35,936 3828,940 3828,941 3828,943 3828,210872 210871,273152 210871,35 210871,35061 210871,44514 210871,941 940,210871 273152,210872 273152,35 273152,82920 273152,20180 943,28265 943,940 20180,941 20180,940 28265,941 28265
101662,101811 101662,23738 101662,12350 101811,23738 101811,27895 23738,8224 23738,15429 12350,51180 12350,85688 8224,12195 51180,38722 51180,67415 51180,12195 38722,67415 38722,12350 12195,51180 12195,67415 12195,10177 15429,15429 10177,1272 85688,13686 1272,4584 1272
1113828,248395 1113828,58552 1113828,58552 248395,248395 58552,910 58552,2696 5869,910 5869,910 5462,25702 910,5462 910,5869 910,77758 910,906 910,5348 2696,15076 25702,24043 15076,32276 15076
23545,27230 23545,2440 23546,13686 1272,4584 1272,37483 2440,1272 27230,23546 27230,2440 27230,22563 13686,27535 13686,40135 13686,6184 13686,64519 37483,23738 22563,36140 22563,8224 22563,51866 27535,8703 27535,19621 6184,4584 6184,6213 6184,6214 6184,887 64519
531351,162664 531351,18770 531351,531348 531351,162664 531348,18770 531348,531351 531348,3191 162664,39890 162664,16008 3191,3192 3191,39890 3191,5086 3191,51049 39890,3187 5086,3191 5086,3192 5086,5086 3187,15987 3192,16008 3192,3191 3192
35,210871 35,210872 35,82920 35,210872 210871,273152 210871,35 210871,35061 210871,44514 210871,210871 273152,210872 273152,35 273152,82920 273152,35 141342,141342 35061,32083 35061,35 35061
616336
12155,20602 12155,12350 20602,20601 20602,12350 20601,20602 20601,15429 12350,51180 12350,12195 51180,38722 51180,67415 51180,12195 38722,67415 38722,12350 12195,51180 12195,67415 12195,10177 15429,15429 10177
97892,10798 97892,1272 97892,6214 97892,85688 97892,13686 1272,4584 1272,1272 85688,22563 13686,27535 13686,40135 13686,6184 13686,4584 6151,6213 6151,887 6151,4584 6213,6151 6213,887 6213,117 6214,4584 6214,6151 6214,6213 6214,23738 22563,36140 22563,8224 22563,51866 27535,8703 27535,19621 6184,4584 6184,6213 6184,6214 6184,85688 8224,27895 23738,8224 23738,51879 51866,8703 51866,853114 19621,853115 19621,853116 19621,210872 210871,273152 210871,35 210871,35061 210871,44514 210871,210871 35,210872 35,82920 35,210871 198653,35 198653,198653 887,210871 887,35 887
14430
6209
1128853
646836,14062 646836,503883 646836,287787 503883,35 503883,110041 287787,35 287787,210871 35,210872 35,82920 35,210872 210871,273152 210871,35 210871,35061 210871,44514 210871,210871 273152,210872 273152,35 273152,82920 273152
168332
70442,20534 70442,70444 70442,13972 20534,6163 20534,6213 20534,124064 6163,6213 6163,6220 6163,6224 6163,4584 6213,6151 6213,887 6213,114 124064,28542 124064,4584 124064,6213 124064,6214 124064,4584 6151,6213 6151,887 6151,114 6220,124064 6220,28350 6220,28412 6220,6213 6220,114 28350,6213 28350,6213 6215,6214 6215,887 6215,124064 6224,6213 6224,6214 6224,6215 6224,6220 6224,210872 210871,273152 210871,35 210871,35061 210871,44514 210871,210871 35,210872 35,82920 35,210871 198653,35 198653,198653 887,210871 887,35 887
941
28385
631052,853114 19621,853115 19621,853116 19621,853115 853114,19621 853116,853114 853116,853115 853116,237489 2665,237521 2665,8581 2665,1365 237521,135464 237489,2665 237489,19621 631052,2665 631052,30817 631052,49482 631052,631015 631052,144408 3229,29492 3229,30817 3229,6184 3229,1365 49482,19621 49482,3229 49482,202639 144408,231198 144408,29492 144408,19621 6184,4584 6184,6213 6184,6214 6184,24966 202639,25702 202639,69198 231198,4584 6213,6151 6213,887 6213
151708,4330 151708,12638 4330,6913 4330,12631 12638,6898 12631,646286 6913,646289 6913,126927 646286,16819 646286,642681 646286,642894 646286,643221 646286,16819 643221,643239 643221,643485 643221,642847 642681,643221 642894,642621 16819,643221 16819,643239 16819,103543 126927,126920 126927,643221 126927,643239 126927,645897 126927
447224,134199 447224,134219 447224,164885 447224,134199 164885,447224 164885
5194
63549,24966 63549,270456 63549
116552,141342 40,35 141342,210871 35,210872 35,82920 35,210872 210871,273152 210871,35 210871,35061 210871,44514 210871,210871 273152,210872 273152,35 273152,82920 273152,141342 35061,32083 35061,35 35061,35 116552,40 116552
136665,114 136665
1999
1153899,108047 1153899,578646 1153899,594511 1153899,108047 578646,54129 578646,578898 578646,254923 108047,28336 108047,38205 108047,54129 108047,108047 578898,108047 28336,117315 28336,54129 28336,1272 254923,35 254923,415693 254923,210871 38205,35 38205,887 38205,35 54129,210871 35,210872 35,82920 35,117316 117315,54129 117315,13686 1272,4584 1272,287787 415693,35 415693,84021 415693,210872 210871,273152 210871,35 210871,35061 210871,44514 210871,38205 117316,54129 117316,575077 117316,22563 13686,27535 13686,40135 13686,6184 13686,110041 287787,35 287787,143323 84021,1688 84021,35 84021,82920 84021,98698 84021,210871 273152,210872 273152,35 273152,82920 273152,210871 198653,35 198653,198653 887,210871 887,35 887
1131754
189856,189566 189856,36802 189856
248119,27199 248119,42221 248119,93273 248119,12194 27199,42209 27199,42221 27199,42221 42209
8213,114 8213,28487 8213,6209 8213
39199,11093 39199,32276 39199,52515 39199,4330 11093,3229 52515,91038 52515,12638 4330,6913 4330,144408 3229,29492 3229,30817 3229,6184 3229,202639 144408,231198 144408,29492 144408,19621 6184,4584 6184,6213 6184,6214 6184,12631 12638,6898 12631,24966 202639,25702 202639,69198 231198,853114 19621,853115 19621,853116 19621,4584 6213,6151 6213,887 6213
1122425,117 17476,13269 17476,6385 17476,887 17476,50336 13269,50337 13269,35922 50337,50336 50337,6818 50337,35922 50336,6818 50336,210872 210871,273152 210871,35 210871,35061 210871,44514 210871,210871 35,210872 35,82920 35,210871 198653,35 198653,198653 887,210871 887,35 887,28957 35922,3229 35922,4335 35922,50336 35922,210871 273152,210872 273152,35 273152,82920 273152,4584 6213,6151 6213,887 6213,4584 6151,6213 6151,887 6151,10183 6378,6214 6378,6385 6378,10798 10183,117 6214,4584 6214,6151 6214,6213 6214,17476 1122425,18832 1122425,6213 1122425,6378 1122425
96335,3229 25181,59798 25181,144408 3229,29492 3229,30817 3229,6184 3229,202639 144408,231198 144408,29492 144408,19621 6184,4584 6184,6213 6184,6214 6184,24966 202639,25702 202639,69198 231198,853114 19621,853115 19621,853116 19621,4584 6213,6151 6213,887 6213,853115 853114,4584 6151,6213 6151,887 6151,117 6214,4584 6214,6151 6214,6213 6214,25181 96335,27174 96335,3229 96335,3243 96335,59798 96335,25181 27174,3229 27174,59798 27174
168958,258259 168958,35335 168958,59772 35335,35335 59772
6539,15429 12350,51180 12350,12195 51180,38722 51180,67415 51180,12195 38722,67415 38722,12350 12195,51180 12195,67415 12195,10177 15429,15429 10177,10177 67415,12210 67415,12350 67415,10177 12210,12350 12210,4804 12210,12350 157805,1272 157805,13686 1272,4584 1272,22563 13686,27535 13686,40135 13686,6184 13686,23738 22563,36140 22563,8224 22563,51866 27535,8703 27535,19621 6184,4584 6184,6213 6184,6214 6184,1272 85688,12350 6539,157805 6539,85688 6539,9716 6539
60170,35797 60170,6784 60170,1786 35797,36140 35797,4330 35797,6784 35797,22563 1786,27895 1786,46547 1786,12638 4330,6913 4330,22563 36140,23738 22563,36140 22563,8224 22563,85688 8224,27895 23738,8224 23738,12631 12638,6898 12631
630890,233106 630890
19697,24966 19697
50336,29723 6818,300806 6818,52515 300806,300806 29723,35905 29723,3229 52515,91038 52515,29723 35905,910 35905,144408 3229,29492 3229,30817 3229,6184 3229,28957 35922,3229 35922,4335 35922,50336 35922,35922 50336,6818 50336,202639 144408,231198 144408,29492 144408,19621 6184,4584 6184,6213 6184,6214 6184,24966 202639,25702 202639,69198 231198,853114 19621,853115 19621,853116 19621,4584 6213,6151 6213,887 6213
119761,12638 119761,284023 119761,284025 119761,93555 119761,119761 284025,143801 284025,93555 284025,346292 284023,93555 284023,119761 143801,93555 143801,12631 12638,6898 12631,284023 346292,32083 346292,124224 6898,12631 6898,12638 6898,6898 124224
321004
644361
733534
1133010,300806 1133010,688849 1133010,52515 300806,3229 52515,91038 52515,144408 3229,29492 3229,30817 3229,6184 3229,202639 144408,231198 144408,29492 144408,19621 6184,4584 6184,6213 6184,6214 6184
12558,35 15670,15670 12558,210871 35,210872 35,82920 35,210872 210871,273152 210871,35 210871,35061 210871,44514 210871,210871 273152,210872 273152,35 273152,82920 273152
342802,5348 2696,2696 5348,2695 2698,2696 2698,2696 2695,2698 2695,342802 2695,5348 2695,2695 342802,2696 342802,2698 342802,5348 342802
248395,58552 248395,248395 58552,910 58552,2696 5869,910 5869,910 5462,25702 910,5462 910,5869 910,77758 910,906 910,5348 2696,15076 25702,24043 15076,32276 15076
531348,162664 531348,18770 531348,531351 531348,3191 162664,39890 162664,162664 531351,18770 531351,531348 531351,16008 3191,3192 3191,39890 3191,5086 3191,51049 39890,3187 5086,3191 5086,3192 5086,5086 3187,15987 3192,16008 3192,3191 3192
593060,38205 593060,57119 593060,210871 38205,35 38205,887 38205,210872 210871,273152 210871,35 210871,35061 210871,44514 210871,210871 35,210872 35,82920 35,210871 273152,210872 273152,35 273152,82920 273152,210871 198653,35 198653,198653 887,210871 887,35 887,35 141342,141342 35061,32083 35061,35 35061
575331,35 575331,98693 575331,210871 35,210872 35,82920 35,210872 210871,273152 210871,35 210871,35061 210871,44514 210871,210871 273152,210872 273152,35 273152,82920 273152,35 141342,141342 35061,32083 35061,35 35061
28230
47683
1105062
1128982,54131 1128982,593544 1128982,575077 593544,103515 54131,28851 54131,35 54131,66556 54131,35 103515,8865 103515,210871 35,210872 35,82920 35,35 66556,575077 66556,85352 66556,35 28851,210872 210871,273152 210871,35 210871,35061 210871,44514 210871,210871 575077,35 575077,210871 273152,210872 273152,35 273152,82920 273152,35 8865,35 85352
424,197452 424,77758 424,24966 197452,36162 197452
180301
103537,18777 103537,28957 103537
57932
1107558
2663,7047 2663
16476
237489,135464 237489,2665 237489,237489 2665,237521 2665,8581 2665,1365 237521
653628
593155,62329 593155,427606 62329,35 427606,210871 35,210872 35,82920 35,210872 210871,273152 210871,35 210871,35061 210871,44514 210871
1154068,38537 137868,17363 444191,3229 444191,144408 3229,29492 3229,30817 3229,6184 3229,202639 144408,231198 144408,29492 144408,19621 6184,4584 6184,6213 6184,6214 6184,24966 202639,25702 202639,69198 231198,853114 19621,853115 19621,853116 19621,4584 6213,6151 6213,887 6213,137868 1154068,444191 1154068,643695 1154068
592973,35 592973,210871 35,210872 35,82920 35,210872 210871,273152 210871,35 210871,35061 210871,44514 210871,210871 273152,210872 273152,35 273152,82920 273152,35 141342,141342 35061,32083 35061,35 35061
38845,22386 38845,38846 38845,74975 38845,936 38845,22386 38846,74975 38846
46470
34263,34257 90655,34263 90655,34266 90655,34257 34266,45533 34266,74427 34266,87482 34266,74427 34257,213246 34263,34257 34263,34266 34263,90655 34263,34257 87482,34263 87482,45533 87482,74427 87482,340299 74427,1365 340299,42156 340299
12330,2702 12330
1138619
469504,5348 2696,2696 5348,2665 43639,237489 2665,237521 2665,8581 2665,1365 237521,135464 237489,2665 237489,2696 469504,330208 469504,43639 469504
628459
1114352,1365 1114352,260121 1114352,4330 1114352,906 1114352,12638 4330,6913 4330,12631 12638,6898 12631,646286 6913,646289 6913,126927 646286,16819 646286,642681 646286,642894 646286,643221 646286,16819 643221,643239 643221,643485 643221,642847 642681,643221 642894,642621 16819,643221 16819,643239 16819,103543 126927,126920 126927,643221 126927,643239 126927,645897 126927
561238,35 561238,85352 561238,210871 35,210872 35,82920 35,210872 210871,273152 210871,35 210871,35061 210871,44514 210871,35 85352,210871 273152,210872 273152,35 273152,82920 273152,35 141342,141342 35061,32083 35061,35 35061
671293,24966 671293,40151 671293,2354 40151,137790 2354,74749 2354,137790 74749,2354 74749
149669,117 149669,189708 149669,39890 149669,6214 149669,51049 39890,117 189708,4584 6151,6213 6151,887 6151,4584 6213,6151 6213,887 6213,117 6214,4584 6214,6151 6214,6213 6214,210872 210871,273152 210871,35 210871,35061 210871,44514 210871,210871 35,210872 35,82920 35,210871 198653,35 198653,198653 887,210871 887,35 887
1107319,12195 51180,38722 51180,67415 51180,12195 38722,67415 38722,12350 12195,51180 12195,67415 12195,10177 67415,12210 67415,12350 67415,15429 12350,51180 12350,10177 12210,12350 12210,4804 12210,15429 10177,10177 4804,12210 4804,12350 4804,9515 4804,10177 15429,12195 1107319,12350 1107319,51180 1107319
8619
763009,27530 27531,27543 27531,853114 19621,853115 19621,853116 19621,853115 853114,19621 853116,853114 853116,853115 853116,237489 2665,237521 2665,8581 2665,1365 237521,135464 237489,2665 237489,19621 763009,2665 763009,27531 763009
1136446,7272 1136446,756061 1136446,762980 1136446,763009 1136446,763010 1136446,763010 762980,27530 27531,27543 27531,853114 19621,853115 19621,853116 19621,237489 2665,237521 2665,8581 2665,19621 763009,2665 763009,27531 763009,853115 853114,1365 237521,135464 237489,2665 237489,7297 763010,1365 7297,19621 7297,49482 7297,7272 7297,19621 853116,853114 853116,853115 853116,144408 3229,29492 3229,30817 3229,6184 3229,1365 49482,19621 49482,3229 49482
133563,48550 133563,48555 133563,5194 133563,289945 48550,3229 48550,48555 48550,910 48550,144408 3229,29492 3229,30817 3229,6184 3229,2696 5869,910 5869,910 5462,25702 910,5462 910,5869 910,77758 910,906 910,202639 144408,231198 144408,29492 144408,19621 6184,4584 6184,6213 6184,6214 6184,5348 2696,15076 25702,24043 15076,32276 15076,24966 202639,25702 202639,69198 231198,853114 19621,853115 19621,853116 19621,4584 6213,6151 6213,887 6213
1114526,57932 6925,6767 6925,22563 6767,3218 6767,23738 22563,36140 22563,8224 22563,85688 8224,27895 23738,8224 23738,10177 15429,15429 10177,15429 1114526,57948 1114526,6925 1114526,12210 57948,15429 57948,42221 57948,57922 57948,6925 57948,10177 12210,12350 12210,4804 12210,57948 57922,6925 57922,15429 12350,51180 12350,10177 4804,12210 4804,12350 4804,9515 4804,12195 51180,38722 51180,67415 51180
1130929,45189 45188,89547 45188,45188 1130929,45188 45189,4804 45189,89547 45189,10177 4804,12210 4804,12350 4804,9515 4804,15429 12350,51180 12350,10177 12210,12350 12210,4804 12210,15429 10177,15429 89547,10177 15429
1131421,648112 648106,648121 648106,648106 648112,648112 648121,648106 1131421,648112 1131421
25413,11148 25413,232605 25413,232606 25413,232606 232605,8594 232605
28471,15429 89547,10177 15429,15429 10177,4584 6213,6151 6213,887 6213,4584 6151,6213 6151,887 6151,210872 210871,273152 210871,35 210871,35061 210871,44514 210871,210871 35,210872 35,82920 35,210871 198653,35 198653,198653 887,210871 887,35 887,210871 273152,210872 273152,35 273152,82920 273152,114 28471,117 28471,6213 28471,89547 28471
215912,194609 215912,194617 215912,10531 194617,31353 194617,31927 194617,31932 194617,31353 10531,194609 31927,31353 31927,563613 31927,194617 31932,215912 31932,31927 31932,3243 31932,10531 31353
646913,35 646809,503883 646809,8874 646809,210871 35,210872 35,82920 35,287787 503883,35 503883,110041 287787,35 287787,210872 210871,273152 210871,35 210871,35061 210871,44514 210871,210871 273152,210872 273152,35 273152,82920 273152,503883 646913,646809 646913,646900 646913
85352,35 85352,210871 35,210872 35,82920 35,210872 210871,273152 210871,35 210871,35061 210871,44514 210871,210871 273152,210872 273152,35 273152,82920 273152,35 141342,141342 35061,32083 35061,35 35061
400356,12330 400356,2702 12330
1154123,641976 672070,672071 672070,145134 641976,24966 641976,3229 641976,24966 145134,144408 3229,29492 3229,30817 3229,6184 3229,641976 672071,672070 672071,202639 144408,231198 144408,29492 144408,19621 6184,4584 6184,6213 6184,6214 6184,6130 671269,672064 6130,672070 6130,672071 6130,24966 202639,25702 202639,4584 6213,6151 6213,887 6213,202639 672064,6213 672064,15076 25702,24043 15076,32276 15076,202639 1154123,240321 1154123,6130 1154123,671269 1154123,672070 1154123,4584 6151,6213 6151,887 6151
1107312,117 28278,4584 28278,6213 28278,6214 28278,910 28278,4584 6213,6151 6213,887 6213,2696 5869,910 5869,910 5462,25702 910,5462 910,5869 910,77758 910,906 910,4584 6151,6213 6151,887 6151,117 6214,4584 6214,6151 6214,6213 6214,5348 2696,15076 25702,24043 15076,32276 15076,210872 210871,273152 210871,35 210871,35061 210871,44514 210871,210871 35,210872 35,82920 35,210871 198653,35 198653,198653 887,210871 887,35 887,114 28387,117 28387,6196 28387,6224 28387,114 6196,4584 6196,6214 6196,6213 6215,6214 6215,887 6215,114 124064,28542 124064,4584 124064,6213 124064,6214 124064,124064 6224,6213 6224,6214 6224,6215 6224,6220 6224,114 6220,124064 6220,28350 6220,28412 6220,6213 6220,114 28350,6213 28350,13972 20534,6163 20534,6213 20534,124064 6163,6213 6163,6220 6163,6224 6163,20534 7419,6169 7419,6213 7419,28227 6169,114 28227,28350 28227,6213 28227,13195 1107312,28278 1107312,28387 1107312,7419 1107312
1153106
83826,853114 19621,853115 19621,853116 19621,853115 853114,19621 853116,853114 853116,853115 853116,144408 3229,29492 3229,30817 3229,6184 3229,202639 144408,231198 144408,29492 144408,19621 6184,4584 6184,6213 6184,6214 6184,24966 202639,25702 202639,69198 231198,4584 6213,6151 6213,887 6213,4584 6151,6213 6151,887 6151,117 6214,4584 6214,6151 6214,6213 6214,1365 83826,19621 83826,3229 83826
75972,6639 178209,22431 6639,3218 6639,8224 6639,75121 22431,8224 22431,85688 8224,267003 75121,85688 75121,178209 116084,39127 116084,6639 116084,116084 75972,178209 75972,39127 75972
217984,49482 217984,853114 19621,853115 19621,853116 19621,144408 3229,29492 3229,30817 3229,6184 3229,1365 49482,19621 49482,3229 49482,853115 853114,202639 144408,231198 144408,29492 144408,19621 6184,4584 6184,6213 6184,6214 6184,19621 853116,853114 853116,853115 853116,24966 202639,25702 202639,69198 231198,4584 6213,6151 6213,887 6213
735311,735303 735311,35 735303,78511 735303,141342 78511,35 78511,78552 78511,78557 78511,210871 35,210872 35,82920 35,35 141342,210872 210871,273152 210871,35 210871,35061 210871,44514 210871,33818 78552,33823 78552,33823 33818,78552 33818,78555 33818,78557 33818,9586 33818,33818 78557,33823 78557,78552 78557,78555 78557,210871 273152,210872 273152,35 273152,82920 273152
467383
689152,175548 689152,289085 689152,289088 689152,50354 289088,105856 289085,264556 289085,335042 289085,689152 289085,133553 105856,133563 105856,16485 105856,175548 105856,123556 50354,50354 123556,48550 133563,48555 133563,5194 133563,141160 133553,289945 48550,3229 48550,48555 48550,910 48550
39130,97377 3240,8224 97377,85688 8224,1272 85688,13686 1272,4584 1272,3240 39130,97377 39130
92589
13966
1134320,51049 1134320,73162 1134320
259772,10183 259772,10798 10183
1119505,35 1119505,375605 1119505,210871 35,210872 35,82920 35,210872 210871,273152 210871,35 210871,35061 210871,44514 210871,210871 273152,210872 273152,35 273152,82920 273152,35 141342,141342 35061,32083 35061,35 35061
1102625,1272 1102625,5959 1102625,5966 1102625,13686 1272,4584 1272,37483 5959,64519 37483,22563 13686,27535 13686,40135 13686,6184 13686,887 64519,23738 22563,36140 22563,8224 22563,51866 27535,8703 27535,19621 6184,4584 6184,6213 6184,6214 6184,85688 8224,27895 23738,8224 23738,51879 51866,8703 51866,853114 19621,853115 19621,853116 19621,4584 6213,6151 6213,887 6213
1102873,6184 10981,10981 1102873,19621 6184,4584 6184,6213 6184,6214 6184,853114 19621,853115 19621,853116 19621,4584 6213,6151 6213,887 6213,853115 853114,4584 6151,6213 6151,887 6151,117 6214,4584 6214,6151 6214,6213 6214
696345,230879 2658,2665 2658,696345 2658,237489 2665,237521 2665,8581 2665,1365 237521,135464 237489,2665 237489,205192 578337,230879 578337,2665 578337,99030 578337,230879 696345,2658 696345,2665 696345,578337 696345,230879 205192,2665 205192,205192 99030,230879 99030
1131374,35 646809,503883 646809,8874 646809,210871 35,210872 35,82920 35,287787 503883,35 503883,110041 287787,35 287787,210872 210871,273152 210871,35 210871,35061 210871,44514 210871,210871 273152,210872 273152,35 273152,82920 273152,503877 1131374,503883 1131374,646809 1131374,141324 503877,54131 141324,66556 141324,66564 141324,94639 141324,35 66556,575077 66556,85352 66556,103515 54131,28851 54131,35 54131,66556 54131,35 103515,8865 103515,35 28851
1119654
642847,38537 642847
47839
1129573,12576 83725,56112 83725,6741 83725,12576 56112,83725 56112,35 12576,6213 12576,83725 12576,887 12576,4584 6213,6151 6213,887 6213,210871 35,210872 35,82920 35,4584 6151,6213 6151,887 6151,210872 210871,273152 210871,35 210871,35061 210871,44514 210871,210871 198653,35 198653,198653 887,210871 887,35 887,210871 273152,210872 273152,35 273152,82920 273152,35 141342,141342 35061,32083 35061,35 35061,12576 1129573,35 1129573,56115 1129573,56112 56115,83725 56115
1131314,644448 644494,645870 644494,642894 645870,643221 642894,643221 644448,16819 643221,643239 643221,643485 643221,642894 643485,643221 643485,644577 643485,642621 16819,643221 16819,643239 16819,642894 643239,643221 643239,644448 1131314,644494 1131314
444240,1272 444240,254923 444240,6334 444240,1272 254923,35 254923,415693 254923,13686 1272,4584 1272,10169 6334,3231 6334,39131 6334,6767 6334,210871 35,210872 35,82920 35,287787 415693,35 415693,84021 415693,22563 13686,27535 13686,40135 13686,6184 13686,10169 3231,17798 3231,39127 3231,39131 3231,6334 3231,10177 10169,15429 10169,158614 10169,210872 210871,273152 210871,35 210871,35061 210871,44514 210871,110041 287787,35 287787,143323 84021,1688 84021,35 84021,82920 84021,98698 84021,23738 22563,36140 22563,8224 22563,51866 27535,8703 27535,19621 6184,4584 6184,6213 6184,6214 6184,10169 39131,17798 39131,39130 39131,3240 39130,97377 39130,22563 6767,3218 6767,10169 158614,15429 10177,210871 273152,210872 273152,35 273152,82920 273152,35 1688,58758 1688,85688 8224,27895 23738,8224 23738,51879 51866,8703 51866,853114 19621,853115 19621,853116 19621,4584 6213,6151 6213,887 6213,10169 17798,97377 3240,10177 15429
779960
696343,230879 696343
211432,33412 34708,3229 33412,144408 3229,29492 3229,30817 3229,6184 3229,202639 144408,231198 144408,29492 144408,19621 6184,4584 6184,6213 6184,6214 6184,8224 97377,85688 8224,1272 85688,13686 1272,4584 1272,11326 11339,11339 11326,11339 211432,34708 211432,97377 211432
188471,1365 188471,4584 188471,6214 188471,628500 188471,1365 628500,188471 628500,4584 628500,6214 628500,4584 6151,6213 6151,887 6151,4584 6213,6151 6213,887 6213,117 6214,4584 6214,6151 6214,6213 6214,210872 210871,273152 210871,35 210871,35061 210871,44514 210871,210871 35,210872 35,82920 35,210871 198653,35 198653,198653 887,210871 887,35 887
7867,4983 7867
1126044,16474 16471,12337 16474,16437 16474,16471 16474,16476 16474,2696 5869,910 5869,5348 2696,910 5462,25702 910,5462 910,5869 910,77758 910,906 910,15076 25702,24043 15076,32276 15076,853114 19621,853115 19621,853116 19621,853115 853114,19621 853116,853114 853116,853115 853116,16471 1126044,194223 1126044,19621 1126044,523010 1126044,910 1126044,35922 194223,28957 35922,3229 35922,4335 35922,50336 35922,144408 3229,29492 3229,30817 3229,6184 3229,35922 50336,6818 50336,202639 144408,231198 144408,29492 144408,19621 6184,4584 6184,6213 6184,6214 6184
1153861,126912 66990,19621 66990,39199 66990,400356 66990,853114 19621,853115 19621,853116 19621,11093 39199,32276 39199,52515 39199,853115 853114,103537 126912,103543 126912,126909 103543,126912 103543,126920 103543,126926 103543,126927 103543,18777 103537,28957 103537,4330 11093,3229 52515,91038 52515,12330 400356,2702 12330,19621 853116,853114 853116,853115 853116,126927 126920,103543 126927,126920 126927,643221 126927,643239 126927,645897 126927,126926 126909,12638 4330,6913 4330,144408 3229,29492 3229,30817 3229,6184 3229,12330 156977,12330 1153861,156977 1153861,66990 1153861
1139195,7867 315789,315789 1139195
180399,180373 180399,3231 180399,10796 180373,27174 180373,59798 180373,77758 180373,10169 3231,17798 3231,39127 3231,39131 3231,6334 3231,10798 10796,6213 10796,887 10796,25181 27174,3229 27174,59798 27174,10169 6334,3231 6334,39131 6334,6767 6334,10177 10169,15429 10169,158614 10169,4584 6213,6151 6213,887 6213,3229 25181,59798 25181,144408 3229,29492 3229,30817 3229,6184 3229,10169 17798,10169 39131,17798 39131,39130 39131,3240 39130,97377 39130,10169 158614,15429 10177,4584 6151,6213 6151,887 6151,210872 210871,273152 210871,35 210871,35061 210871,44514 210871,210871 35,210872 35,82920 35,210871 198653,35 198653,198653 887,210871 887,35 887,202639 144408,231198 144408,29492 144408,19621 6184,4584 6184,6213 6184,6214 6184,97377 3240,22563 6767,3218 6767,23738 22563,36140 22563,8224 22563,10177 15429
231198,69198 231198
39124,22563 3220,23738 22563,36140 22563,8224 22563,85688 8224,27895 23738,8224 23738,22563 36140,27249 8079,23738 27249,36140 27249,46468 27249,12638 4330,6913 4330,4330 4329,4329 46468,4330 46468,4335 46468,3220 39124,3231 39124,8079 39124,10169 3231,17798 3231,39127 3231,39131 3231,6334 3231,10169 6334,3231 6334,39131 6334,6767 6334,10177 10169,15429 10169,158614 10169,10169 17798,10169 39131,17798 39131,39130 39131,3240 39130,97377 39130,10169 158614,15429 10177,97377 3240,22563 6767,3218 6767,10177 15429
11325,11335 11325,23738 11325,27895 23738,8224 23738,85688 8224,1272 85688,13686 1272,4584 1272
139865,1365 139865,179180 139865
82090,66805 82090,66809 82090,35 66805,89547 66805,210871 35,210872 35,82920 35,210872 210871,273152 210871,35 210871,35061 210871,44514 210871,15429 89547,10177 15429,15429 10177,210871 273152,210872 273152,35 273152,82920 273152
189566
95719,24966 95719,32698 95719,19697 32698,4335 32698,95718 32698,95719 32698,24966 19697,19697 95718,239800 95718,4335 95718,71904 95718,19697 239800,24966 239800,4335 239800,71904 239800
384428
260979,37541 260979,137380 37541,46491 37541,46491 137380
31083
593091,35 97645,210871 35,210872 35,82920 35,210872 210871,273152 210871,35 210871,35061 210871,44514 210871,210871 273152,210872 273152,35 273152,82920 273152,14062 33907,35 33907,97390 33907,97645 33907,1688 152483,85352 152483,35 1688,58758 1688,35 85352,576973 58758,58758 576973,35 141342,141342 35061,32083 35061,35 35061,152483 593091,33907 593091,35 593091,85352 593091,97645 593091
1127619,2440 1127619,562940 1127619,37483 2440,64519 37483,887 64519
162080,162075 162080,738941 162080,162080 162075
1114864,22563 6767,3218 6767,23738 22563,36140 22563,8224 22563,85688 8224,27895 23738,8224 23738,22563 36140,20584 6311,46887 6311,8224 6311,1272 85688,13686 1272,4584 1272,14529 1114864,1481 1114864,6311 1114864,6767 1114864
178718
330148,1365 184918,19621 184918,23502 184918,330148 184918,1365 23502,23507 23502,3229 23502,330148 23502,853114 19621,853115 19621,853116 19621,144408 3229,29492 3229,30817 3229,6184 3229,853115 853114,1365 330148,184918 330148,19621 330148,202639 144408,231198 144408,29492 144408,19621 6184,4584 6184,6213 6184,6214 6184,6184 10981,23507 152731,43186 152731,10981 23507,1365 23507,152731 23507,23502 23507,19621 853116,853114 853116,853115 853116
656048,103531 656048,656231 103531,170798 656231,1959 170798,887 170798
118873
143801,119761 143801,93555 143801,12638 119761,284023 119761,284025 119761,93555 119761,119761 284025,143801 284025,93555 284025,346292 284023,93555 284023,12631 12638,6898 12631,284023 346292,32083 346292
13652,80656 13652
362926
636500,147870 636500,32276 636500,25702 147870,15076 25702,24043 15076,32276 15076
1106401,18811 1106401,45189 1106401,45188 45189,4804 45189,89547 45189,45189 45188,89547 45188,10177 4804,12210 4804,12350 4804,9515 4804,15429 12350,51180 12350,10177 12210,12350 12210,4804 12210,15429 10177,15429 89547,10177 15429,12195 51180,38722 51180,67415 51180,10177 9515,15429 9515
116528
1131274,16819 1131274,644843 1131274,642621 16819,643221 16819,643239 16819,16819 643221,643239 643221,643485 643221,642894 643239,643221 643239,643221 642894,642894 643485,643221 643485,644577 643485
67245,31769 67245,32083 31769,3229 31769,67245 31769,67246 31769,144408 3229,29492 3229,30817 3229,6184 3229,31769 67246,67245 67246,202639 144408,231198 144408,29492 144408,19621 6184,4584 6184,6213 6184,6214 6184,24966 202639,25702 202639,69198 231198,853114 19621,853115 19621,853116 19621,4584 6213,6151 6213,887 6213
714748,16008 189571,39890 189571,714289 189571,51049 39890,189655 559804,39890 559804,714260 559804,714289 559804,73162 559804,15987 714289,39890 714289,523574 714289,559804 714289,189655 714260,714256 714260,73162 714260,39890 714256,137130 65074,89416 65074,89416 137130,504 89416,506 89416,504 506,89416 506,189571 714748,189655 714748,65074 714748,714256 714748,73162 714748
75693
1106388,267003 75121,85688 75121,434 267003,10798 434,114 434,4649 434,6213 434,8703 434,1272 85688,13686 1272,4584 1272,4584 6213,6151 6213,887 6213,22563 13686,27535 13686,40135 13686,6184 13686,101811 6935,63915 6935,12350 101811,23738 101811,15429 12350,51180 12350,27895 23738,8224 23738,22563 63915,36140 63915,23738 22563,36140 22563,8224 22563,12195 51180,38722 51180,67415 51180,85688 8224,22563 36140,75121 22431,8224 22431,11335 49843,22431 49843,2440 49843,3218 49843,8224 49843,37483 2440,64519 37483,887 64519,2440 1106388,49843 1106388,5966 1106388,6935 1106388,75121 1106388
1154074,75318 103430,103430 1154074,103430 75318
1131300,137868 1131300,561809 1131300,38537 137868
1120252
1140547,35922 1140547,4335 1140547,28957 35922,3229 35922,4335 35922,50336 35922,144408 3229,29492 3229,30817 3229,6184 3229,35922 50336,6818 50336,202639 144408,231198 144408,29492 144408,19621 6184,4584 6184,6213 6184,6214 6184,24966 202639,25702 202639,69198 231198,853114 19621,853115 19621,853116 19621,4584 6213,6151 6213,887 6213,29723 6818,300806 6818,52515 300806,300806 29723,35905 29723
1152421,210871 35,210872 35,82920 35,210872 210871,273152 210871,35 210871,35061 210871,44514 210871,210871 273152,210872 273152,35 273152,82920 273152,35 141342,141342 35061,32083 35061,35 35061,35 85352,14062 1152421,35 1152421,82920 1152421,85352 1152421
24530
144679,30895 144679,58454 144679,10796 30895,1272 30895,3243 30895,59798 30895,8224 30895,85688 8224,10798 10796,6213 10796,887 10796,13686 1272,4584 1272,4584 6213,6151 6213,887 6213,22563 13686,27535 13686,40135 13686,6184 13686,1272 85688,4584 6151,6213 6151,887 6151,210872 210871,273152 210871,35 210871,35061 210871,44514 210871,210871 35,210872 35,82920 35,210871 198653,35 198653,198653 887,210871 887,35 887,23738 22563,36140 22563,8224 22563,51866 27535,8703 27535,19621 6184,4584 6184,6213 6184,6214 6184
1152436,940 28265,941 28265,28265 1152436,941 940
1153922,1365 161221,6213 161221,887 161221,4584 6213,6151 6213,887 6213,4584 6151,6213 6151,887 6151,210872 210871,273152 210871,35 210871,35061 210871,44514 210871,210871 35,210872 35,82920 35,210871 198653,35 198653,198653 887,210871 887,35 887,210871 273152,210872 273152,35 273152,82920 273152,69198 231198,161221 1153922,231198 1153922
48781,423816 48781,48781 423816
60169,399370 60159,35797 399370,60159 399370,60169 399370,60170 399370,1786 35797,36140 35797,4330 35797,6784 35797,35797 60170,6784 60170,22563 1786,27895 1786,46547 1786,12638 4330,6913 4330,35797 100961,6784 100961,100961 60169,35797 60169,60159 60169,22563 36140,23738 22563,36140 22563,8224 22563,85688 8224,27895 23738,8224 23738,12631 12638,6898 12631
133553,141160 133553,123556 141160,50354 123556,123556 50354
63835,114308 63835,64519 63835,887 114308,887 64519,210872 210871,273152 210871,35 210871,35061 210871,44514 210871,210871 35,210872 35,82920 35,210871 198653,35 198653,198653 887,210871 887,35 887,210871 273152,210872 273152,35 273152,82920 273152
206371,178718 69296,206371 69296,35 69296,69284 69296,210871 35,210872 35,82920 35,35 206371,69284 206371,69296 206371,1688 69284,35 69284,46079 69284,56115 69284,58758 69284,35 1688,58758 1688,56112 56115,83725 56115,210872 210871,273152 210871,35 210871,35061 210871,44514 210871,576973 58758,58758 576973,12576 56112,83725 56112,35 46079,210871 273152,210872 273152,35 273152,82920 273152,12576 83725,56112 83725,6741 83725,35 12576,6213 12576,83725 12576,887 12576,35 141342,141342 35061,32083 35061,35 35061
1138755,171954 1138755,573553 171954,67415 171954,10177 67415,12210 67415,12350 67415,15429 12350,51180 12350,10177 12210,12350 12210,4804 12210,15429 10177,12195 51180,38722 51180,67415 51180,10177 4804,12210 4804,12350 4804,9515 4804
594649,23116 576257,910 576257,24966 23116,253762 23116,27627 23116,65212 23116,2696 5869,910 5869,910 5462,25702 910,5462 910,5869 910,77758 910,906 910,5348 2696,15076 25702,24043 15076,32276 15076,210871 35,210872 35,82920 35,210872 210871,273152 210871,35 210871,35061 210871,44514 210871,210871 273152,210872 273152,35 273152,82920 273152,35 141342,141342 35061,32083 35061,35 35061,35 594649,575077 594649,576257 594649,593201 594649,210871 575077,35 575077
38771
1063773,10531 31353,31353 10531,31353 1063773
263486,1956 263486,263482 263486,1955 1956,35 1956,3828 1956,936 1956,210871 35,210872 35,82920 35,936 3828,940 3828,941 3828,943 3828,210872 210871,273152 210871,35 210871,35061 210871,44514 210871,941 940,210871 273152,210872 273152,35 273152,82920 273152,20180 943,28265 943,940 20180,941 20180,940 28265,941 28265
1132887
28489
143676,102938 143676,102939 143676,1237 143676,102939 102938,1237 102938,143676 102938
179180
6771,23738 22563,36140 22563,8224 22563,85688 8224,27895 23738,8224 23738,22563 36140,1272 85688,13686 1272,4584 1272,15429 89547,10177 15429,15429 10177,1999 6771,22563 6771,24974 6771,32083 6771,89547 6771
1153943,23116 576257,910 576257,24966 23116,253762 23116,27627 23116,65212 23116,2696 5869,910 5869,910 5462,25702 910,5462 910,5869 910,77758 910,906 910,5348 2696,15076 25702,24043 15076,32276 15076,210871 35,210872 35,82920 35,210872 210871,273152 210871,35 210871,35061 210871,44514 210871,210871 273152,210872 273152,35 273152,82920 273152,35 141342,141342 35061,32083 35061,35 35061,35 85352,35 1153943,576257 1153943,82920 1153943,85352 1153943,97390 1153943
1116594,1365 1116594,42156 1116594
217115,15429 217115,59626 217115,10177 15429,15429 10177
1111240,100197 193931,105856 193931,105865 193931,133553 105856,133563 105856,16485 105856,175548 105856,3229 100197,3191 105865,3192 105865,48550 133563,48555 133563,5194 133563,141160 133553,144408 3229,29492 3229,30817 3229,6184 3229,16008 3191,3192 3191,39890 3191,5086 3191,289945 48550,3229 48550,48555 48550,910 48550,202639 144408,231198 144408,29492 144408,19621 6184,4584 6184,6213 6184,6214 6184,51049 39890,15987 3192,16008 3192,3191 3192,6784 6775,105865 193932,193931 193932,350319 193932,6775 350319,6784 350319,123556 14807,50354 14807,50354 123556,123556 50354,14807 1111240,193918 1111240,193931 1111240,193932 1111240,6775 1111240
1153860,263498 1153860,35061 1153860,8872 1153860,35 263498,35061 263498,210871 35,210872 35,82920 35,35 141342,141342 35061,32083 35061,35 35061,210872 210871,273152 210871,35 210871,35061 210871,44514 210871,210871 273152,210872 273152,35 273152,82920 273152
6343
573964,35 573964,513189 573964,210871 35,210872 35,82920 35,35 513189,573964 513189,82920 513189,210872 210871,273152 210871,35 210871,35061 210871,44514 210871,210871 273152,210872 273152,35 273152,82920 273152,35 141342,141342 35061,32083 35061,35 35061
169279,6898 124224,124224 6898,12631 6898,12638 6898,6898 12631,12631 12638,17363 444191,3229 444191,144408 3229,29492 3229,30817 3229,6184 3229,202639 144408,231198 144408,29492 144408,19621 6184,4584 6184,6213 6184,6214 6184,12638 263553,6910 263553,12631 6910,12638 6910,263553 6910,444191 6910,6898 6910,124224 169279,6910 169279
1131149,24966 1131149,641956 1131149,74821 1131149,25772 641956,370366 641956,116528 25772,77758 25772
15987
191216
1134056
33013,117 33013,17476 33013,18777 33013,117 17476,13269 17476,6385 17476,887 17476,50336 13269,50337 13269,35922 50337,50336 50337,6818 50337,35922 50336,6818 50336,210872 210871,273152 210871,35 210871,35061 210871,44514 210871,210871 35,210872 35,82920 35,210871 198653,35 198653,198653 887,210871 887,35 887,28957 35922,3229 35922,4335 35922,50336 35922,210871 273152,210872 273152,35 273152,82920 273152
576691,35 85352,210871 35,210872 35,82920 35,210872 210871,273152 210871,35 210871,35061 210871,44514 210871,210871 273152,210872 273152,35 273152,82920 273152,35 573964,513189 573964,35 513189,573964 513189,82920 513189,513189 576691,573964 576691,82920 576691,85352 576691
1124844,10531 194617,31353 194617,31927 194617,31932 194617,31353 10531,194609 31927,31353 31927,563613 31927,194617 31932,215912 31932,31927 31932,3243 31932,10531 31353,194609 215912,194617 215912,194617 1124844,31353 1124844,31927 1124844
126867,126868 126867
226698
368431,23738 27249,36140 27249,46468 27249,27895 23738,8224 23738,22563 36140,23738 22563,36140 22563,8224 22563,85688 8224,12638 4330,6913 4330,4330 4329,4329 46468,4330 46468,4335 46468,1272 85688,13686 1272,4584 1272,22563 13686,27535 13686,40135 13686,6184 13686,27249 368431,3243 368431,8224 368431
1113438,54131 141324,66556 141324,66564 141324,94639 141324,35 66556,575077 66556,85352 66556,103515 54131,28851 54131,35 54131,66556 54131,210871 35,210872 35,82920 35,35 103515,8865 103515,35 28851,210872 210871,273152 210871,35 210871,35061 210871,44514 210871,35 85352,210871 575077,35 575077,210871 273152,210872 273152,35 273152,82920 273152,35 141342,141342 35061,32083 35061,35 35061,141324 1113438,240791 1113438,35 1113438,35061 1113438,35852 1113438,19621 240791,35061 240791,45605 240791,853114 19621,853115 19621,853116 19621,853115 853114,240791 45605,32083 45605,35061 45605,19621 853116,853114 853116,853115 853116
51934
256106,5348 2696,2696 5348,2695 2698,2696 2698,2696 2695,2698 2695,342802 2695,5348 2695,2695 342802,2696 342802,2698 342802,5348 342802,2696 256106,2698 256106,5348 256106
1104787,16471 1104787,16485 1104787,16474 16471,12337 16474,16437 16474,16471 16474,16476 16474
50354,123556 50354,50354 123556
107252,23738 22563,36140 22563,8224 22563,85688 8224,27895 23738,8224 23738,22563 36140,1272 85688,13686 1272,4584 1272,107251 389715,20584 389715,22563 389715,46491 389715,46547 389715,22563 107251,389715 107251,46491 107251,46547 107251,107251 107252,22563 107252,389715 107252,46491 107252
18619,10798 18619,19231 18619,27627 18619
949217,119761 284025,143801 284025,93555 284025,12638 119761,284023 119761,284025 119761,93555 119761,119761 143801,93555 143801,346292 284023,93555 284023,12631 12638,6898 12631,12439 340078,910 340078,22563 12439,36140 12439,910 12439,23738 22563,36140 22563,8224 22563,2696 5869,910 5869,910 5462,25702 910,5462 910,5869 910,77758 910,906 910,22563 36140,85688 8224,27895 23738,8224 23738,5348 2696,15076 25702,24043 15076,32276 15076,12638 4330,6913 4330,646286 6913,646289 6913,126927 646286,16819 646286,642681 646286,642894 646286,643221 646286,16819 643221,643239 643221,643485 643221,642847 642681,643221 642894,642621 16819,643221 16819,643239 16819,103543 126927,126920 126927,643221 126927,643239 126927,645897 126927,2702 12330,12330 949217,284025 949217,340078 949217,4330 949217
375825,421481 375825
6155,4584 6151,6213 6151,887 6151,4584 6213,6151 6213,887 6213,210872 210871,273152 210871,35 210871,35061 210871,44514 210871,210871 35,210872 35,82920 35,210871 198653,35 198653,198653 887,210871 887,35 887,210871 273152,210872 273152,35 273152,82920 273152,114 6155,4584 6155,6151 6155,6213 6155,6214 6155,117 6214,4584 6214,6151 6214,6213 6214
989397,12169 989397,42221 989397,4804 989397,93273 989397,10177 4804,12210 4804,12350 4804,9515 4804,15429 12350,51180 12350,10177 12210,12350 12210,4804 12210,15429 10177,12195 51180,38722 51180,67415 51180,10177 9515,15429 9515,12195 38722,67415 38722,12350 12195,51180 12195,67415 12195,10177 15429
1105011,646286 6913,646289 6913,126927 646286,16819 646286,642681 646286,642894 646286,643221 646286,16819 643221,643239 643221,643485 643221,642847 642681,643221 642894,642621 16819,643221 16819,643239 16819,103543 126927,126920 126927,643221 126927,643239 126927,645897 126927,6913 1105011,642894 643485,643221 643485,644577 643485,38537 642847,126927 126920,126909 103543,126912 103543,126920 103543,126926 103543,126927 103543
1132486,205192 99030,230879 99030,230879 205192,2665 205192,237489 2665,237521 2665,8581 2665,1365 237521,135464 237489,2665 237489,205192 578337,230879 578337,2665 578337,99030 578337,230879 1132486,230884 1132486,2665 1132486,578337 1132486,230879 230884,2658 230884,2665 230884,230879 2658,2665 2658,696345 2658,230879 696345,2658 696345,2665 696345,578337 696345
654519
293271,6213 293271,4584 6213,6151 6213,887 6213,4584 6151,6213 6151,887 6151,210872 210871,273152 210871,35 210871,35061 210871,44514 210871,210871 35,210872 35,82920 35,210871 198653,35 198653,198653 887,210871 887,35 887,210871 273152,210872 273152,35 273152,82920 273152
755217,2696 5869,910 5869,5348 2696,910 5462,25702 910,5462 910,5869 910,77758 910,906 910,15076 25702,24043 15076,32276 15076,28350 13193,28489 13193,6213 13193,114 28350,6213 28350,4584 6213,6151 6213,887 6213,4584 6151,6213 6151,887 6151,210872 210871,273152 210871,35 210871,35061 210871,44514 210871,210871 35,210872 35,82920 35,210871 198653,35 198653,198653 887,210871 887,35 887,210871 273152,210872 273152,35 273152,82920 273152,114 755217,13193 755217,13195 755217,6213 755217,910 755217
9586,33818 78552,33823 78552,33823 33818,78552 33818,78555 33818,78557 33818,9586 33818,33818 78557,33823 78557,78552 78557,78555 78557,78511 9586,78552 9586,78557 9586,141342 78511,35 78511,78552 78511,78557 78511,35 141342,210871 35,210872 35,82920 35,210872 210871,273152 210871,35 210871,35061 210871,44514 210871,210871 273152,210872 273152,35 273152,82920 273152
48075,11339 44017,11326 11339,11339 11326,44017 206524,206524 48075,44017 48075
523574
31336,31353 10531,10531 31353,10531 31336,31353 31336
45603
182093
95225,12350 20601,20602 20601,15429 12350,51180 12350,12350 20602,20601 20602,12195 51180,38722 51180,67415 51180,12195 38722,67415 38722,12350 12195,51180 12195,67415 12195,10177 15429,15429 10177,12210 6125,12350 6125,1246 6125,2653 6125,59626 6125,10177 12210,12350 12210,4804 12210,12198 27612,12350 27612,6125 27612,10177 12198,12350 12198,27612 12198,12198 95225,20601 95225,20602 95225
1104055,2653 1104055,3243 1104055,36140 1104055,36145 1104055,8617 36145,8619 36145,22563 36140,23738 22563,36140 22563,8224 22563,85688 8224,27895 23738,8224 23738
1106789,3191 1106789,6786 1106789,16008 3191,3192 3191,39890 3191,5086 3191,51049 39890,3187 5086,3191 5086,3192 5086,5086 3187,15987 3192,16008 3192,3191 3192
1126050,13972 1126050,93318 1126050
1110628
293285,293271 293285,4584 293285,6213 293271,4584 6213,6151 6213,887 6213,4584 6151,6213 6151,887 6151,210872 210871,273152 210871,35 210871,35061 210871,44514 210871,210871 35,210872 35,82920 35,210871 198653,35 198653,198653 887,210871 887,35 887
75969,160732 75969
1125258
284023,346292 284023,93555 284023,284023 346292,32083 346292
20592,20584 20592,31479 20592
56709,114 28287,28290 28287,4584 28287,56708 28287,56709 28287,12576 28290,35 28290,35 12576,6213 12576,83725 12576,887 12576,210871 35,210872 35,82920 35,12576 56709,28287 56709,28290 56709,56708 56709,4584 6213,6151 6213,887 6213,210872 210871,273152 210871,35 210871,35061 210871,44514 210871,12576 83725,56112 83725,6741 83725,12576 56112,83725 56112,4584 6151,6213 6151,887 6151,210871 198653,35 198653,198653 887,210871 887,35 887,210871 273152,210872 273152,35 273152,82920 273152
31097,10798 10796,6213 10796,887 10796,10796 31097,4584 6213,6151 6213,887 6213,4584 6151,6213 6151,887 6151,210872 210871,273152 210871,35 210871,35061 210871,44514 210871,210871 35,210872 35,82920 35,210871 198653,35 198653,198653 887,210871 887,35 887,210871 273152,210872 273152,35 273152,82920 273152
16474,12337 16474,16437 16474,16471 16474,16476 16474,16474 16471
521252,39130 521252,6343 521252,3240 39130,97377 39130,97377 3240,8224 97377,85688 8224
949318
133628
31932,10531 194617,31353 194617,31927 194617,31932 194617,31353 10531,194609 31927,31353 31927,563613 31927,194617 31932,215912 31932,31927 31932,3243 31932,10531 31353,194609 215912,194617 215912
693143,573535 693143,66751 693143,66751 573535,693143 573535
753070,175548 753070,753047 753070,753070 753047,753264 753047,753265 753047,4330 753265,753047 753265,12638 4330,6913 4330,753047 753264,753070 753264
111770
1114992,16474 16471,12337 16474,16437 16474,16471 16474,16476 16474,133553 105856,133563 105856,16485 105856,175548 105856,48550 133563,48555 133563,5194 133563,141160 133553,289945 48550,3229 48550,48555 48550,910 48550,105856 273949,16471 273949,687401 273949,16471 1114992,273949 1114992
51831
66805,15429 89547,10177 15429,15429 10177,210871 35,210872 35,82920 35,210872 210871,273152 210871,35 210871,35061 210871,44514 210871,210871 273152,210872 273152,35 273152,82920 273152,35 141342,141342 35061,32083 35061,35 35061,35 66805,89547 66805
1131137,162664 39165,31479 39165,31483 39165,92589 39165,3191 162664,39890 162664,16008 3191,3192 3191,39890 3191,5086 3191,51049 39890,97377 3240,8224 97377,85688 8224,31483 1131137,3222 1131137,3240 1131137,39165 1131137,92589 1131137
1109873,120817 1109873,163235 1109873
1118120
212777,10798 212777,2440 212777,61417 212777,37483 2440,64519 37483,887 64519
69397,22563 3220,23738 22563,36140 22563,8224 22563,85688 8224,27895 23738,8224 23738,22563 36140,22563 6767,3218 6767,20584 6311,46887 6311,8224 6311,1272 85688,13686 1272,4584 1272,3220 69397,6311 69397,6767 69397
22229,144701 22229,35061 22229,22229 144701,35061 144701,35 141342,210871 35,210872 35,82920 35,141342 35061,32083 35061,35 35061,210872 210871,273152 210871,35 210871,35061 210871,44514 210871,210871 273152,210872 273152,35 273152,82920 273152
170798,1959 170798,887 170798,210872 210871,273152 210871,35 210871,35061 210871,44514 210871,210871 35,210872 35,82920 35,210871 198653,35 198653,198653 887,210871 887,35 887,210871 273152,210872 273152,35 273152,82920 273152,35 141342,141342 35061,32083 35061,35 35061
686559,10531 31353,31353 10531,31353 686559
696342,230879 2658,2665 2658,696345 2658,237489 2665,237521 2665,8581 2665,1365 237521,135464 237489,2665 237489,205192 578337,230879 578337,2665 578337,99030 578337,230879 696345,2658 696345,2665 696345,578337 696345,230879 205192,2665 205192,205192 99030,230879 99030,230879 696342,2658 696342,696345 696342
1152859
200630,32083 200630
340075,1365 90888,3229 90888,144408 3229,29492 3229,30817 3229,6184 3229,202639 144408,231198 144408,29492 144408,19621 6184,4584 6184,6213 6184,6214 6184,24966 202639,25702 202639,69198 231198,853114 19621,853115 19621,853116 19621,4584 6213,6151 6213,887 6213,2696 5869,910 5869,5348 2696,910 5462,25702 910,5462 910,5869 910,77758 910,906 910,15076 25702,24043 15076,32276 15076,1365 340075,90888 340075,910 340075
32260,28632 32260,62274 32260,12182 28632,32260 62274,4335 62274,50381 62274,1717 50381,51180 50381,62274 50381,12210 12182,28649 12182,4804 12182,32688 1717,4330 1717,4335 1717,6913 1717,12195 51180,38722 51180,67415 51180,10177 12210,12350 12210,4804 12210,10177 4804,12210 4804,12350 4804,9515 4804,4330 32688,12638 4330,6913 4330,12195 38722,67415 38722,12350 12195,51180 12195,67415 12195,15429 12350,51180 12350,15429 10177
17488
1131305,16819 643221,643239 643221,643485 643221,642894 643485,643221 643485,644577 643485,642621 16819,643221 16819,643239 16819,642894 643239,643221 643239,643221 642894,643221 644577,644427 644577,643221 1131305,644577 1131305
815073
762980,763010 762980,7297 763010,1365 7297,19621 7297,49482 7297,7272 7297,853114 19621,853115 19621,853116 19621,853115 853114,144408 3229,29492 3229,30817 3229,6184 3229,1365 49482,19621 49482,3229 49482
1114512,2440 1114512,263482 1114512,263486 1114512,37483 2440,1956 263486,263482 263486,1955 1956,35 1956,3828 1956,936 1956,64519 37483,210871 35,210872 35,82920 35,936 3828,940 3828,941 3828,943 3828,887 64519,210872 210871,273152 210871,35 210871,35061 210871,44514 210871,941 940
8703,22563 10435,22564 10435,22566 10435,23738 22563,36140 22563,8224 22563,85688 8224,27895 23738,8224 23738,22563 22564,10435 22566,22563 22566,22564 22566,22563 36140,1272 85688,13686 1272,4584 1272,22563 13686,27535 13686,40135 13686,6184 13686,51866 27535,8703 27535,19621 6184,4584 6184,6213 6184,6214 6184,10435 8703,10798 8703,4649 8703,85688 8703
94229,22563 94229,23738 22563,36140 22563,8224 22563,85688 8224,27895 23738,8224 23738,22563 36140,1272 85688,13686 1272,4584 1272
1130080
123825,853114 19621,853115 19621,853116 19621,853115 853114,19621 853116,853114 853116,853115 853116,1365 649731,23507 649731,1365 23502,23507 23502,3229 23502,330148 23502,6184 10981,23507 152731,43186 152731,10981 23507,1365 23507,152731 23507,23502 23507,144408 3229,29492 3229,30817 3229,6184 3229,19621 6184,4584 6184,6213 6184,6214 6184,19621 123825,649731 123825
194645,28447 194645,22886 28447,6214 28447,73323 28447,95642 28447,4584 6151,6213 6151,887 6151,4584 6213,6151 6213,887 6213,117 6214,4584 6214,6151 6214,6213 6214
12238
561674,561789 561674
568857,210872 210871,273152 210871,35 210871,35061 210871,44514 210871,210871 273152,210872 273152,35 273152,82920 273152,210871 35,210872 35,82920 35,35 141342,141342 35061,32083 35061,35 35061,41714 44455,35 41714,44455 41714,210871 568857,35 568857,41714 568857,44455 568857,576362 568857
28227,114 28350,6213 28350,4584 6213,6151 6213,887 6213,4584 6151,6213 6151,887 6151,210872 210871,273152 210871,35 210871,35061 210871,44514 210871,210871 35,210872 35,82920 35,210871 198653,35 198653,198653 887,210871 887,35 887,210871 273152,210872 273152,35 273152,82920 273152,114 28227,28350 28227,6213 28227
39474,35 1688,58758 1688,210871 35,210872 35,82920 35,576973 58758,58758 576973,210872 210871,273152 210871,35 210871,35061 210871,44514 210871,210871 273152,210872 273152,35 273152,82920 273152,35 307015,82920 307015,1688 39474,1694 39474,307015 39474,1688 1694,39474 1694
3231,10169 17798,10177 10169,15429 10169,158614 10169,10169 158614,15429 10177,10177 15429,10169 39131,17798 39131,39130 39131,3240 39130,97377 39130,97377 3240,8224 97377,85688 8224,10169 3231,17798 3231,39127 3231,39131 3231,6334 3231,10169 6334,3231 6334,39131 6334,6767 6334,22563 6767,3218 6767,23738 22563,36140 22563,8224 22563,27895 23738,8224 23738
116553,103515 246618,116545 246618,116552 246618,116553 246618,35 103515,8865 103515,35 116552,40 116552,116545 116553,116552 116553,246618 116553,467383 116553,94641 116553,210871 35,210872 35,82920 35,35 8865,210872 210871,273152 210871,35 210871,35061 210871,44514 210871,141342 40,35 141342,210871 273152,210872 273152,35 273152,82920 273152,575077 94641,210871 575077,35 575077
12210,10177 12210,12350 12210,4804 12210,15429 12350,51180 12350,15429 10177,10177 4804,12210 4804,12350 4804,9515 4804,12195 51180,38722 51180,67415 51180,12195 38722,67415 38722,12350 12195,51180 12195,67415 12195,10177 15429,10177 9515,15429 9515,10177 67415,12210 67415,12350 67415
171225,1365 171225,184918 171225,1365 184918,19621 184918,23502 184918,330148 184918,1365 23502,23507 23502,3229 23502,330148 23502,853114 19621,853115 19621,853116 19621,144408 3229,29492 3229,30817 3229,6184 3229,853115 853114,1365 330148,184918 330148,19621 330148,202639 144408,231198 144408,29492 144408,19621 6184,4584 6184,6213 6184,6214 6184,6184 10981,23507 152731,43186 152731,10981 23507,1365 23507,152731 23507,23502 23507,19621 853116,853114 853116,853115 853116
1108209,144408 3229,29492 3229,30817 3229,6184 3229,202639 144408,231198 144408,29492 144408,19621 6184,4584 6184,6213 6184,6214 6184,24966 202639,25702 202639,69198 231198,853114 19621,853115 19621,853116 19621,4584 6213,6151 6213,887 6213,853115 853114,4584 6151,6213 6151,887 6151,117 6214,4584 6214,6151 6214,6213 6214,3229 118559,118559 1108209,3229 1108209
561613,153063 561613,38537 153063,561568 153063,561613 153063,153063 561568,561613 561568
1109199,35 148170,210871 35,210872 35,82920 35,210872 210871,273152 210871,35 210871,35061 210871,44514 210871,210871 273152,210872 273152,35 273152,82920 273152,35 141342,141342 35061,32083 35061,35 35061,148170 1109199,35 1109199,6214 1109199,4584 6151,6213 6151,887 6151,4584 6213,6151 6213,887 6213,117 6214,4584 6214,6151 6214,6213 6214,210871 198653,35 198653,198653 887,210871 887,35 887
78549,33818 78557,33823 78557,78552 78557,78555 78557,33823 33818,78552 33818,78555 33818,78557 33818,9586 33818,33818 78552,33823 78552,78511 9586,78552 9586,78557 9586,141342 78511,35 78511,78552 78511,78557 78511,35 141342,210871 35,210872 35,82920 35,33818 78549,33823 78549,78557 78549
38480,114 38480,117 38480,6209 38480,6213 38480,6214 38480,4584 6213,6151 6213,887 6213,4584 6151,6213 6151,887 6151,117 6214,4584 6214,6151 6214,6213 6214,210872 210871,273152 210871,35 210871,35061 210871,44514 210871,210871 35,210872 35,82920 35,210871 198653,35 198653,198653 887,210871 887,35 887,210871 273152,210872 273152,35 273152,82920 273152
513189,210871 35,210872 35,82920 35,210872 210871,273152 210871,35 210871,35061 210871,44514 210871,210871 273152,210872 273152,35 273152,82920 273152,35 141342,141342 35061,32083 35061,35 35061,35 573964,513189 573964,35 513189,573964 513189,82920 513189
367312,739280 367312,746058 367312,367312 746058,739280 746058
578306,2665 578306,578365 578306,99023 578306,237489 2665,237521 2665,8581 2665,1365 237521,135464 237489,2665 237489,230879 2658,2665 2658,696345 2658,205192 578337,230879 578337,2665 578337,99030 578337,2658 99023,2665 99023,578337 99023,230879 205192,2665 205192,230879 696345,2658 696345,2665 696345,578337 696345,205192 99030,230879 99030
10177,15429 10177,10177 15429
596075,1956 101143,1959 101143,82666 101143,101143 596075,1955 1956,35 1956,3828 1956,936 1956,210871 35,210872 35,82920 35,936 3828,940 3828,941 3828,943 3828,210872 210871,273152 210871,35 210871,35061 210871,44514 210871,941 940
28487
6224,6213 6215,6214 6215,887 6215,4584 6213,6151 6213,887 6213,4584 6151,6213 6151,887 6151,210872 210871,273152 210871,35 210871,35061 210871,44514 210871,210871 35,210872 35,82920 35,210871 198653,35 198653,198653 887,210871 887,35 887,117 6214,4584 6214,6151 6214,6213 6214,210871 273152,210872 273152,35 273152,82920 273152,114 6220,124064 6220,28350 6220,28412 6220,6213 6220,114 28350,6213 28350,114 124064,28542 124064,4584 124064,6213 124064,6214 124064,124064 6224,6213 6224,6214 6224,6215 6224,6220 6224
42847,2696 5869,910 5869,5348 2696,910 5462,25702 910,5462 910,5869 910,77758 910,906 910,15076 25702,24043 15076,32276 15076,853114 19621,853115 19621,853116 19621,853115 853114,19621 853116,853114 853116,853115 853116,1365 649731,23507 649731,1365 23502,23507 23502,3229 23502,330148 23502,6184 10981,23507 152731,43186 152731,10981 23507,1365 23507,152731 23507,23502 23507,19621 123825,649731 123825,123825 42847,13885 42847,19621 42847,910 42847,4584 13885,90888 13885,1365 90888,3229 90888,144408 3229,29492 3229,30817 3229,6184 3229,202639 144408,231198 144408,29492 144408,19621 6184,4584 6184,6213 6184,6214 6184
61312
66594,25772 1997,3233 1997,116528 25772,77758 25772,1997 3233,3236 3233,3240 3233,49811 3233,97377 3240,1997 49811,2440 49811,37483 2440,64519 37483,8224 97377,85688 8224,10169 49660,3231 49660,39127 49660,40151 49660,10169 3231,17798 3231,39127 3231,39131 3231,6334 3231,10177 10169,15429 10169,158614 10169,2354 40151,137790 2354,74749 2354,10169 6334,3231 6334,39131 6334,6767 6334,10169 158614,15429 10177,10169 17798,10169 39131,17798 39131,39130 39131,3240 39130,97377 39130,10177 15429,22563 6767,3218 6767,23738 22563,36140 22563,8224 22563,27530 66594,3231 66594,3232 66594,3233 66594,49660 66594
645571,440815 645571,153063 440815,5086 440815,38537 153063,561568 153063,561613 153063,153063 561568,561613 561568,3187 5086,3191 5086,3192 5086,16008 3191,3192 3191,39890 3191,5086 3191,5086 3187,153063 561613,51049 39890,15987 3192,16008 3192,3191 3192
1154124,641976 672070,672071 672070,145134 641976,24966 641976,3229 641976,24966 145134,144408 3229,29492 3229,30817 3229,6184 3229,641976 672071,672070 672071,202639 144408,231198 144408,29492 144408,19621 6184,4584 6184,6213 6184,6214 6184,6130 671269,672064 6130,672070 6130,672071 6130,24966 202639,25702 202639,4584 6213,6151 6213,887 6213,202639 672064,6213 672064,15076 25702,24043 15076,32276 15076,202639 1154124,240321 1154124,6130 1154124,671269 1154124,672070 1154124,4584 6151,6213 6151,887 6151
1110024,15889 1110024,166825 1110024,3085 15889,20193 3085,566653 3085,566664 3085
96847,44455 227178,41714 44455,35 41714,44455 41714,210871 35,210872 35,82920 35,124064 6163,6213 6163,6220 6163,6224 6163,4584 6213,6151 6213,887 6213,114 124064,28542 124064,4584 124064,6213 124064,6214 124064,114 6220,124064 6220,28350 6220,28412 6220,6213 6220,114 28350,6213 28350,4584 6151,6213 6151,887 6151,6213 6215,6214 6215,887 6215,124064 6224,6213 6224,6214 6224,6215 6224,6220 6224,210872 210871,273152 210871,35 210871,35061 210871,44514 210871,210871 198653,35 198653,198653 887,210871 887,35 887,117 6214,4584 6214,6151 6214,6213 6214,227178 96847,6163 96847,6216 96847,96851 96847
6184,853114 19621,853115 19621,853116 19621,853115 853114,19621 853116,853114 853116,853115 853116,4584 6213,6151 6213,887 6213,4584 6151,6213 6151,887 6151,210872 210871,273152 210871,35 210871,35061 210871,44514 210871,210871 35,210872 35,82920 35,210871 198653,35 198653,198653 887,210871 887,35 887,210871 273152,210872 273152,35 273152,82920 273152,19621 6184,4584 6184,6213 6184,6214 6184,117 6214,4584 6214,6151 6214,6213 6214
1121313,129042 1121313,129045 1121313,1949 129042,129042 129045,3097 129045,1952 1949,1953 1949,3097 1949,3112 1949,1959 3097,82664 3097,82666 3097,3097 1952,77826 3112,77829 3112
140569,133550 140569,5194 140569,3229 133550,5194 133550,144408 3229,29492 3229,30817 3229,6184 3229,202639 144408,231198 144408,29492 144408,19621 6184,4584 6184,6213 6184,6214 6184,24966 202639,25702 202639,69198 231198,853114 19621,853115 19621,853116 19621,4584 6213,6151 6213,887 6213
94641,575077 94641,210872 210871,273152 210871,35 210871,35061 210871,44514 210871,210871 35,210872 35,82920 35,210871 575077,35 575077,210871 273152,210872 273152,35 273152,82920 273152,35 141342,141342 35061,32083 35061,35 35061
38722,12195 38722,67415 38722,12350 12195,51180 12195,67415 12195,10177 67415,12210 67415,12350 67415,15429 12350,51180 12350,10177 12210,12350 12210,4804 12210,15429 10177,12195 51180,38722 51180,67415 51180,10177 4804,12210 4804,12350 4804,9515 4804,10177 15429
193918
270456
1128407,22386 1128407,38846 1128407,74975 1128407,22386 38846,74975 38846
1129629,210872 210871,273152 210871,35 210871,35061 210871,44514 210871,210871 273152,210872 273152,35 273152,82920 273152,210871 35,210872 35,82920 35,35 141342,141342 35061,32083 35061,35 35061,41714 44455,35 41714,44455 41714,210871 568857,35 568857,41714 568857,44455 568857,576362 568857,210871 1129629,568857 1129629,576362 1129629,594047 1129629,35 594047,41714 594047
20924,20923 20924,289885 20924,294030 20924,20923 294030,20924 294030,31479 294030,39890 294030,77758 294030,20923 289885,20924 289885,31479 289885,77758 289885,51049 39890
136767
286562,10531 31353,31353 10531,31353 286562
1118347,72101 1118347,12347 72101,3229 72101,144408 3229,29492 3229,30817 3229,6184 3229,16485 12347,202639 144408,231198 144408,29492 144408,19621 6184,4584 6184,6213 6184,6214 6184,24966 202639,25702 202639,69198 231198,853114 19621,853115 19621,853116 19621,4584 6213,6151 6213,887 6213
1131270,126793 1131270,38537 1131270,16819 126793,642621 16819,643221 16819,643239 16819,16819 643221,643239 643221,643485 643221,642894 643239,643221 643239,643221 642894,642894 643485,643221 643485,644577 643485
1153160,15429 1153160,6741 1153160,10177 15429,15429 10177
9581,31489 9581,633081 31489
117328
1110426,75121 22431,8224 22431,267003 75121,85688 75121,85688 8224,434 267003,10798 434,114 434,4649 434,6213 434,8703 434,1272 85688,13686 1272,4584 1272,22563 13686,27535 13686,40135 13686,6184 13686,22431 1110426,2440 1110426,3218 1110426,8224 1110426,37483 2440,64519 37483,887 64519
1128369,22229 22241,144701 22229,35061 22229,22229 144701,35061 144701,35 141342,210871 35,210872 35,82920 35,141342 35061,32083 35061,35 35061,210872 210871,273152 210871,35 210871,35061 210871,44514 210871,22229 1128369,22241 1128369
746058,367312 746058,739280 746058,739280 367312,746058 367312
37884,29723 6818,300806 6818,52515 300806,300806 29723,35905 29723,3229 52515,91038 52515,29723 35905,910 35905,144408 3229,29492 3229,30817 3229,6184 3229,12638 4330,6913 4330,12631 12638,6898 12631,646286 6913,646289 6913,126927 646286,16819 646286,642681 646286,642894 646286,643221 646286,16819 643221,643239 643221,643485 643221,642847 642681,643221 642894,642621 16819,643221 16819,643239 16819,103543 126927,126920 126927,643221 126927,643239 126927,645897 126927,4330 37884,6814 37884,6818 37884
561364,16008 3191,3192 3191,39890 3191,5086 3191,51049 39890,3187 5086,3191 5086,3192 5086,5086 3187,15987 3192,16008 3192,3191 3192,3191 561364,3192 561364,5086 561364
1110209,134316 142268,65074 142268,87915 142268,137130 65074,89416 65074,134307 134316,134314 134316,142268 134316,23070 134316,65074 134316,89416 137130,137130 23070,23069 23070,65074 23070,74698 23070,87915 23070,23070 87915,65074 87915,23070 134307,65057 134307,65074 134307,74698 134307,74700 134307,504 89416,506 89416,504 506,89416 506,134315 23069,134320 23069,74700 23069,65074 65057,23070 74698,65057 74698,65074 74698,142268 1110209,65074 1110209,87915 1110209
200480,1481 200480,3231 200480,6334 200480,6343 200480,6344 200480,10169 3231,17798 3231,39127 3231,39131 3231,6334 3231,10169 6334,3231 6334,39131 6334,6767 6334,10177 10169,15429 10169,158614 10169,10169 17798,10169 39131,17798 39131,39130 39131,3240 39130,97377 39130,10169 158614,15429 10177,22563 6767,3218 6767,23738 22563,36140 22563,8224 22563,97377 3240,10177 15429,85688 8224,27895 23738,8224 23738
221302,15889 221302,175909 221302,3085 221302,3085 15889,20193 3085,566653 3085,566664 3085,15889 175909
714289,189655 559804,39890 559804,714260 559804,714289 559804,73162 559804,189655 714260,714256 714260,73162 714260,51049 39890,15987 714289,39890 714289,523574 714289,559804 714289,39890 714256
12638,12631 12638,6898 12631,124224 6898,12631 6898,12638 6898,6898 124224
144701,22229 144701,35061 144701,144701 22229,35061 22229,35 141342,210871 35,210872 35,82920 35,141342 35061,32083 35061,35 35061,210872 210871,273152 210871,35 210871,35061 210871,44514 210871,210871 273152,210872 273152,35 273152,82920 273152
686532,10531 43698,31353 43698,31353 10531,10531 31353,10531 31349,31336 31349,31353 31349,43698 31349,10531 31336,31353 31336,10531 686532,31336 686532,31349 686532,31353 686532,43698 686532
164,12169 4637,10177 67415,12210 67415,12350 67415,15429 12350,51180 12350,10177 12210,12350 12210,4804 12210,15429 10177,12195 51180,38722 51180,67415 51180,10177 4804,12210 4804,12350 4804,9515 4804,12195 38722,67415 38722,12350 12195,51180 12195,67415 12195,10177 15429,12210 6125,12350 6125,1246 6125,2653 6125,59626 6125,12198 27612,12350 27612,6125 27612,10177 12198,12350 12198,27612 12198,10177 164,12198 164,4637 164,4804 164,67415 164,10177 9515,15429 9515
1121867,1997 154982,8079 154982,25772 1997,3233 1997,116528 25772,77758 25772,1997 3233,3236 3233,3240 3233,49811 3233,27249 8079,23738 27249,36140 27249,46468 27249,97377 3240,27895 23738,8224 23738,22563 36140,23738 22563,36140 22563,8224 22563,85688 8224,12638 4330,6913 4330,4330 4329,4329 46468,4330 46468,4335 46468,154982 1121867,2654 1121867,5055 1121867,59045 1121867,8079 1121867
129045,1949 129042,1952 1949,1953 1949,3097 1949,3112 1949,3097 1952,1959 3097,82664 3097,82666 3097,77826 3112,77829 3112,129042 129045,3097 129045
608326,35 608326,82920 608326,210871 35,210872 35,82920 35,210872 210871,273152 210871,35 210871,35061 210871,44514 210871,210871 273152,210872 273152,35 273152,82920 273152,35 141342,141342 35061,32083 35061,35 35061
152227,12350 152227,15429 12350,51180 12350,12195 51180,38722 51180,67415 51180,12195 38722,67415 38722,12350 12195,51180 12195,67415 12195,10177 15429,15429 10177,10177 67415,12210 67415,12350 67415,10177 12210,12350 12210,4804 12210
23738,27895 23738,8224 23738,85688 8224,1272 85688,13686 1272,4584 1272,22563 13686,27535 13686,40135 13686,6184 13686
46501
633031,633030 633031,633031 633030
1121063,166989 1121063,25805 1121063,124734 25805,166989 25805,20601 25805,4804 25805,12350 20601,20602 20601,10177 124734,20601 124734,27606 124734,59626 124734,10177 4804,12210 4804,12350 4804,9515 4804,15429 12350,51180 12350,15429 10177,10177 12210,12350 12210,4804 12210,12350 20602,20601 20602,12195 51180,38722 51180,67415 51180,10177 27606,10177 9515,15429 9515
1123756,110041 287787,35 287787,210871 35,210872 35,82920 35,210872 210871,273152 210871,35 210871,35061 210871,44514 210871,210871 273152,210872 273152,35 273152,82920 273152,35 141342,141342 35061,32083 35061,35 35061,124952 1123756,28230 1123756,287787 1123756,35 1123756
1115701,202520 1115701,20923 1115701,20924 1115701,289885 1115701,31479 1115701,20923 20924,289885 20924,294030 20924,20923 289885,20924 289885,31479 289885,77758 289885,20923 294030,20924 294030,31479 294030,39890 294030,77758 294030,51049 39890
58552,2696 5869,910 5869,5348 2696,910 5462,25702 910,5462 910,5869 910,77758 910,906 910,15076 25702,24043 15076,32276 15076,58552 248395,248395 58552,910 58552
1122580,25772 1122580,27895 1122580,116528 25772,77758 25772
16485
131117,29492 131117,400473 131117,29492 400473
134316,23069 74700,134315 23069,134320 23069,74700 23069,65074 65057,137130 65074,89416 65074,89416 137130,23070 134307,65057 134307,65074 134307,74698 134307,74700 134307,137130 23070,23069 23070,65074 23070,74698 23070,87915 23070,23070 74698,65057 74698,65074 74698,23070 87915,65074 87915,504 89416,506 89416,504 506,89416 506,134316 142268,65074 142268,87915 142268,134307 134316,134314 134316,142268 134316,23070 134316,65074 134316
1109392,152731 1109392,23507 1109392,3229 1109392,144408 3229,29492 3229,30817 3229,6184 3229,23507 152731,43186 152731,202639 144408,231198 144408,29492 144408,19621 6184,4584 6184,6213 6184,6214 6184,1365 23502,23507 23502,3229 23502,330148 23502,6184 10981,10981 23507,1365 23507,152731 23507,23502 23507,24966 202639,25702 202639,69198 231198,853114 19621,853115 19621,853116 19621,4584 6213,6151 6213,887 6213,853115 853114,4584 6151,6213 6151,887 6151,117 6214,4584 6214,6151 6214,6213 6214,1365 184918,19621 184918,23502 184918,330148 184918,1365 330148,184918 330148,19621 330148
48066
84021,35 98698,82920 98698,84021 98698,210871 35,210872 35,82920 35,143323 84021,1688 84021,35 84021,82920 84021,98698 84021,210872 210871,273152 210871,35 210871,35061 210871,44514 210871,35 1688,58758 1688,210871 273152,210872 273152,35 273152,82920 273152,576973 58758,58758 576973,35 141342,141342 35061,32083 35061,35 35061
688361,100197 688361,32083 688361,3229 100197,144408 3229,29492 3229,30817 3229,6184 3229,202639 144408,231198 144408,29492 144408,19621 6184,4584 6184,6213 6184,6214 6184,24966 202639,25702 202639,69198 231198,853114 19621,853115 19621,853116 19621,4584 6213,6151 6213,887 6213
23258,114 28485,6209 28485,6213 28485,4584 6213,6151 6213,887 6213,4584 6151,6213 6151,887 6151,210872 210871,273152 210871,35 210871,35061 210871,44514 210871,210871 35,210872 35,82920 35,210871 198653,35 198653,198653 887,210871 887,35 887,114 136665,114 23258,136665 23258,28485 23258,6214 23258,85299 23258,117 6214,4584 6214,6151 6214,6213 6214
1237
644441,642681 644441,642847 642681,38537 642847
1125402
1106287,853114 19621,853115 19621,853116 19621,853115 853114,19621 853116,853114 853116,853115 853116,144408 3229,29492 3229,30817 3229,6184 3229,202639 144408,231198 144408,29492 144408,19621 6184,4584 6184,6213 6184,6214 6184,24966 202639,25702 202639,69198 231198,4584 6213,6151 6213,887 6213,1365 83826,19621 83826,3229 83826,1365 1106287,19621 1106287,83826 1106287,83847 1106287
1110950
1117618,216877 1117618,216878 1117618,334153 1117618,216877 334153,216878 334153,887 334153,210872 210871,273152 210871,35 210871,35061 210871,44514 210871,210871 35,210872 35,82920 35,210871 198653,35 198653,198653 887,210871 887,35 887,210871 273152,210872 273152,35 273152,82920 273152
12247,12350 20601,20602 20601,15429 12350,51180 12350,12350 20602,20601 20602,12195 51180,38722 51180,67415 51180,12195 38722,67415 38722,12350 12195,51180 12195,67415 12195,10177 15429,15429 10177,12198 12158,12350 12158,20601 12158,20602 12158,10177 12198,12350 12198,27612 12198,12198 27612,12350 27612,6125 27612,12158 12199,12198 12199,20601 12199,20602 12199,12210 12182,28649 12182,4804 12182,10177 12210,12350 12210,4804 12210,10177 4804,12210 4804,12350 4804,9515 4804,1246 42207,20601 42207,20602 42207,95225 42207,12198 95225,20601 95225,20602 95225,155736 155738,28649 155738,12182 155736,155738 155736,28649 155736,12182 157761,155738 157761,219239 157761,4804 157761,12182 219239,15429 219239,157761 219239,42207 219239,12199 12247,20601 12247,20602 12247,219239 12247
181782,58540 181782,6209 181782,9708 181782,114 58540,6196 58540,6213 58540,114 6196,4584 6196,6214 6196,4584 6213,6151 6213,887 6213,4584 6151,6213 6151,887 6151,117 6214,4584 6214,6151 6214,6213 6214,210872 210871,273152 210871,35 210871,35061 210871,44514 210871,210871 35,210872 35,82920 35,210871 198653,35 198653,198653 887,210871 887,35 887
210872
1102751,8687 1102751,8696 1102751,8699 1102751,8703 1102751,10435 8703,10798 8703,4649 8703,85688 8703,22563 10435,22564 10435,22566 10435,10798 10796,6213 10796,887 10796,10169 3231,17798 3231,39127 3231,39131 3231,6334 3231,10796 8699,3231 8699,5966 8699,23738 22563,36140 22563,8224 22563,1272 85688,13686 1272,4584 1272,4584 6213,6151 6213,887 6213,10169 6334,3231 6334,39131 6334,6767 6334,10177 10169,15429 10169,158614 10169,85688 8224,27895 23738,8224 23738,22563 22564,10435 22566,22563 22566,22564 22566,22563 13686,27535 13686,40135 13686,6184 13686,4584 6151,6213 6151,887 6151,210872 210871,273152 210871,35 210871,35061 210871,44514 210871,210871 35,210872 35,82920 35,210871 198653,35 198653,198653 887,210871 887,35 887,10169 17798,10169 39131,17798 39131,39130 39131,3240 39130,97377 39130,10169 158614,15429 10177
75674,117 75674,27623 75674
561581,38537 153063,561568 153063,561613 153063,153063 561568,561613 561568,153063 561613,561581 561582,561595 561582,153063 561581,561582 561581,561595 561581,561674 561581,153063 561595,561610 561595,561611 561595,561789 561674,153063 561610,561611 561610
1108656,135798 1108656,6318 1108656
1121398,35 248425,579008 248425,248425 1121398,210871 35,210872 35,82920 35,35 579008,54132 579008,575077 579008,210872 210871,273152 210871,35 210871,35061 210871,44514 210871,210871 575077,35 575077,210871 273152,210872 273152,35 273152,82920 273152
48550,2696 5869,910 5869,5348 2696,910 5462,25702 910,5462 910,5869 910,77758 910,906 910,15076 25702,24043 15076,32276 15076,144408 3229,29492 3229,30817 3229,6184 3229,202639 144408,231198 144408,29492 144408,19621 6184,4584 6184,6213 6184,6214 6184,24966 202639,25702 202639,69198 231198,853114 19621,853115 19621,853116 19621,4584 6213,6151 6213,887 6213,853115 853114,4584 6151,6213 6151,887 6151,117 6214,4584 6214,6151 6214,6213 6214,289945 48550,3229 48550,48555 48550,910 48550
62607
1130454,626530 1130454,626531 1130454
293974,29723 6818,300806 6818,52515 300806,300806 29723,35905 29723,3229 52515,91038 52515,29723 35905,910 35905,144408 3229,29492 3229,30817 3229,6184 3229,36131 77438,37888 77438,36802 37888,77438 37888,33231 293974,37888 293974,6814 293974,6818 293974,77438 293974
595063,12576 575795,35 12576,6213 12576,83725 12576,887 12576,4584 6213,6151 6213,887 6213,210871 35,210872 35,82920 35,12576 83725,56112 83725,6741 83725,12576 56112,83725 56112,4584 6151,6213 6151,887 6151,210872 210871,273152 210871,35 210871,35061 210871,44514 210871,210871 198653,35 198653,198653 887,210871 887,35 887,35 486840,35852 486840,210871 273152,210872 273152,35 273152,82920 273152,22229 144701,35061 144701,144701 22229,35061 22229,35 141342,141342 35061,32083 35061,35 35061,144701 595063,486840 595063,575795 595063
1112369,217984 1112369,49482 1112369,49482 217984,853114 19621,853115 19621,853116 19621,144408 3229,29492 3229,30817 3229,6184 3229,1365 49482,19621 49482,3229 49482,853115 853114,202639 144408,231198 144408,29492 144408,19621 6184,4584 6184,6213 6184,6214 6184,19621 853116,853114 853116,853115 853116,24966 202639,25702 202639,69198 231198,4584 6213,6151 6213,887 6213
654339,654326 654339,3229 654326,654339 654326,144408 3229,29492 3229,30817 3229,6184 3229,202639 144408,231198 144408,29492 144408,19621 6184,4584 6184,6213 6184,6214 6184,24966 202639,25702 202639,69198 231198,853114 19621,853115 19621,853116 19621,4584 6213,6151 6213,887 6213
1111052,13972 20534,6163 20534,6213 20534,124064 6163,6213 6163,6220 6163,6224 6163,4584 6213,6151 6213,887 6213,114 124064,28542 124064,4584 124064,6213 124064,6214 124064,4584 6151,6213 6151,887 6151,114 6220,124064 6220,28350 6220,28412 6220,6213 6220,114 28350,6213 28350,6213 6215,6214 6215,887 6215,124064 6224,6213 6224,6214 6224,6215 6224,6220 6224,210872 210871,273152 210871,35 210871,35061 210871,44514 210871,210871 35,210872 35,82920 35,210871 198653,35 198653,198653 887,210871 887,35 887,117 6214,4584 6214,6151 6214,6213 6214,210871 273152,210872 273152,35 273152,82920 273152,114 1111052,20534 1111052,6163 1111052,6213 1111052
52847,7032 52847,1997 7032,25772 1997,3233 1997,116528 25772,77758 25772,1997 3233,3236 3233,3240 3233,49811 3233,97377 3240
39126,162664 39165,31479 39165,31483 39165,92589 39165,3191 162664,39890 162664,16008 3191,3192 3191,39890 3191,5086 3191,51049 39890,10169 17798,10177 10169,15429 10169,158614 10169,10169 158614,15429 10177,10169 39131,17798 39131,39130 39131,3240 39130,97377 39130,97377 3240,10169 3231,17798 3231,39127 3231,39131 3231,6334 3231,10169 6334,3231 6334,39131 6334,6767 6334,22563 6767,3218 6767,23738 22563,36140 22563,8224 22563,10177 15429,10169 39126,1999 39126,31483 39126,3231 39126,39165 39126
1114629,28202 1114629,6169 1114629,117 28202,25791 28202,6163 28202,6213 28202,124064 6163,6213 6163,6220 6163,6224 6163,4584 6213,6151 6213,887 6213,28227 6169,114 28227,28350 28227,6213 28227,114 124064,28542 124064,4584 124064,6213 124064,6214 124064,4584 6151,6213 6151,887 6151,114 28350,6213 28350,114 6220,124064 6220,28350 6220,28412 6220,6213 6220,6213 6215,6214 6215,887 6215,124064 6224,6213 6224,6214 6224,6215 6224,6220 6224,210872 210871,273152 210871,35 210871,35061 210871,44514 210871,210871 35,210872 35,82920 35,210871 198653,35 198653,198653 887,210871 887,35 887
752684
1104809,52003 52000,73712 52003,52000 52007,52000 1104809,52003 1104809,52007 1104809
1109566
49482,853114 19621,853115 19621,853116 19621,853115 853114,19621 853116,853114 853116,853115 853116,144408 3229,29492 3229,30817 3229,6184 3229,202639 144408,231198 144408,29492 144408,19621 6184,4584 6184,6213 6184,6214 6184,24966 202639,25702 202639,69198 231198,4584 6213,6151 6213,887 6213,4584 6151,6213 6151,887 6151,117 6214,4584 6214,6151 6214,6213 6214,1365 49482,19621 49482,3229 49482
1139928,101261 101263,12238 101263,12350 152227,15429 12350,51180 12350,12195 51180,38722 51180,67415 51180,12195 38722,67415 38722,12350 12195,51180 12195,67415 12195,10177 15429,15429 10177,101263 1139928,152227 1139928,28504 1139928
35061,35 141342,210871 35,210872 35,82920 35,210872 210871,273152 210871,35 210871,35061 210871,44514 210871,210871 273152,210872 273152,35 273152,82920 273152,141342 35061,32083 35061,35 35061
171954,573553 171954,67415 171954,10177 67415,12210 67415,12350 67415,15429 12350,51180 12350,10177 12210,12350 12210,4804 12210,15429 10177,12195 51180,38722 51180,67415 51180,10177 4804,12210 4804,12350 4804,9515 4804,12195 38722,67415 38722,12350 12195,51180 12195,67415 12195,10177 15429
1114502,44455 227178,41714 44455,35 41714,44455 41714,210871 35,210872 35,82920 35,1956 1817,1955 1956,35 1956,3828 1956,936 1956,936 3828,940 3828,941 3828,943 3828,210872 210871,273152 210871,35 210871,35061 210871,44514 210871,941 940,1817 1114502,190698 1114502,227178 1114502,263279 1114502,5966 1114502,3231 263279,35 263279,8224 263279,84021 263279,85688 8224,10169 3231,17798 3231,39127 3231,39131 3231,6334 3231,143323 84021,1688 84021,35 84021,82920 84021,98698 84021,10169 6334,3231 6334,39131 6334,6767 6334,10177 10169,15429 10169,158614 10169,35 1688,58758 1688,1272 85688,13686 1272,4584 1272,210871 273152,210872 273152,35 273152,82920 273152,10169 17798,10169 39131,17798 39131,39130 39131,3240 39130,97377 39130,10169 158614,15429 10177,35 98698,82920 98698,84021 98698
8875,35 8865,210871 35,210872 35,82920 35,210872 210871,273152 210871,35 210871,35061 210871,44514 210871,210871 273152,210872 273152,35 273152,82920 273152,12576 83725,56112 83725,6741 83725,12576 56112,83725 56112,35 12576,6213 12576,83725 12576,887 12576,4584 6213,6151 6213,887 6213,4584 6151,6213 6151,887 6151,210871 198653,35 198653,198653 887,210871 887,35 887,12576 8875,6209 8875,8865 8875,8872 8875,8874 8875
63915,22563 36140,23738 22563,36140 22563,8224 22563,85688 8224,27895 23738,8224 23738,1272 85688,13686 1272,4584 1272,22563 63915,36140 63915
20593,1272 20593,20584 20593,20592 20593,20584 20592,31479 20592,13686 1272,4584 1272,22563 13686,27535 13686,40135 13686,6184 13686,23738 22563,36140 22563,8224 22563,51866 27535,8703 27535,19621 6184,4584 6184,6213 6184,6214 6184,85688 8224,27895 23738,8224 23738,51879 51866,8703 51866,853114 19621,853115 19621,853116 19621,4584 6213,6151 6213,887 6213
175576,15429 175576,93755 175576,10177 15429,15429 10177
3101,3097 1952,1959 3097,82664 3097,82666 3097,1952 1949,1953 1949,3097 1949,3112 1949,77826 3112,77829 3112,3112 77829,3112 77826,5600 77826,1949 3101,1952 3101,3097 3101
52784,175291 52784,2654 52784,36145 52784,8617 52784,2653 175291,31105 175291,35 175291,8617 175291,8619 175291,8617 36145,8619 36145,210871 35,210872 35,82920 35,210872 210871,273152 210871,35 210871,35061 210871,44514 210871,210871 273152,210872 273152,35 273152,82920 273152
1951
562123,1365 562123,560936 562123,6784 562123,1272 560936,1365 560936,562123 560936,6784 560936,13686 1272,4584 1272,22563 13686,27535 13686,40135 13686,6184 13686,23738 22563,36140 22563,8224 22563,51866 27535,8703 27535,19621 6184,4584 6184,6213 6184,6214 6184
1132406,430711 671052,671052 1132406
1106849
1153736
