124064,114 124064,28542 124064,4584 124064,6213 124064,6214 124064,4584 6213,6151 6213,887 6213,4584 6151,6213 6151,887 6151,117 6214,4584 6214,6151 6214,6213 6214,210872 210871,273152 210871,35 210871,35061 210871,44514 210871,210871 35,210872 35,82920 35,210871 198653,35 198653,198653 887,210871 887,35 887
135464
1125953,1272 520471,520471 1125953,13686 1272,4584 1272,22563 13686,27535 13686,40135 13686,6184 13686
30817
52835,1272 52835,39127 52835,13686 1272,4584 1272,22563 13686,27535 13686,40135 13686,6184 13686,23738 22563,36140 22563,8224 22563,51866 27535,8703 27535,19621 6184,4584 6184,6213 6184,6214 6184
262178
1109208,263069 148341,148341 1109208
1118848,15076 25702,24043 15076,32276 15076,2696 5869,910 5869,5348 2696,910 5462,25702 910,5462 910,5869 910,77758 910,906 910,25702 1118848,910 1118848
3217
5038,12210 12182,28649 12182,4804 12182,10177 12210,12350 12210,4804 12210,10177 4804,12210 4804,12350 4804,9515 4804,15429 12350,51180 12350,15429 10177,12182 4660,18615 4660,18619 4660,2653 4660,1272 18615,18619 18615,2440 18615,4660 18615,6935 18615,10798 18619,19231 18619,27627 18619,13686 1272,4584 1272,37483 2440,12182 5038,38722 5038,4660 5038,65650 5038,12195 38722,67415 38722,12350 12195,51180 12195,67415 12195,23738 11342,79809 11342,8224 11342,27895 23738,8224 23738,11342 65650,12182 65650,23738 65650,2653 65650,38722 65650,10177 67415,12210 67415,12350 67415,12195 51180,38722 51180,67415 51180,85688 8224
310653,108962 159897,108983 159897,28957 159897,310653 159897,35778 108983,108963 108962,108974 108962,108983 108962,35778 108962,73146 35778,108962 310653,108983 310653,159897 310653,108962 108963,108974 108963
1118823,20584 1118823,360028 1118823,46491 1118823,46547 1118823
1104495
18615,12182 4660,18615 4660,18619 4660,2653 4660,12210 12182,28649 12182,4804 12182,1272 18615,18619 18615,2440 18615,4660 18615,6935 18615,10798 18619,19231 18619,27627 18619,10177 12210,12350 12210,4804 12210,10177 4804,12210 4804,12350 4804,9515 4804,13686 1272,4584 1272,37483 2440,101811 6935,63915 6935,12350 101811,23738 101811,15429 12350,51180 12350,27895 23738,8224 23738,22563 63915,36140 63915,23738 22563,36140 22563,8224 22563,22563 13686,27535 13686,40135 13686,6184 13686,64519 37483,51866 27535,8703 27535,19621 6184,4584 6184,6213 6184,6214 6184,887 64519
675756
12576,12576 83725,56112 83725,6741 83725,12576 56112,83725 56112,35 12576,6213 12576,83725 12576,887 12576,4584 6213,6151 6213,887 6213,210871 35,210872 35,82920 35,4584 6151,6213 6151,887 6151,210872 210871,273152 210871,35 210871,35061 210871,44514 210871,210871 198653,35 198653,198653 887,210871 887,35 887,210871 273152,210872 273152,35 273152,82920 273152
1153024,24476 1153024,89416 1153024,504 89416,506 89416,504 506,89416 506
1126029,114 1126029,27623 1126029,6155 1126029,6214 1126029,114 6155,4584 6155,6151 6155,6213 6155,6214 6155,4584 6151,6213 6151,887 6151,4584 6213,6151 6213,887 6213,117 6214,4584 6214,6151 6214,6213 6214
1130539,64519 37483,887 64519,137790 2354,74749 2354,137790 74749,2354 74749,143323 1130539,198653 1130539,2354 1130539,37483 1130539,9708 1130539,210871 198653,35 198653,210872 210871,273152 210871,35 210871,35061 210871,44514 210871,210871 35,210872 35,82920 35,210871 273152,210872 273152,35 273152,82920 273152
71336
7419,13972 20534,6163 20534,6213 20534,124064 6163,6213 6163,6220 6163,6224 6163,4584 6213,6151 6213,887 6213,114 124064,28542 124064,4584 124064,6213 124064,6214 124064,4584 6151,6213 6151,887 6151,210872 210871,273152 210871,35 210871,35061 210871,44514 210871,210871 35,210872 35,82920 35,210871 198653,35 198653,198653 887,210871 887,35 887,20534 7419,6169 7419,6213 7419,28227 6169,114 28227,28350 28227,6213 28227,114 28350,6213 28350
33301
173884,27535 173884,51909 173884,8703 173884,92589 173884,51866 27535,8703 27535,51879 51909,6741 51909,8703 51909,51879 51866,8703 51866,10435 8703,10798 8703,4649 8703,85688 8703,22563 10435,22564 10435,22566 10435,23738 22563,36140 22563,8224 22563,1272 85688,13686 1272,4584 1272
644494,644448 644494,645870 644494,642894 645870,643221 642894,643221 644448,16819 643221,643239 643221,643485 643221,642894 643485,643221 643485,644577 643485,642621 16819,643221 16819,643239 16819
5075,3932 5075,22386 3932,74975 3932
243483,22229 243483,54131 243483,62634 243483,54132 62634,94639 62634,94641 62634,144701 22229,35061 22229,103515 54131,28851 54131,35 54131,66556 54131,22229 144701,35061 144701,35 103515,8865 103515,210871 35,210872 35,82920 35,35 66556,575077 66556,85352 66556,35 28851,35 141342,141342 35061,32083 35061,35 35061,210872 210871,273152 210871,35 210871,35061 210871,44514 210871
1120084,180399 1120084,385572 1120084,180373 180399,3231 180399,180399 385572,25184 385572,25181 25184,27174 25184,3229 25184,3231 25184,10796 180373,27174 180373,59798 180373,77758 180373,10169 3231,17798 3231,39127 3231,39131 3231,6334 3231,3229 25181,59798 25181,144408 3229,29492 3229,30817 3229,6184 3229,25181 27174,3229 27174,59798 27174,10798 10796,6213 10796,887 10796,10169 6334,3231 6334,39131 6334,6767 6334,10177 10169,15429 10169,158614 10169
1128959,35 1128959,56709 1128959,210871 35,210872 35,82920 35,210872 210871,273152 210871,35 210871,35061 210871,44514 210871,114 28287,28290 28287,4584 28287,56708 28287,56709 28287,12576 28290,35 28290,35 12576,6213 12576,83725 12576,887 12576,12576 56709,28287 56709,28290 56709,56708 56709,210871 273152,210872 273152,35 273152,82920 273152,4584 6213,6151 6213,887 6213
1152917,4330 1152917,6913 1152917,12638 4330,6913 4330,646286 6913,646289 6913,126927 646286,16819 646286,642681 646286,642894 646286,643221 646286,16819 643221,643239 643221,643485 643221,642847 642681,643221 642894,642621 16819,643221 16819,643239 16819,103543 126927,126920 126927,643221 126927,643239 126927,645897 126927,12631 12638,6898 12631
644334,16819 644334,642681 644334,644441 644334,642847 642681,642621 16819,643221 16819,643239 16819,38537 642847,16819 643221,643239 643221,643485 643221,642681 644441,642894 643239,643221 643239,643221 642894,642894 643485,643221 643485,644577 643485
52007,52000 52007,52003 52000,73712 52003
1114118,119712 1114118,910 1114118,2696 5869,910 5869,910 5462,25702 910,5462 910,5869 910,77758 910,906 910,5348 2696,15076 25702,24043 15076,32276 15076
1125092,197054 1125092,45603 1125092,48764 1125092,8872 1125092,182093 197054,182094 197054,35 197054,41714 197054,8872 197054,190706 182094,41714 182094,35 41714,44455 41714,210871 35,210872 35,82920 35,35 190706,41714 190706,45605 190706,210872 210871,273152 210871,35 210871,35061 210871,44514 210871
118259,6209 118259
1131116,148341 1131116,259702 1131116,263069 1131116,35 1131116,263069 148341,210871 35,210872 35,82920 35,35 259702,640617 259702,82920 259702,210872 210871,273152 210871,35 210871,35061 210871,44514 210871,35 640617,85352 640617,210871 273152,210872 273152,35 273152,82920 273152
65074,137130 65074,89416 65074,89416 137130,504 89416,506 89416,504 506,89416 506
3222
1131165
1116268,2653 1116268,27241 1116268,36145 1116268,6334 1116268,8617 1116268,10169 6334,3231 6334,39131 6334,6767 6334,8617 36145,8619 36145,10169 3231,17798 3231,39127 3231,39131 3231,6334 3231,10177 10169,15429 10169,158614 10169,10169 39131,17798 39131,39130 39131,3240 39130,97377 39130,22563 6767,3218 6767,23738 22563,36140 22563,8224 22563,10169 158614,15429 10177
1131565,62329 1131565,650807 1131565,427606 62329,35 427606,210871 35,210872 35,82920 35
714975,15984 714975,39890 714975,523394 714975,6786 714975,51049 39890,15987 523394,16008 523394,39890 523394,523574 523394
46547,46491 46547
137359
95198
1113459,114 91975,128 91975,28471 91975,6213 91975,89547 91975,114 128,28487 128,4584 128,6213 128,4584 6213,6151 6213,887 6213,114 28471,117 28471,6213 28471,89547 28471,4584 6151,6213 6151,887 6151,114 28350,6213 28350,28350 241133,6213 241133,210872 210871,273152 210871,35 210871,35061 210871,44514 210871,210871 35,210872 35,82920 35,210871 198653,35 198653,198653 887,210871 887,35 887,153598 1113459,241133 1113459,28350 1113459,6213 1113459,91975 1113459,28491 153598,6213 153598
1152714,133566 1152714,133567 1152714,5194 1152714,133550 133566,133563 133566,133567 133566,5194 133566,3229 133550,5194 133550,48550 133563,48555 133563,5194 133563,144408 3229,29492 3229,30817 3229,6184 3229,289945 48550,3229 48550,48555 48550,910 48550
1104182,27623 1104182,38480 1104182,114 38480,117 38480,6209 38480,6213 38480,6214 38480,4584 6213,6151 6213,887 6213,4584 6151,6213 6151,887 6151,117 6214,4584 6214,6151 6214,6213 6214
644843
1128425,29723 6818,300806 6818,52515 300806,300806 29723,35905 29723,3229 52515,91038 52515,29723 35905,910 35905,2665 582139,68224 582139,237489 2665,237521 2665,8581 2665,1365 237521,135464 237489,2665 237489,5454 1128425,582139 1128425,6818 1128425,68224 1128425
1153031
756061
18251,23258 18251,114 23258,136665 23258,28485 23258,6214 23258,85299 23258,114 28485,6209 28485,6213 28485,114 136665,4584 6213,6151 6213,887 6213,4584 6151,6213 6151,887 6151,117 6214,4584 6214,6151 6214,6213 6214
97377,8224 97377,85688 8224,1272 85688,13686 1272,4584 1272
1131189,643003 1131189,16819 643003,642621 16819,643221 16819,643239 16819,16819 643221,643239 643221,643485 643221
1133047,84021 1133047,143323 84021,1688 84021,35 84021,82920 84021,98698 84021,35 1688,58758 1688,210871 35,210872 35,82920 35,35 98698,82920 98698,84021 98698,210872 210871,273152 210871,35 210871,35061 210871,44514 210871
1152448,36162 1152448,40151 1152448,6334 1152448,10169 6334,3231 6334,39131 6334,6767 6334,2354 40151,137790 2354,74749 2354,10169 3231,17798 3231,39127 3231,39131 3231,6334 3231,10177 10169,15429 10169,158614 10169,10169 39131,17798 39131,39130 39131,3240 39130,97377 39130,22563 6767,3218 6767,23738 22563,36140 22563,8224 22563,10169 158614,15429 10177
11339,11326 11339,11339 11326
1138970
141342,35 141342,210871 35,210872 35,82920 35,210872 210871,273152 210871,35 210871,35061 210871,44514 210871,210871 273152,210872 273152,35 273152,82920 273152
53942
1106103,6346 1106103,6767 1106103,22563 6767,3218 6767,23738 22563,36140 22563,8224 22563,85688 8224,27895 23738,8224 23738
206259,117 206259,28487 206259,28542 206259
69198,267824 69198
205196,815073 205196,815096 205196,205196 815096,574264 815096,35 574264,210871 35,210872 35,82920 35
574264,35 574264,210871 35,210872 35,82920 35,210872 210871,273152 210871,35 210871,35061 210871,44514 210871,210871 273152,210872 273152,35 273152,82920 273152
358894,79809 31863,91581 31863,11342 79809,24966 79809,358866 79809,358887 79809,5086 79809,23738 11342,79809 11342,8224 11342,79809 358866,1272 560936,1365 560936,562123 560936,6784 560936,137868 91581,31863 91581,560936 91581,79809 91581,38537 137868,1365 562123,560936 562123,6784 562123,13686 1272,4584 1272,31863 358894,358866 358894,358884 358894,358887 358894,91581 358894,13212 358884
684986,4330 684986,12638 4330,6913 4330,12631 12638,6898 12631
1109185,25702 147870,147870 1109185,15076 25702,24043 15076,32276 15076
1130567,4584 6151,6213 6151,887 6151,4584 6213,6151 6213,887 6213,210872 210871,273152 210871,35 210871,35061 210871,44514 210871,210871 35,210872 35,82920 35,210871 198653,35 198653,198653 887,210871 887,35 887,4584 628815,6213 628815,4584 1130567,6151 1130567,6169 1130567,6213 1130567,628815 1130567,28227 6169,114 28227,28350 28227,6213 28227,114 28350,6213 28350
621555
593210,195792 19045,887 19045,251756 195792,62329 195792,62329 251756,210872 210871,273152 210871,35 210871,35061 210871,44514 210871,210871 35,210872 35,82920 35,210871 198653,35 198653,198653 887,210871 887,35 887,227178 593240,35 593240,578845 593240,593155 593240,44455 227178,62329 593155,19045 593210,195792 593210,459216 593210,593209 593210,593240 593210,22229 459216,144701 22229,35061 22229,22229 144701,35061 144701
1115375,230879 2658,2665 2658,696345 2658,237489 2665,237521 2665,8581 2665,1365 237521,135464 237489,2665 237489,205192 578337,230879 578337,2665 578337,99030 578337,230879 696345,2658 696345,2665 696345,578337 696345,2658 282700,2658 1115375,2665 1115375,282700 1115375
148399,12158 148399,12247 148399,27199 148399,27203 148399,12198 12158,12350 12158,20601 12158,20602 12158,12199 12247,20601 12247,20602 12247,219239 12247,12194 27199,42209 27199,42221 27199,12350 20601,20602 20601,15429 12350,51180 12350,10177 12198,12350 12198,27612 12198,12158 12199,12198 12199,20601 12199,20602 12199,12182 219239,15429 219239,157761 219239,42207 219239,42221 42209,12350 20602,20601 20602,12195 51180,38722 51180,67415 51180,12198 27612,12350 27612,6125 27612,15429 10177,12210 12182,28649 12182,4804 12182,1246 42207,20601 42207,20602 42207,95225 42207,12182 157761,155738 157761,219239 157761,4804 157761
55770
1153784,289780 1153784,289781 1153784,35 289781,87417 289781,289779 289780,289781 289780,35 289780,87417 289780,210871 35,210872 35,82920 35,35 289779,87417 289779,210872 210871,273152 210871,35 210871,35061 210871,44514 210871
202520
1120169,137380 85449,262178 85449,46491 137380,10169 85452,1272 85452,13686 1272,4584 1272,10177 10169,15429 10169,158614 10169,22563 13686,27535 13686,40135 13686,6184 13686,10169 158614,15429 10177,3218 1120169,46491 1120169,85449 1120169,85452 1120169
1132073
87915,137130 23070,23069 23070,65074 23070,74698 23070,87915 23070,134315 23069,134320 23069,74700 23069,89416 137130,137130 65074,89416 65074,65074 65057,23070 74698,65057 74698,65074 74698,23070 87915,65074 87915,504 89416,506 89416,504 506,89416 506
128383,41417 128383,70444 128383,10435 41417,22563 10435,22564 10435,22566 10435,23738 22563,36140 22563,8224 22563
686061,19231 686061,27623 686061,27627 686061,28254 686061,27623 28254,27627 28254,27631 28254,27632 28254,4329 28254,28412 27631,3229 27631,6184 27631,6214 27631,70520 27631,4330 4329,144408 3229,29492 3229,30817 3229,6184 3229,19621 6184,4584 6184,6213 6184,6214 6184,12638 4330,6913 4330
144212,35 190706,41714 190706,45605 190706,35 41714,44455 41714,210871 35,210872 35,82920 35,240791 45605,32083 45605,35061 45605,19621 240791,35061 240791,45605 240791,210872 210871,273152 210871,35 210871,35061 210871,44514 210871,35 141342,141342 35061,32083 35061,35 35061,853114 19621,853115 19621,853116 19621,190706 144212,41714 144212,45605 144212,41714 44455
459214,35 103515,8865 103515,210871 35,210872 35,82920 35,35 8865,210872 210871,273152 210871,35 210871,35061 210871,44514 210871,22229 243483,54131 243483,62634 243483,54132 62634,94639 62634,94641 62634,144701 22229,35061 22229,103515 54131,28851 54131,35 54131,66556 54131,22229 144701,35061 144701,35 66556,575077 66556,85352 66556,35 28851,103515 459214,243483 459214,54131 459214
280876,5086 3187,3187 5086,3191 5086,3192 5086,16008 3191,3192 3191,39890 3191,5086 3191,137849 17242,109323 137849,5086 137849,5086 109323,17242 280876,3187 280876
28359,35863 28359,28359 35863,3229 35863,6213 35863,144408 3229,29492 3229,30817 3229,6184 3229,4584 6213,6151 6213,887 6213,202639 144408,231198 144408,29492 144408,19621 6184,4584 6184,6213 6184,6214 6184,4584 6151,6213 6151,887 6151
263553,12638 263553,6910 263553,6898 12631,12631 6910,12638 6910,263553 6910,444191 6910,6898 6910,12631 12638,124224 6898,12631 6898,12638 6898,6898 124224,17363 444191,3229 444191,144408 3229,29492 3229,30817 3229,6184 3229
1129027,35 1129027,85352 1129027,210871 35,210872 35,82920 35,210872 210871,273152 210871,35 210871,35061 210871,44514 210871,35 85352,210871 273152,210872 273152,35 273152,82920 273152
299197,4330 299197,6213 299197,85299 299197,85324 299197,887 299197,4584 6213,6151 6213,887 6213,12638 4330,6913 4330,4584 6151,6213 6151,887 6151,210872 210871,273152 210871,35 210871,35061 210871,44514 210871,210871 35,210872 35,82920 35,210871 198653,35 198653,198653 887,210871 887,35 887,12631 12638,6898 12631,210871 273152,210872 273152,35 273152,82920 273152
545647,11335 582511,545647 582511,5959 582511,11335 545647,582511 545647,5959 545647,37483 5959,64519 37483,887 64519
72908,2440 72908,37483 2440,64519 37483,887 64519
6913,646286 6913,646289 6913,126927 646286,16819 646286,642681 646286,642894 646286,643221 646286,16819 643221,643239 643221,643485 643221,642847 642681,643221 642894,642621 16819,643221 16819,643239 16819,103543 126927,126920 126927,643221 126927,643239 126927,645897 126927,642894 643485,643221 643485,644577 643485,38537 642847,126927 126920,126909 103543,126912 103543,126920 103543,126926 103543,126927 103543
627024,278394 627024,278403 627024,35797 627024,1786 35797,36140 35797,4330 35797,6784 35797,22563 1786,27895 1786,46547 1786,12638 4330,6913 4330,22563 36140,23738 22563,36140 22563,8224 22563
137873,16008 3191,3192 3191,39890 3191,5086 3191,51049 39890,3187 5086,3191 5086,3192 5086,5086 3187,15987 3192,16008 3192,3191 3192,1997 7032,25772 1997,3233 1997,116528 25772,77758 25772,1997 3233,3236 3233,3240 3233,49811 3233,3191 137873,4330 137873,7032 137873,12638 4330,6913 4330,12631 12638,6898 12631
1104258,131042 40125,141596 40125,24974 40125,34315 40125,24966 131042,24974 131042,910 131042,145176 40124,19697 40124,23116 40124,24966 40124,24966 145176,24966 23116,253762 23116,27627 23116,65212 23116,24966 19697,24974 1104258,40124 1104258,40125 1104258
1119178,14531 56167,17798 56167,53942 56167,10169 17798,10177 10169,15429 10169,158614 10169,56167 1119178
100197,3229 100197,144408 3229,29492 3229,30817 3229,6184 3229,202639 144408,231198 144408,29492 144408,19621 6184,4584 6184,6213 6184,6214 6184,24966 202639,25702 202639,69198 231198,853114 19621,853115 19621,853116 19621,4584 6213,6151 6213,887 6213
116084,6639 178209,22431 6639,3218 6639,8224 6639,75121 22431,8224 22431,85688 8224,267003 75121,85688 75121,178209 116084,39127 116084,6639 116084
1113541,12359 242637,202639 242637,910 242637,242637 1113541,24966 202639,25702 202639,16476 12359,8617 12359,2696 5869,910 5869,910 5462,25702 910,5462 910,5869 910,77758 910,906 910
41714,35 41714,44455 41714,210871 35,210872 35,82920 35,41714 44455,210872 210871,273152 210871,35 210871,35061 210871,44514 210871,210871 273152,210872 273152,35 273152,82920 273152
1112099,12182 12165,12195 12165,12211 12165,12238 12165,12210 12182,28649 12182,4804 12182,12182 12211,6125 12211,12350 12195,51180 12195,67415 12195,10177 12210,12350 12210,4804 12210,10177 4804,12210 4804,12350 4804,9515 4804,12195 51180,38722 51180,67415 51180,15429 12350,51180 12350,101261 101263,12238 101263,101263 1112099,12165 1112099,12195 1112099,12238 1112099,12195 38722,67415 38722,10177 67415,12210 67415,12350 67415,15429 10177
1102400,1237 1102400,1246 1102400,152226 1102400,152227 152226,5959 152226,37483 5959,64519 37483,12350 152227,15429 12350,51180 12350
1130586,815073 205196,815096 205196,205196 1130586,205196 815096,574264 815096
1119078,4274 1119078,51866 1119078,8703 1119078,51879 51866,8703 51866,10435 8703,10798 8703,4649 8703,85688 8703,22563 10435,22564 10435,22566 10435,23738 22563,36140 22563,8224 22563,1272 85688,13686 1272,4584 1272
63832,12576 28290,35 28290,35 12576,6213 12576,83725 12576,887 12576,210871 35,210872 35,82920 35,4584 6213,6151 6213,887 6213,210872 210871,273152 210871,35 210871,35061 210871,44514 210871,12576 56112,83725 56112,12576 83725,56112 83725,6741 83725,4584 6151,6213 6151,887 6151,210871 198653,35 198653,198653 887,210871 887,35 887,12576 63832,28290 63832,56112 63832,56115 63832,56119 63832,12576 56119,35 56119,56112 56119,56115 56119,83725 56119,56112 56115,83725 56115
1121254,33231 1121254,4335 1121254,6818 1121254,29723 6818,300806 6818,52515 300806,300806 29723,35905 29723,3229 52515,91038 52515,29723 35905,910 35905
126912,103537 126912,103543 126912,126909 103543,126912 103543,126920 103543,126926 103543,126927 103543,18777 103537,28957 103537,126927 126920,103543 126927,126920 126927,643221 126927,643239 126927,645897 126927,126926 126909,16819 643221,643239 643221,643485 643221
6385
28473,6378 28473,6385 28473,10183 6378,6214 6378,6385 6378,10798 10183,4584 6151,6213 6151,887 6151,4584 6213,6151 6213,887 6213,117 6214,4584 6214,6151 6214,6213 6214
642641
1136310
285687
1128267,117 28202,25791 28202,6163 28202,6213 28202,124064 6163,6213 6163,6220 6163,6224 6163,4584 6213,6151 6213,887 6213,114 124064,28542 124064,4584 124064,6213 124064,6214 124064,4584 6151,6213 6151,887 6151,210872 210871,273152 210871,35 210871,35061 210871,44514 210871,210871 35,210872 35,82920 35,210871 198653,35 198653,198653 887,210871 887,35 887,28202 1128267,6213 1128267
6910,124224 6898,12631 6898,12638 6898,6898 124224,6898 12631,12631 12638,17363 444191,3229 444191,144408 3229,29492 3229,30817 3229,6184 3229,202639 144408,231198 144408,29492 144408,19621 6184,4584 6184,6213 6184,6214 6184,12638 263553,6910 263553,12631 6910,12638 6910,263553 6910,444191 6910,6898 6910
82098,3229 82098,35 82098,144408 3229,29492 3229,30817 3229,6184 3229,210871 35,210872 35,82920 35,202639 144408,231198 144408,29492 144408,19621 6184,4584 6184,6213 6184,6214 6184,210872 210871,273152 210871,35 210871,35061 210871,44514 210871,24966 202639,25702 202639,69198 231198,853114 19621,853115 19621,853116 19621,4584 6213,6151 6213,887 6213,210871 273152,210872 273152,35 273152,82920 273152
1152508,35 1152508,210871 35,210872 35,82920 35,210872 210871,273152 210871,35 210871,35061 210871,44514 210871,210871 273152,210872 273152,35 273152,82920 273152
1105531,16008 1105531,28957 1105531,33231 1105531,6818 1105531,29723 6818,300806 6818,52515 300806,300806 29723,35905 29723,3229 52515,91038 52515,29723 35905,910 35905
1113614,134128 1113614,6213 1113614,887 1113614,4584 6213,6151 6213,887 6213,218410 134128,6163 134128,6213 134128,6220 134128,887 134128,4584 6151,6213 6151,887 6151,210872 210871,273152 210871,35 210871,35061 210871,44514 210871,210871 35,210872 35,82920 35,210871 198653,35 198653,198653 887,210871 887,35 887,6213 218410,124064 6163,6213 6163,6220 6163,6224 6163,210871 273152,210872 273152,35 273152,82920 273152,114 6220,124064 6220,28350 6220,28412 6220,6213 6220,114 28350,6213 28350,114 124064,28542 124064,4584 124064,6213 124064,6214 124064
49660,10169 49660,3231 49660,39127 49660,40151 49660,10169 3231,17798 3231,39127 3231,39131 3231,6334 3231,10177 10169,15429 10169,158614 10169,2354 40151,137790 2354,74749 2354,10169 6334,3231 6334,39131 6334,6767 6334,10169 158614,15429 10177,10169 17798,10169 39131,17798 39131,39130 39131,3240 39130,97377 39130,10177 15429
69418,32688 69418,4330 69418,4330 32688,12638 4330,6913 4330,12631 12638,6898 12631
27632,27623 27632,27627 27632
399339,6184 399339,6213 399339,6214 399339,4584 6213,6151 6213,887 6213,19621 6184,4584 6184,6213 6184,6214 6184,4584 6151,6213 6151,887 6151,853114 19621,853115 19621,853116 19621,117 6214,4584 6214,6151 6214,6213 6214,210872 210871,273152 210871,35 210871,35061 210871,44514 210871,210871 35,210872 35,82920 35,210871 198653,35 198653,198653 887,210871 887,35 887,853115 853114
354004,5086 354004,3187 5086,3191 5086,3192 5086,16008 3191,3192 3191,39890 3191,5086 3191,5086 3187,51049 39890,15987 3192,16008 3192,3191 3192
1131330
1128453,289780 1128453,289781 1128453,35 1128453,87417 1128453,35 289781,87417 289781,210871 35,210872 35,82920 35,289779 289780,289781 289780,35 289780,87417 289780,210872 210871,273152 210871,35 210871,35061 210871,44514 210871,35 289779,87417 289779,210871 273152,210872 273152,35 273152,82920 273152
2665,237489 2665,237521 2665,8581 2665,1365 237521,135464 237489,2665 237489
69296,178718 69296,206371 69296,35 69296,69284 69296,210871 35,210872 35,82920 35,35 206371,69284 206371,69296 206371,1688 69284,35 69284,46079 69284,56115 69284,58758 69284,35 1688,58758 1688,56112 56115,83725 56115,210872 210871,273152 210871,35 210871,35061 210871,44514 210871,576973 58758,58758 576973,12576 56112,83725 56112,35 46079,210871 273152,210872 273152,35 273152,82920 273152
688824
100961,35797 100961,6784 100961,1786 35797,36140 35797,4330 35797,6784 35797,22563 1786,27895 1786,46547 1786,12638 4330,6913 4330,22563 36140,23738 22563,36140 22563,8224 22563
593921,54132 593921,579008 593921,593104 593921,35 579008,54132 579008,575077 579008,210871 35,210872 35,82920 35,210872 210871,273152 210871,35 210871,35061 210871,44514 210871,210871 575077,35 575077
578649,35 54129,210871 35,210872 35,82920 35,210872 210871,273152 210871,35 210871,35061 210871,44514 210871,108047 578646,54129 578646,578898 578646,108047 578898,254923 108047,28336 108047,38205 108047,54129 108047,108047 28336,117315 28336,54129 28336,1272 254923,35 254923,415693 254923,210871 38205,35 38205,887 38205,108047 578649,116545 578649,54129 578649,578646 578649,578650 578649,117316 117315,54129 117315,13686 1272,4584 1272,287787 415693,35 415693,84021 415693
13982,34979 13982,13982 34979
6378,10183 6378,6214 6378,6385 6378,10798 10183,4584 6151,6213 6151,887 6151,4584 6213,6151 6213,887 6213,117 6214,4584 6214,6151 6214,6213 6214
14549,14545 14549,31479 14549,7047 14549,51934 14545
753264,753047 753264,753070 753264,753070 753047,753264 753047,753265 753047,175548 753070,753047 753070,4330 753265,753047 753265,12638 4330,6913 4330
416964
1130808,230879 2658,2665 2658,696345 2658,237489 2665,237521 2665,8581 2665,1365 237521,135464 237489,2665 237489,205192 578337,230879 578337,2665 578337,99030 578337,230879 696345,2658 696345,2665 696345,578337 696345,230879 1130808,2658 1130808,2665 1130808
273949,133553 105856,133563 105856,16485 105856,175548 105856,48550 133563,48555 133563,5194 133563,141160 133553,289945 48550,3229 48550,48555 48550,910 48550,16474 16471,12337 16474,16437 16474,16471 16474,16476 16474,105856 273949,16471 273949,687401 273949
28491
1108167,124734 25805,166989 25805,20601 25805,4804 25805,12350 20601,20602 20601,10177 124734,20601 124734,27606 124734,59626 124734,10177 4804,12210 4804,12350 4804,9515 4804,15429 12350,51180 12350,15429 10177,10177 12210,12350 12210,4804 12210,12350 20602,20601 20602,12195 51180,38722 51180,67415 51180,10177 27606,124734 1108167,1272 1108167,20601 1108167,20602 1108167,25805 1108167,13686 1272,4584 1272,22563 13686,27535 13686,40135 13686,6184 13686,23738 22563,36140 22563,8224 22563,51866 27535,8703 27535,19621 6184,4584 6184,6213 6184,6214 6184
152483,1688 152483,85352 152483,35 1688,58758 1688,210871 35,210872 35,82920 35,35 85352,576973 58758,58758 576973,210872 210871,273152 210871,35 210871,35061 210871,44514 210871
155158
642894,643221 642894,16819 643221,643239 643221,643485 643221,642894 643485,643221 643485,644577 643485,642621 16819,643221 16819,643239 16819,642894 643239,643221 643239
1105394,114 1105394,64484 1105394,114 64484
72805
118559,3229 118559,144408 3229,29492 3229,30817 3229,6184 3229,202639 144408,231198 144408,29492 144408,19621 6184,4584 6184,6213 6184,6214 6184,24966 202639,25702 202639,69198 231198,853114 19621,853115 19621,853116 19621,4584 6213,6151 6213,887 6213
1152564,15889 1152564,3112 1152564,3085 15889,77826 3112,77829 3112,20193 3085,566653 3085,566664 3085,3112 77829,3112 77826,5600 77826
431206,124224 6898,12631 6898,12638 6898,6898 124224,6898 12631,12631 12638,431206 662572,78994 662572,662572 431206,6898 431206,6910 431206,6913 431206,12631 78994,6898 78994,646286 6913,646289 6913,126927 646286,16819 646286,642681 646286,642894 646286,643221 646286,16819 643221,643239 643221,643485 643221,642847 642681,643221 642894,642621 16819,643221 16819,643239 16819,103543 126927,126920 126927,643221 126927,643239 126927,645897 126927,17363 444191,3229 444191,144408 3229,29492 3229,30817 3229,6184 3229,12638 263553,6910 263553,12631 6910,12638 6910,263553 6910,444191 6910,6898 6910
47684,424 47684,47682 47684,68115 47684,197452 424,77758 424,24966 197452,36162 197452
1110438,116528 1110438,2654 1110438,4330 1110438,7032 1110438,12638 4330,6913 4330,1997 7032,25772 1997,3233 1997,116528 25772,77758 25772,1997 3233,3236 3233,3240 3233,49811 3233,12631 12638,6898 12631
1120138,33818 78557,33823 78557,78552 78557,78555 78557,33823 33818,78552 33818,78555 33818,78557 33818,9586 33818,33818 78552,33823 78552,78511 9586,78552 9586,78557 9586,141342 78511,35 78511,78552 78511,78557 78511,33818 1120138,78508 1120138,78555 1120138,78557 1120138,9586 1120138,35 141342,210871 35,210872 35,82920 35
46536,10798 10796,6213 10796,887 10796,10796 46536,4584 6213,6151 6213,887 6213,4584 6151,6213 6151,887 6151,210872 210871,273152 210871,35 210871,35061 210871,44514 210871,210871 35,210872 35,82920 35,210871 198653,35 198653,198653 887,210871 887,35 887
1118658,57922 1118658,57948 1118658,6925 1118658,57948 57922,6925 57922,12210 57948,15429 57948,42221 57948,57922 57948,6925 57948,10177 12210,12350 12210,4804 12210,57932 6925,6767 6925,22563 6767,3218 6767,23738 22563,36140 22563,8224 22563,10177 15429,15429 10177,15429 12350,51180 12350,10177 4804,12210 4804,12350 4804,9515 4804
126926
592986,38205 592986,57119 592986,592973 592986,592975 592986,248425 592975,38205 592975,57119 592975,592973 592975,592986 592975,210871 38205,35 38205,887 38205,35 248425,579008 248425,35 592973,210871 35,210872 35,82920 35,210872 210871,273152 210871,35 210871,35061 210871,44514 210871,210871 273152,210872 273152,35 273152,82920 273152,210871 198653,35 198653,198653 887,210871 887,35 887
358884,13212 358884
1120786,151708 1120786,4330 151708,12638 4330,6913 4330
350362,2653 350362,3243 350362,45188 350362,45189 45188,89547 45188,45188 45189,4804 45189,89547 45189,10177 4804,12210 4804,12350 4804,9515 4804
1128868,194609 1128868,3229 1128868,144408 3229,29492 3229,30817 3229,6184 3229,202639 144408,231198 144408,29492 144408,19621 6184,4584 6184,6213 6184,6214 6184,24966 202639,25702 202639,69198 231198,853114 19621,853115 19621,853116 19621,4584 6213,6151 6213,887 6213
288107
1129570,57119 1129570,8865 1129570,8875 1129570,35 8865,210871 35,210872 35,82920 35,12576 8875,6209 8875,8865 8875,8872 8875,8874 8875,35 12576,6213 12576,83725 12576,887 12576,210872 210871,273152 210871,35 210871,35061 210871,44514 210871,4584 6213,6151 6213,887 6213
18770
232606
734406
58758,576973 58758,58758 576973
66794,108974 66794,18777 66794,28957 66794,466170 66794
1129243,114 28350,6213 28350,4584 6213,6151 6213,887 6213,4584 6151,6213 6151,887 6151,210872 210871,273152 210871,35 210871,35061 210871,44514 210871,210871 35,210872 35,82920 35,210871 198653,35 198653,198653 887,210871 887,35 887,28350 1129243,6213 1129243,6385 1129243
1132285,12195 1132285,12350 12195,51180 12195,67415 12195,12195 51180,38722 51180,67415 51180,15429 12350,51180 12350,12195 38722,67415 38722,10177 67415,12210 67415,12350 67415,10177 12210,12350 12210,4804 12210,15429 10177
1105360
13213
1110563,139865 1110563,179180 1110563,22835 1110563,1365 139865,179180 139865
427606,35 427606,210871 35,210872 35,82920 35,210872 210871,273152 210871,35 210871,35061 210871,44514 210871,210871 273152,210872 273152,35 273152,82920 273152
634975,110041 287787,35 287787,210871 35,210872 35,82920 35,210872 210871,273152 210871,35 210871,35061 210871,44514 210871,287787 634902,35 634902,287787 634904,35 634904,287787 634975,35 634975,634902 634975,634904 634975,210871 273152,210872 273152,35 273152,82920 273152
644363
1131345,123556 141160,50354 123556,141160 1131345
1131150,145134 641976,24966 641976,3229 641976,24966 145134,144408 3229,29492 3229,30817 3229,6184 3229,202639 144408,231198 144408,29492 144408,19621 6184,4584 6184,6213 6184,6214 6184,25772 641956,370366 641956,116528 25772,77758 25772,641956 1131150,641976 1131150,74821 1131150
1152150,6898 12631,124224 6898,12631 6898,12638 6898,6898 124224,633081 31489,17363 444191,3229 444191,144408 3229,29492 3229,30817 3229,6184 3229,12638 263553,6910 263553,12631 6910,12638 6910,263553 6910,444191 6910,6898 6910,12631 12638,12631 1152150,31489 1152150,6910 1152150
1033,240791 45605,32083 45605,35061 45605,19621 240791,35061 240791,45605 240791,35 141342,210871 35,210872 35,82920 35,141342 35061,32083 35061,35 35061,853114 19621,853115 19621,853116 19621,35 41714,44455 41714,41714 44455,210872 210871,273152 210871,35 210871,35061 210871,44514 210871,35 1033,41714 1033,45605 1033,210871 273152,210872 273152,35 273152,82920 273152
594025,96847 594025,227178 96847,6163 96847,6216 96847,96851 96847,44455 227178,124064 6163,6213 6163,6220 6163,6224 6163,4584 6213,6151 6213,887 6213,114 124064,28542 124064,4584 124064,6213 124064,6214 124064
1119295,1481 1119295,2440 1119295,6318 1119295,37483 2440,64519 37483,887 64519
1817,1956 1817,1955 1956,35 1956,3828 1956,936 1956,210871 35,210872 35,82920 35,936 3828,940 3828,941 3828,943 3828,210872 210871,273152 210871,35 210871,35061 210871,44514 210871,941 940
1111788,20584 1111788,46887 1111788,8224 1111788,85688 8224,1272 85688,13686 1272,4584 1272
1153287,145384 1153287,28504 1153287,7430 1153287,95594 1153287,145384 7430,28504 7430,365294 7430,95594 7430,28504 365294
39890,51049 39890
1133004,135464 1133004,2696 1133004,5348 2696,2696 5348
593105,22229 593105,35 593105,592993 593105,94639 593105,210871 35,210872 35,82920 35,144701 22229,35061 22229,210872 210871,273152 210871,35 210871,35061 210871,44514 210871,22229 144701,35061 144701,210871 273152,210872 273152,35 273152,82920 273152,35 141342,141342 35061,32083 35061,35 35061
4330,12638 4330,6913 4330,12631 12638,6898 12631,646286 6913,646289 6913,126927 646286,16819 646286,642681 646286,642894 646286,643221 646286,16819 643221,643239 643221,643485 643221,642847 642681,643221 642894,642621 16819,643221 16819,643239 16819,103543 126927,126920 126927,643221 126927,643239 126927,645897 126927
267824
3097,1959 3097,82664 3097,82666 3097
101261
192870,34257 192870,74427 34257,340299 74427,1365 340299,42156 340299
67292,910 67292,2696 5869,910 5869,910 5462,25702 910,5462 910,5869 910,77758 910,906 910,5348 2696,15076 25702,24043 15076,32276 15076
1113551,198653 1113551,41417 1113551,210871 198653,35 198653,10435 41417,22563 10435,22564 10435,22566 10435,210872 210871,273152 210871,35 210871,35061 210871,44514 210871,210871 35,210872 35,82920 35,23738 22563,36140 22563,8224 22563,210871 273152,210872 273152,35 273152,82920 273152
294145
1113926,250566 1113926,3231 1113926,10169 3231,17798 3231,39127 3231,39131 3231,6334 3231,10169 6334,3231 6334,39131 6334,6767 6334,10177 10169,15429 10169,158614 10169,10169 17798,10169 39131,17798 39131,39130 39131,3240 39130,97377 39130,10169 158614,15429 10177
1119751,107177 1119751,166420 1119751,2653 1119751,5055 1119751,2653 107177
39127
1133338,1688 1133338,35 1133338,35 1688,58758 1688,210871 35,210872 35,82920 35,210872 210871,273152 210871,35 210871,35061 210871,44514 210871,576973 58758,58758 576973,210871 273152,210872 273152,35 273152,82920 273152
103543,126927 126920,103543 126927,126920 126927,643221 126927,643239 126927,645897 126927,16819 643221,643239 643221,643485 643221,126909 103543,126912 103543,126920 103543,126926 103543,126927 103543,103537 126912,103543 126912,18777 103537,28957 103537,126926 126909,642894 643239,643221 643239,643221 642894,642894 643485,643221 643485,644577 643485,642621 16819,643221 16819,643239 16819,440815 645571,126920 645897,126927 645897,643221 645897,644577 645897,645571 645897
593201
1131312,642894 643239,643221 643239,16819 643221,643239 643221,643485 643221,643221 642894,642894 643485,643221 643485,644577 643485,642621 16819,643221 16819,643239 16819,16819 1131312,642894 1131312,643221 1131312,643239 1131312
23448,123825 23448,1365 23448,19621 23448,853114 19621,853115 19621,853116 19621,19621 123825,649731 123825,853115 853114,19621 853116,853114 853116,853115 853116
328370,3231 328370,4330 328370,12638 4330,6913 4330,10169 3231,17798 3231,39127 3231,39131 3231,6334 3231,10169 6334,3231 6334,39131 6334,6767 6334,10177 10169,15429 10169,158614 10169,12631 12638,6898 12631,10169 17798,10169 39131,17798 39131,39130 39131,3240 39130,97377 39130,10169 158614,15429 10177
69284,35 1688,58758 1688,210871 35,210872 35,82920 35,576973 58758,58758 576973,210872 210871,273152 210871,35 210871,35061 210871,44514 210871,1688 69284,35 69284,46079 69284,56115 69284,58758 69284,56112 56115,83725 56115,12576 56112,83725 56112,35 46079,210871 273152,210872 273152,35 273152,82920 273152,12576 83725,56112 83725,6741 83725,35 12576,6213 12576,83725 12576,887 12576
45052
74921,74937 74921
1128536,3231 1128536,3232 1128536,10169 3231,17798 3231,39127 3231,39131 3231,6334 3231,10169 6334,3231 6334,39131 6334,6767 6334,10177 10169,15429 10169,158614 10169,10169 17798,10169 39131,17798 39131,39130 39131,3240 39130,97377 39130,10169 158614,15429 10177
503883,287787 503883,35 503883,110041 287787,35 287787,210871 35,210872 35,82920 35,210872 210871,273152 210871,35 210871,35061 210871,44514 210871,210871 273152,210872 273152,35 273152,82920 273152
521269,1481 521269,521207 521269,1481 521207,20924 521207,5062 521207,521183 521207,55770 521207,20923 20924,289885 20924,294030 20924,20193 5062,3085 5062,20193 3085,566653 3085,566664 3085,20923 294030,20924 294030,31479 294030,39890 294030,77758 294030,20923 289885,20924 289885,31479 289885,77758 289885
648112,648106 648112,648112 648106,648121 648106
521207,1481 521207,20924 521207,5062 521207,521183 521207,55770 521207,20923 20924,289885 20924,294030 20924,20193 5062,3085 5062,20193 3085,566653 3085,566664 3085,20923 294030,20924 294030,31479 294030,39890 294030,77758 294030,20923 289885,20924 289885,31479 289885,77758 289885,51049 39890
1131557,286513 1131557,35 1131557,210871 35,210872 35,82920 35,210872 210871,273152 210871,35 210871,35061 210871,44514 210871,210871 273152,210872 273152,35 273152,82920 273152
219239,12210 12182,28649 12182,4804 12182,10177 12210,12350 12210,4804 12210,10177 4804,12210 4804,12350 4804,9515 4804,15429 12350,51180 12350,15429 10177,12350 20601,20602 20601,12350 20602,20601 20602,1246 42207,20601 42207,20602 42207,95225 42207,10177 12198,12350 12198,27612 12198,12198 95225,20601 95225,20602 95225,10177 15429,155736 155738,28649 155738,12182 155736,155738 155736,28649 155736,12182 157761,155738 157761,219239 157761,4804 157761,12182 219239,15429 219239,157761 219239,42207 219239
33303,3084 255233,5600 255233,143323 3084,198653 3084,936 3084,54550 5600,10183 54550,210871 198653,35 198653,10798 10183,255233 33303,3084 33303,33301 33303,5600 33303,210872 210871,273152 210871,35 210871,35061 210871,44514 210871,210871 35,210872 35,82920 35
644448,643221 644448,16819 643221,643239 643221,643485 643221,642894 643485,643221 643485,644577 643485,642621 16819,643221 16819,643239 16819,642894 643239,643221 643239,643221 642894
1135345,162080 1135345,162075 162080,738941 162080,162080 162075
135766,4649 135766
643069,14090 643069,16819 643069,16843 643069,642621 16819,643221 16819,643239 16819,126793 16843,16819 126793,16819 643221,643239 643221,643485 643221,642894 643239,643221 643239,643221 642894,642894 643485,643221 643485,644577 643485
259701,35 259701,210871 35,210872 35,82920 35,210872 210871,273152 210871,35 210871,35061 210871,44514 210871,210871 273152,210872 273152,35 273152,82920 273152
160732
218682,10430 3095,1951 3095,10183 10430,10798 10183,1956 83449,3085 83449,3095 83449,1955 1956,35 1956,3828 1956,936 1956,20193 3085,566653 3085,566664 3085,210871 35,210872 35,82920 35,936 3828,940 3828,941 3828,943 3828,3095 218682,83449 218682
594039
395540,230879 2658,2665 2658,696345 2658,237489 2665,237521 2665,8581 2665,1365 237521,135464 237489,2665 237489,205192 578337,230879 578337,2665 578337,99030 578337,230879 696345,2658 696345,2665 696345,578337 696345,2658 395540,2665 395540
353541,28389 353541,6213 353541,8703 353541,4584 6213,6151 6213,887 6213,4584 6151,6213 6151,887 6151,10435 8703,10798 8703,4649 8703,85688 8703,22563 10435,22564 10435,22566 10435,210872 210871,273152 210871,35 210871,35061 210871,44514 210871,210871 35,210872 35,82920 35,210871 198653,35 198653,198653 887,210871 887,35 887,23738 22563,36140 22563,8224 22563,1272 85688,13686 1272,4584 1272
1108570
1112319,217115 1112319,65653 1112319,89547 1112319,1272 65653,3217 65653,3235 65653,6771 65653,8224 65653,15429 217115,59626 217115,85688 8224,1999 6771,22563 6771,24974 6771,32083 6771,89547 6771,13686 1272,4584 1272,15429 89547,10177 15429,15429 10177,23738 22563,36140 22563,8224 22563,22563 13686,27535 13686,40135 13686,6184 13686
1130069
4584
1138043,66751 1138043,77108 1138043
43186
1152277,10796 30895,1272 30895,3243 30895,59798 30895,8224 30895,85688 8224,10798 10796,6213 10796,887 10796,13686 1272,4584 1272,4584 6213,6151 6213,887 6213,22563 13686,27535 13686,40135 13686,6184 13686,3229 25181,59798 25181,144408 3229,29492 3229,30817 3229,6184 3229,202639 144408,231198 144408,29492 144408,19621 6184,4584 6184,6213 6184,6214 6184,24966 202639,25702 202639,69198 231198,853114 19621,853115 19621,853116 19621,25181 1152277,30895 1152277,3229 1152277,59798 1152277
35070,11335 35070,3218 35070
1116530
65653,1272 65653,3217 65653,3235 65653,6771 65653,8224 65653,85688 8224,1999 6771,22563 6771,24974 6771,32083 6771,89547 6771,13686 1272,4584 1272,23738 22563,36140 22563,8224 22563,22563 13686,27535 13686,40135 13686,6184 13686,1272 85688,27895 23738,8224 23738,51866 27535,8703 27535,19621 6184,4584 6184,6213 6184,6214 6184
1116347,1365 1116347,28249 1116347,4584 1116347,6213 1116347,6216 1116347,4584 6213,6151 6213,887 6213,4584 6151,6213 6151,887 6151,210872 210871,273152 210871,35 210871,35061 210871,44514 210871,210871 35,210872 35,82920 35,210871 198653,35 198653,198653 887,210871 887,35 887
131122
1119180
16819,642894 643239,643221 643239,16819 643221,643239 643221,643485 643221,643221 642894,642894 643485,643221 643485,644577 643485,642621 16819,643221 16819,643239 16819
45533
243274,416964 127940,430329 127940,127940 243274,16437 430329
1137466,35 1137466,210871 35,210872 35,82920 35,210872 210871,273152 210871,35 210871,35061 210871,44514 210871,210871 273152,210872 273152,35 273152,82920 273152
28640,12182 28640,12210 12182,28649 12182,4804 12182,10177 12210,12350 12210,4804 12210,10177 4804,12210 4804,12350 4804,9515 4804,15429 12350,51180 12350,15429 10177
105899,27623 105899,27627 105899,28254 105899,4329 105899,4330 4329,27623 28254,27627 28254,27631 28254,27632 28254,4329 28254,12638 4330,6913 4330,28412 27631,3229 27631,6184 27631,6214 27631,70520 27631,144408 3229,29492 3229,30817 3229,6184 3229,19621 6184,4584 6184,6213 6184,6214 6184
1106966,13972 20534,6163 20534,6213 20534,124064 6163,6213 6163,6220 6163,6224 6163,4584 6213,6151 6213,887 6213,114 124064,28542 124064,4584 124064,6213 124064,6214 124064,4584 6151,6213 6151,887 6151,114 6220,124064 6220,28350 6220,28412 6220,6213 6220,114 28350,6213 28350,6213 6215,6214 6215,887 6215,124064 6224,6213 6224,6214 6224,6215 6224,6220 6224,210872 210871,273152 210871,35 210871,35061 210871,44514 210871,210871 35,210872 35,82920 35,210871 198653,35 198653,198653 887,210871 887,35 887,20534 1106966,6163 1106966,6213 1106966
626574,626530 626574,626531 626574
755082,4335 755082
1122642,34257 90655,34263 90655,34266 90655,34257 34266,45533 34266,74427 34266,87482 34266,74427 34257,213246 34263,34257 34263,34266 34263,90655 34263,34257 87482,34263 87482,45533 87482,74427 87482,340299 74427,1365 340299,42156 340299,213246 1122642,34257 1122642,34263 1122642,34266 1122642,90655 1122642
1118302,1956 1118302,263482 1118302,1955 1956,35 1956,3828 1956,936 1956,210871 35,210872 35,82920 35,936 3828,940 3828,941 3828,943 3828,210872 210871,273152 210871,35 210871,35061 210871,44514 210871,941 940
101662,101811 101662,23738 101662,12350 101811,23738 101811,27895 23738,8224 23738,15429 12350,51180 12350,85688 8224,12195 51180,38722 51180,67415 51180
1113828,248395 1113828,58552 1113828,58552 248395,248395 58552,910 58552,2696 5869,910 5869,910 5462,25702 910,5462 910,5869 910,77758 910,906 910
23545,27230 23545,2440 23546,13686 1272,4584 1272,37483 2440,1272 27230,23546 27230,2440 27230,22563 13686,27535 13686,40135 13686,6184 13686,64519 37483
531351,162664 531351,18770 531351,531348 531351,162664 531348,18770 531348,531351 531348,3191 162664,39890 162664,16008 3191,3192 3191,39890 3191,5086 3191,51049 39890
35,210871 35,210872 35,82920 35,210872 210871,273152 210871,35 210871,35061 210871,44514 210871,210871 273152,210872 273152,35 273152,82920 273152,35 141342,141342 35061,32083 35061,35 35061
616336
12155,20602 12155,12350 20602,20601 20602,12350 20601,20602 20601,15429 12350,51180 12350,12195 51180,38722 51180,67415 51180
97892,10798 97892,1272 97892,6214 97892,85688 97892,13686 1272,4584 1272,1272 85688,22563 13686,27535 13686,40135 13686,6184 13686,4584 6151,6213 6151,887 6151,4584 6213,6151 6213,887 6213,117 6214,4584 6214,6151 6214,6213 6214,23738 22563,36140 22563,8224 22563,51866 27535,8703 27535,19621 6184,4584 6184,6213 6184,6214 6184
14430
6209
1128853
646836,14062 646836,503883 646836,287787 503883,35 503883,110041 287787,35 287787,210871 35,210872 35,82920 35,210872 210871,273152 210871,35 210871,35061 210871,44514 210871
168332
70442,20534 70442,70444 70442,13972 20534,6163 20534,6213 20534,124064 6163,6213 6163,6220 6163,6224 6163,4584 6213,6151 6213,887 6213,114 124064,28542 124064,4584 124064,6213 124064,6214 124064,4584 6151,6213 6151,887 6151
941
28385
631052,853114 19621,853115 19621,853116 19621,853115 853114,19621 853116,853114 853116,853115 853116,237489 2665,237521 2665,8581 2665,1365 237521,135464 237489,2665 237489,19621 631052,2665 631052,30817 631052,49482 631052,631015 631052,144408 3229,29492 3229,30817 3229,6184 3229,1365 49482,19621 49482,3229 49482,202639 144408,231198 144408,29492 144408,19621 6184,4584 6184,6213 6184,6214 6184
151708,4330 151708,12638 4330,6913 4330,12631 12638,6898 12631
447224,134199 447224,134219 447224,164885 447224,134199 164885,447224 164885
5194
63549,24966 63549,270456 63549
116552,141342 40,35 141342,210871 35,210872 35,82920 35,210872 210871,273152 210871,35 210871,35061 210871,44514 210871,210871 273152,210872 273152,35 273152,82920 273152,35 116552,40 116552
136665,114 136665
1999
1153899,108047 1153899,578646 1153899,594511 1153899,108047 578646,54129 578646,578898 578646,254923 108047,28336 108047,38205 108047,54129 108047,108047 578898,108047 28336,117315 28336,54129 28336,1272 254923,35 254923,415693 254923,210871 38205,35 38205,887 38205,35 54129,210871 35,210872 35,82920 35,117316 117315,54129 117315,13686 1272,4584 1272,287787 415693,35 415693,84021 415693,210872 210871,273152 210871,35 210871,35061 210871,44514 210871
1131754
189856,189566 189856,36802 189856
248119,27199 248119,42221 248119,93273 248119,12194 27199,42209 27199,42221 27199,42221 42209
8213,114 8213,28487 8213,6209 8213
39199,11093 39199,32276 39199,52515 39199,4330 11093,3229 52515,91038 52515,12638 4330,6913 4330,144408 3229,29492 3229,30817 3229,6184 3229,202639 144408,231198 144408,29492 144408,19621 6184,4584 6184,6213 6184,6214 6184
1122425,117 17476,13269 17476,6385 17476,887 17476,50336 13269,50337 13269,35922 50337,50336 50337,6818 50337,35922 50336,6818 50336,210872 210871,273152 210871,35 210871,35061 210871,44514 210871,210871 35,210872 35,82920 35,210871 198653,35 198653,198653 887,210871 887,35 887,4584 6213,6151 6213,887 6213,4584 6151,6213 6151,887 6151,10183 6378,6214 6378,6385 6378,10798 10183,117 6214,4584 6214,6151 6214,6213 6214,17476 1122425,18832 1122425,6213 1122425,6378 1122425
96335,3229 25181,59798 25181,144408 3229,29492 3229,30817 3229,6184 3229,202639 144408,231198 144408,29492 144408,19621 6184,4584 6184,6213 6184,6214 6184,24966 202639,25702 202639,69198 231198,853114 19621,853115 19621,853116 19621,4584 6213,6151 6213,887 6213,25181 96335,27174 96335,3229 96335,3243 96335,59798 96335,25181 27174,3229 27174,59798 27174
168958,258259 168958,35335 168958,59772 35335,35335 59772
6539,15429 12350,51180 12350,12195 51180,38722 51180,67415 51180,12195 38722,67415 38722,12350 12195,51180 12195,67415 12195,10177 15429,15429 10177,12350 157805,1272 157805,13686 1272,4584 1272,22563 13686,27535 13686,40135 13686,6184 13686,1272 85688,12350 6539,157805 6539,85688 6539,9716 6539
60170,35797 60170,6784 60170,1786 35797,36140 35797,4330 35797,6784 35797,22563 1786,27895 1786,46547 1786,12638 4330,6913 4330,22563 36140,23738 22563,36140 22563,8224 22563
630890,233106 630890
19697,24966 19697
50336,29723 6818,300806 6818,52515 300806,300806 29723,35905 29723,3229 52515,91038 52515,29723 35905,910 35905,28957 35922,3229 35922,4335 35922,50336 35922,144408 3229,29492 3229,30817 3229,6184 3229,35922 50336,6818 50336,202639 144408,231198 144408,29492 144408,19621 6184,4584 6184,6213 6184,6214 6184
119761,12638 119761,284023 119761,284025 119761,93555 119761,119761 284025,143801 284025,93555 284025,346292 284023,93555 284023,119761 143801,93555 143801,12631 12638,6898 12631,284023 346292,32083 346292
321004
644361
733534
1133010,300806 1133010,688849 1133010,52515 300806,3229 52515,91038 52515,144408 3229,29492 3229,30817 3229,6184 3229
12558,35 15670,15670 12558,210871 35,210872 35,82920 35,210872 210871,273152 210871,35 210871,35061 210871,44514 210871
342802,5348 2696,2696 5348,2695 2698,2696 2698,2696 2695,2698 2695,342802 2695,5348 2695,2695 342802,2696 342802,2698 342802,5348 342802
248395,58552 248395,248395 58552,910 58552,2696 5869,910 5869,910 5462,25702 910,5462 910,5869 910,77758 910,906 910
531348,162664 531348,18770 531348,531351 531348,3191 162664,39890 162664,162664 531351,18770 531351,531348 531351,16008 3191,3192 3191,39890 3191,5086 3191,51049 39890
593060,38205 593060,57119 593060,210871 38205,35 38205,887 38205,210872 210871,273152 210871,35 210871,35061 210871,44514 210871,210871 35,210872 35,82920 35,210871 273152,210872 273152,35 273152,82920 273152,210871 198653,35 198653,198653 887,210871 887,35 887
575331,35 575331,98693 575331,210871 35,210872 35,82920 35,210872 210871,273152 210871,35 210871,35061 210871,44514 210871,210871 273152,210872 273152,35 273152,82920 273152
28230
47683
1105062
1128982,54131 1128982,593544 1128982,575077 593544,103515 54131,28851 54131,35 54131,66556 54131,35 103515,8865 103515,210871 35,210872 35,82920 35,35 66556,575077 66556,85352 66556,35 28851,210872 210871,273152 210871,35 210871,35061 210871,44514 210871,210871 575077,35 575077
424,197452 424,77758 424,24966 197452,36162 197452
180301
103537,18777 103537,28957 103537
57932
1107558
2663,7047 2663
16476
237489,135464 237489,2665 237489,237489 2665,237521 2665,8581 2665,1365 237521
653628
593155,62329 593155,427606 62329,35 427606,210871 35,210872 35,82920 35
1154068,38537 137868,17363 444191,3229 444191,144408 3229,29492 3229,30817 3229,6184 3229,202639 144408,231198 144408,29492 144408,19621 6184,4584 6184,6213 6184,6214 6184,137868 1154068,444191 1154068,643695 1154068
592973,35 592973,210871 35,210872 35,82920 35,210872 210871,273152 210871,35 210871,35061 210871,44514 210871,210871 273152,210872 273152,35 273152,82920 273152
38845,22386 38845,38846 38845,74975 38845,936 38845,22386 38846,74975 38846
46470
34263,34257 90655,34263 90655,34266 90655,34257 34266,45533 34266,74427 34266,87482 34266,74427 34257,213246 34263,34257 34263,34266 34263,90655 34263,34257 87482,34263 87482,45533 87482,74427 87482,340299 74427,1365 340299,42156 340299
12330,2702 12330
1138619
469504,5348 2696,2696 5348,2665 43639,237489 2665,237521 2665,8581 2665,1365 237521,135464 237489,2665 237489,2696 469504,330208 469504,43639 469504
628459
1114352,1365 1114352,260121 1114352,4330 1114352,906 1114352,12638 4330,6913 4330,12631 12638,6898 12631
561238,35 561238,85352 561238,210871 35,210872 35,82920 35,210872 210871,273152 210871,35 210871,35061 210871,44514 210871,35 85352,210871 273152,210872 273152,35 273152,82920 273152
671293,24966 671293,40151 671293,2354 40151,137790 2354,74749 2354
149669,117 149669,189708 149669,39890 149669,6214 149669,51049 39890,117 189708,4584 6151,6213 6151,887 6151,4584 6213,6151 6213,887 6213,117 6214,4584 6214,6151 6214,6213 6214
1107319,12195 51180,38722 51180,67415 51180,12195 38722,67415 38722,12350 12195,51180 12195,67415 12195,10177 67415,12210 67415,12350 67415,15429 12350,51180 12350,10177 12210,12350 12210,4804 12210,15429 10177,10177 15429,12195 1107319,12350 1107319,51180 1107319
8619
763009,27530 27531,27543 27531,853114 19621,853115 19621,853116 19621,853115 853114,19621 853116,853114 853116,853115 853116,237489 2665,237521 2665,8581 2665,1365 237521,135464 237489,2665 237489,19621 763009,2665 763009,27531 763009
1136446,7272 1136446,756061 1136446,762980 1136446,763009 1136446,763010 1136446,763010 762980,27530 27531,27543 27531,853114 19621,853115 19621,853116 19621,237489 2665,237521 2665,8581 2665,19621 763009,2665 763009,27531 763009,853115 853114,1365 237521,135464 237489,2665 237489,7297 763010,1365 7297,19621 7297,49482 7297,7272 7297
133563,48550 133563,48555 133563,5194 133563,289945 48550,3229 48550,48555 48550,910 48550,144408 3229,29492 3229,30817 3229,6184 3229,2696 5869,910 5869,910 5462,25702 910,5462 910,5869 910,77758 910,906 910,202639 144408,231198 144408,29492 144408,19621 6184,4584 6184,6213 6184,6214 6184
1114526,57932 6925,6767 6925,22563 6767,3218 6767,23738 22563,36140 22563,8224 22563,10177 15429,15429 10177,15429 1114526,57948 1114526,6925 1114526,12210 57948,15429 57948,42221 57948,57922 57948,6925 57948,10177 12210,12350 12210,4804 12210,57948 57922,6925 57922,15429 12350,51180 12350,10177 4804,12210 4804,12350 4804,9515 4804
1130929,45189 45188,89547 45188,45188 1130929,45188 45189,4804 45189,89547 45189,10177 4804,12210 4804,12350 4804,9515 4804
1131421,648112 648106,648121 648106,648106 648112,648106 1131421,648112 1131421
25413,11148 25413,232605 25413,232606 25413,232606 232605,8594 232605
28471,15429 89547,10177 15429,15429 10177,4584 6213,6151 6213,887 6213,4584 6151,6213 6151,887 6151,210872 210871,273152 210871,35 210871,35061 210871,44514 210871,210871 35,210872 35,82920 35,210871 198653,35 198653,198653 887,210871 887,35 887,114 28471,117 28471,6213 28471,89547 28471
215912,194609 215912,194617 215912,10531 194617,31353 194617,31927 194617,31932 194617,31353 10531,194609 31927,31353 31927,563613 31927,194617 31932,215912 31932,31927 31932,3243 31932,10531 31353
646913,35 646809,503883 646809,8874 646809,210871 35,210872 35,82920 35,287787 503883,35 503883,110041 287787,35 287787,210872 210871,273152 210871,35 210871,35061 210871,44514 210871,503883 646913,646809 646913,646900 646913
85352,35 85352,210871 35,210872 35,82920 35,210872 210871,273152 210871,35 210871,35061 210871,44514 210871,210871 273152,210872 273152,35 273152,82920 273152
400356,12330 400356,2702 12330
1154123,641976 672070,672071 672070,145134 641976,24966 641976,3229 641976,24966 145134,144408 3229,29492 3229,30817 3229,6184 3229,641976 672071,672070 672071,6130 671269,672064 6130,672070 6130,672071 6130,24966 202639,25702 202639,15076 25702,24043 15076,32276 15076,202639 1154123,240321 1154123,6130 1154123,671269 1154123,672070 1154123,4584 6213,6151 6213,887 6213,202639 672064,6213 672064
1107312,117 28278,4584 28278,6213 28278,6214 28278,910 28278,4584 6213,6151 6213,887 6213,2696 5869,910 5869,910 5462,25702 910,5462 910,5869 910,77758 910,906 910,4584 6151,6213 6151,887 6151,117 6214,4584 6214,6151 6214,6213 6214,114 28387,117 28387,6196 28387,6224 28387,114 6196,4584 6196,6214 6196,6213 6215,6214 6215,887 6215,114 124064,28542 124064,4584 124064,6213 124064,6214 124064,124064 6224,6213 6224,6214 6224,6215 6224,6220 6224,13972 20534,6163 20534,6213 20534,124064 6163,6213 6163,6220 6163,6224 6163,20534 7419,6169 7419,6213 7419,28227 6169,114 28227,28350 28227,6213 28227,13195 1107312,28278 1107312,28387 1107312,7419 1107312
1153106
83826,853114 19621,853115 19621,853116 19621,853115 853114,19621 853116,853114 853116,853115 853116,144408 3229,29492 3229,30817 3229,6184 3229,202639 144408,231198 144408,29492 144408,19621 6184,4584 6184,6213 6184,6214 6184,24966 202639,25702 202639,69198 231198,4584 6213,6151 6213,887 6213,1365 83826,19621 83826,3229 83826
75972,6639 178209,22431 6639,3218 6639,8224 6639,75121 22431,8224 22431,85688 8224,178209 116084,39127 116084,6639 116084,116084 75972,178209 75972,39127 75972
217984,49482 217984,853114 19621,853115 19621,853116 19621,144408 3229,29492 3229,30817 3229,6184 3229,1365 49482,19621 49482,3229 49482,853115 853114,202639 144408,231198 144408,29492 144408,19621 6184,4584 6184,6213 6184,6214 6184
735311,735303 735311,35 735303,78511 735303,141342 78511,35 78511,78552 78511,78557 78511,210871 35,210872 35,82920 35,35 141342,210872 210871,273152 210871,35 210871,35061 210871,44514 210871
467383
689152,175548 689152,289085 689152,289088 689152,50354 289088,105856 289085,264556 289085,335042 289085,689152 289085,133553 105856,133563 105856,16485 105856,175548 105856,123556 50354,50354 123556,48550 133563,48555 133563,5194 133563,141160 133553
39130,97377 3240,8224 97377,85688 8224,3240 39130,97377 39130
92589
13966
1134320,51049 1134320,73162 1134320
259772,10183 259772,10798 10183
1119505,35 1119505,375605 1119505,210871 35,210872 35,82920 35,210872 210871,273152 210871,35 210871,35061 210871,44514 210871,210871 273152,210872 273152,35 273152,82920 273152
1102625,1272 1102625,5959 1102625,5966 1102625,13686 1272,4584 1272,37483 5959,64519 37483,22563 13686,27535 13686,40135 13686,6184 13686,887 64519,23738 22563,36140 22563,8224 22563,51866 27535,8703 27535,19621 6184,4584 6184,6213 6184,6214 6184
1102873,6184 10981,10981 1102873,19621 6184,4584 6184,6213 6184,6214 6184,853114 19621,853115 19621,853116 19621,4584 6213,6151 6213,887 6213
696345,230879 2658,2665 2658,696345 2658,237489 2665,237521 2665,8581 2665,1365 237521,135464 237489,2665 237489,205192 578337,230879 578337,2665 578337,99030 578337,230879 696345,2658 696345,2665 696345,578337 696345,205192 99030,230879 99030,230879 205192,2665 205192
1131374,35 646809,503883 646809,8874 646809,210871 35,210872 35,82920 35,287787 503883,35 503883,110041 287787,35 287787,210872 210871,273152 210871,35 210871,35061 210871,44514 210871,503877 1131374,503883 1131374,646809 1131374,141324 503877,54131 141324,66556 141324,66564 141324,94639 141324,35 66556,575077 66556,85352 66556,103515 54131,28851 54131,35 54131,66556 54131
1119654
642847,38537 642847
47839
1129573,12576 83725,56112 83725,6741 83725,12576 56112,83725 56112,35 12576,6213 12576,83725 12576,887 12576,4584 6213,6151 6213,887 6213,4584 6151,6213 6151,887 6151,210871 35,210872 35,82920 35,210872 210871,273152 210871,35 210871,35061 210871,44514 210871,210871 198653,35 198653,198653 887,210871 887,35 887,210871 273152,210872 273152,35 273152,82920 273152,12576 1129573,35 1129573,56115 1129573,56112 56115,83725 56115
1131314,644448 644494,645870 644494,642894 645870,643221 642894,643221 644448,16819 643221,643239 643221,643485 643221,642894 643485,643221 643485,644577 643485,642621 16819,643221 16819,643239 16819,644448 1131314,644494 1131314
444240,1272 444240,254923 444240,6334 444240,1272 254923,35 254923,415693 254923,13686 1272,4584 1272,10169 6334,3231 6334,39131 6334,6767 6334,210871 35,210872 35,82920 35,287787 415693,35 415693,84021 415693,22563 13686,27535 13686,40135 13686,6184 13686,10169 3231,17798 3231,39127 3231,39131 3231,6334 3231,10177 10169,15429 10169,158614 10169,210872 210871,273152 210871,35 210871,35061 210871,44514 210871,110041 287787,35 287787,143323 84021,1688 84021,35 84021,82920 84021,98698 84021,23738 22563,36140 22563,8224 22563,51866 27535,8703 27535,19621 6184,4584 6184,6213 6184,6214 6184,10169 39131,17798 39131,39130 39131,3240 39130,97377 39130,22563 6767,3218 6767,10169 158614,15429 10177
779960
696343,230879 696343
211432,33412 34708,3229 33412,144408 3229,29492 3229,30817 3229,6184 3229,8224 97377,85688 8224,11326 11339,11339 11326,11339 211432,34708 211432,97377 211432
188471,1365 188471,4584 188471,6214 188471,628500 188471,1365 628500,188471 628500,4584 628500,6214 628500,4584 6151,6213 6151,887 6151,4584 6213,6151 6213,887 6213,117 6214,4584 6214,6151 6214,6213 6214
7867,4983 7867
1126044,16474 16471,12337 16474,16437 16474,16471 16474,16476 16474,2696 5869,910 5869,5348 2696,15076 25702,24043 15076,32276 15076,910 5462,25702 910,5462 910,5869 910,77758 910,906 910,853114 19621,853115 19621,853116 19621,853115 853114,19621 853116,853114 853116,853115 853116,16471 1126044,194223 1126044,19621 1126044,523010 1126044,910 1126044,35922 194223,28957 35922,3229 35922,4335 35922,50336 35922,144408 3229,29492 3229,30817 3229,6184 3229,35922 50336,6818 50336
1153861,126912 66990,19621 66990,39199 66990,400356 66990,853114 19621,853115 19621,853116 19621,11093 39199,32276 39199,52515 39199,853115 853114,103537 126912,103543 126912,126909 103543,126912 103543,126920 103543,126926 103543,126927 103543,18777 103537,28957 103537,4330 11093,3229 52515,91038 52515,12330 400356,2702 12330,12330 156977,12330 1153861,156977 1153861,66990 1153861
1139195,7867 315789,315789 1139195
180399,180373 180399,3231 180399,10796 180373,27174 180373,59798 180373,77758 180373,10169 3231,17798 3231,39127 3231,39131 3231,6334 3231,10798 10796,6213 10796,887 10796,25181 27174,3229 27174,59798 27174,10169 6334,3231 6334,39131 6334,6767 6334,10177 10169,15429 10169,158614 10169,4584 6213,6151 6213,887 6213,3229 25181,59798 25181,144408 3229,29492 3229,30817 3229,6184 3229,10169 17798,10169 39131,17798 39131,39130 39131,3240 39130,97377 39130,10169 158614,15429 10177
231198,69198 231198
39124,22563 3220,23738 22563,36140 22563,8224 22563,85688 8224,27895 23738,8224 23738,27249 8079,23738 27249,36140 27249,46468 27249,3220 39124,3231 39124,8079 39124,10169 3231,17798 3231,39127 3231,39131 3231,6334 3231,10169 6334,3231 6334,39131 6334,6767 6334,10177 10169,15429 10169,158614 10169,10169 17798,10169 39131,17798 39131,39130 39131,3240 39130,97377 39130,10169 158614,15429 10177
11325,11335 11325,23738 11325,27895 23738,8224 23738,85688 8224
139865,1365 139865,179180 139865
82090,66805 82090,66809 82090,35 66805,89547 66805,210871 35,210872 35,82920 35,210872 210871,273152 210871,35 210871,35061 210871,44514 210871
189566
95719,24966 95719,32698 95719,19697 32698,4335 32698,95718 32698,95719 32698,24966 19697,19697 95718,239800 95718,4335 95718,71904 95718,19697 239800,24966 239800,4335 239800,71904 239800
384428
260979,37541 260979,137380 37541,46491 37541,46491 137380
31083
593091,35 97645,210871 35,210872 35,82920 35,210872 210871,273152 210871,35 210871,35061 210871,44514 210871,14062 33907,35 33907,97390 33907,97645 33907,1688 152483,85352 152483,35 1688,58758 1688,35 85352,210871 273152,210872 273152,35 273152,82920 273152,152483 593091,33907 593091,35 593091,85352 593091,97645 593091
1127619,2440 1127619,562940 1127619,37483 2440,64519 37483,887 64519
162080,162075 162080,738941 162080,162080 162075
1114864,22563 6767,3218 6767,23738 22563,36140 22563,8224 22563,85688 8224,27895 23738,8224 23738,20584 6311,46887 6311,8224 6311,14529 1114864,1481 1114864,6311 1114864,6767 1114864
178718
330148,1365 184918,19621 184918,23502 184918,330148 184918,1365 23502,23507 23502,3229 23502,330148 23502,853114 19621,853115 19621,853116 19621,144408 3229,29492 3229,30817 3229,6184 3229,853115 853114,1365 330148,184918 330148,19621 330148,19621 853116,853114 853116,853115 853116
656048,103531 656048,656231 103531,170798 656231,1959 170798,887 170798
118873
143801,119761 143801,93555 143801,12638 119761,284023 119761,284025 119761,93555 119761,119761 284025,143801 284025,93555 284025,346292 284023,93555 284023,12631 12638,6898 12631
13652,80656 13652
362926
636500,147870 636500,32276 636500,25702 147870,15076 25702,24043 15076,32276 15076
1106401,18811 1106401,45189 1106401,45188 45189,4804 45189,89547 45189,45189 45188,89547 45188,10177 4804,12210 4804,12350 4804,9515 4804,15429 12350,51180 12350,10177 12210,12350 12210,4804 12210,15429 10177
116528
1131274,16819 1131274,644843 1131274,642621 16819,643221 16819,643239 16819,16819 643221,643239 643221,643485 643221,642894 643239,643221 643239,643221 642894,642894 643485,643221 643485,644577 643485
67245,31769 67245,32083 31769,3229 31769,67245 31769,67246 31769,144408 3229,29492 3229,30817 3229,6184 3229,31769 67246,67245 67246,202639 144408,231198 144408,29492 144408,19621 6184,4584 6184,6213 6184,6214 6184
714748,16008 189571,39890 189571,714289 189571,51049 39890,189655 559804,39890 559804,714260 559804,714289 559804,73162 559804,15987 714289,39890 714289,523574 714289,559804 714289,39890 714256,137130 65074,89416 65074,89416 137130,504 89416,506 89416,504 506,89416 506,189571 714748,189655 714748,65074 714748,714256 714748,73162 714748
75693
1106388,267003 75121,85688 75121,434 267003,10798 434,114 434,4649 434,6213 434,8703 434,1272 85688,13686 1272,4584 1272,101811 6935,63915 6935,12350 101811,23738 101811,15429 12350,51180 12350,27895 23738,8224 23738,22563 63915,36140 63915,23738 22563,36140 22563,8224 22563,75121 22431,8224 22431,85688 8224,11335 49843,22431 49843,2440 49843,3218 49843,8224 49843,37483 2440,64519 37483,2440 1106388,49843 1106388,5966 1106388,6935 1106388,75121 1106388,887 64519
1154074,75318 103430,103430 1154074,103430 75318
1131300,137868 1131300,561809 1131300,38537 137868
1120252
1140547,35922 1140547,4335 1140547,28957 35922,3229 35922,4335 35922,50336 35922,144408 3229,29492 3229,30817 3229,6184 3229,35922 50336,6818 50336,202639 144408,231198 144408,29492 144408,19621 6184,4584 6184,6213 6184,6214 6184
1152421,210871 35,210872 35,82920 35,210872 210871,273152 210871,35 210871,35061 210871,44514 210871,210871 273152,210872 273152,35 273152,82920 273152,35 85352,14062 1152421,35 1152421,82920 1152421,85352 1152421
24530
144679,30895 144679,58454 144679,10796 30895,1272 30895,3243 30895,59798 30895,8224 30895,85688 8224,10798 10796,6213 10796,887 10796,13686 1272,4584 1272,4584 6213,6151 6213,887 6213,22563 13686,27535 13686,40135 13686,6184 13686
1152436,940 28265,941 28265,28265 1152436,941 940
1153922,1365 161221,6213 161221,887 161221,4584 6213,6151 6213,887 6213,4584 6151,6213 6151,887 6151,210872 210871,273152 210871,35 210871,35061 210871,44514 210871,210871 35,210872 35,82920 35,210871 198653,35 198653,198653 887,210871 887,35 887,69198 231198,161221 1153922,231198 1153922
48781,423816 48781,48781 423816
60169,399370 60159,35797 399370,60159 399370,60169 399370,60170 399370,1786 35797,36140 35797,4330 35797,6784 35797,35797 60170,6784 60170,22563 1786,27895 1786,46547 1786,12638 4330,6913 4330,22563 36140,23738 22563,36140 22563,8224 22563,35797 100961,6784 100961,100961 60169,35797 60169,60159 60169
133553,141160 133553,123556 141160,50354 123556
63835,114308 63835,64519 63835,887 114308,887 64519,210872 210871,273152 210871,35 210871,35061 210871,44514 210871,210871 35,210872 35,82920 35,210871 198653,35 198653,198653 887,210871 887,35 887
206371,178718 69296,206371 69296,35 69296,69284 69296,210871 35,210872 35,82920 35,35 206371,69284 206371,69296 206371,1688 69284,35 69284,46079 69284,56115 69284,58758 69284,35 1688,58758 1688,56112 56115,83725 56115,210872 210871,273152 210871,35 210871,35061 210871,44514 210871,576973 58758,58758 576973,12576 56112,83725 56112,35 46079,210871 273152,210872 273152,35 273152,82920 273152
1138755,171954 1138755,573553 171954,67415 171954,10177 67415,12210 67415,12350 67415,15429 12350,51180 12350,10177 12210,12350 12210,4804 12210,15429 10177
594649,23116 576257,910 576257,24966 23116,253762 23116,27627 23116,65212 23116,2696 5869,910 5869,910 5462,25702 910,5462 910,5869 910,77758 910,906 910,210871 35,210872 35,82920 35,210872 210871,273152 210871,35 210871,35061 210871,44514 210871,210871 273152,210872 273152,35 273152,82920 273152,35 594649,575077 594649,576257 594649,593201 594649,210871 575077,35 575077
38771
1063773,10531 31353,31353 10531,31353 1063773
263486,1956 263486,263482 263486,1955 1956,35 1956,3828 1956,936 1956,210871 35,210872 35,82920 35,936 3828,940 3828,941 3828,943 3828,210872 210871,273152 210871,35 210871,35061 210871,44514 210871,941 940
1132887
28489
143676,102938 143676,102939 143676,1237 143676,102939 102938,1237 102938,143676 102938
179180
6771,23738 22563,36140 22563,8224 22563,85688 8224,27895 23738,8224 23738,22563 36140,15429 89547,10177 15429,15429 10177,1999 6771,22563 6771,24974 6771,32083 6771,89547 6771
1153943,23116 576257,910 576257,24966 23116,253762 23116,27627 23116,65212 23116,2696 5869,910 5869,910 5462,25702 910,5462 910,5869 910,77758 910,906 910,210871 35,210872 35,82920 35,210872 210871,273152 210871,35 210871,35061 210871,44514 210871,210871 273152,210872 273152,35 273152,82920 273152,35 85352,35 1153943,576257 1153943,82920 1153943,85352 1153943,97390 1153943
1116594,1365 1116594,42156 1116594
217115,15429 217115,59626 217115,10177 15429,15429 10177
1111240,100197 193931,105856 193931,105865 193931,133553 105856,133563 105856,16485 105856,175548 105856,3229 100197,3191 105865,3192 105865,48550 133563,48555 133563,5194 133563,141160 133553,144408 3229,29492 3229,30817 3229,6184 3229,16008 3191,3192 3191,39890 3191,5086 3191,6784 6775,105865 193932,193931 193932,350319 193932,6775 350319,6784 350319,123556 14807,50354 14807,50354 123556,123556 50354,14807 1111240,193918 1111240,193931 1111240,193932 1111240,6775 1111240
1153860,263498 1153860,35061 1153860,8872 1153860,35 263498,35061 263498,210871 35,210872 35,82920 35,35 141342,141342 35061,32083 35061,35 35061,210872 210871,273152 210871,35 210871,35061 210871,44514 210871
6343
573964,35 573964,513189 573964,210871 35,210872 35,82920 35,35 513189,573964 513189,82920 513189,210872 210871,273152 210871,35 210871,35061 210871,44514 210871,210871 273152,210872 273152,35 273152,82920 273152
169279,6898 124224,124224 6898,12631 6898,12638 6898,6898 12631,17363 444191,3229 444191,144408 3229,29492 3229,30817 3229,6184 3229,12638 263553,6910 263553,12631 6910,12638 6910,263553 6910,444191 6910,6898 6910,12631 12638,124224 169279,6910 169279
1131149,24966 1131149,641956 1131149,74821 1131149,25772 641956,370366 641956,116528 25772,77758 25772
15987
191216
1134056
33013,117 33013,17476 33013,18777 33013,117 17476,13269 17476,6385 17476,887 17476,50336 13269,50337 13269,35922 50337,50336 50337,6818 50337,35922 50336,6818 50336,210872 210871,273152 210871,35 210871,35061 210871,44514 210871,210871 35,210872 35,82920 35,210871 198653,35 198653,198653 887,210871 887,35 887
576691,35 85352,210871 35,210872 35,82920 35,210872 210871,273152 210871,35 210871,35061 210871,44514 210871,35 573964,513189 573964,35 513189,573964 513189,82920 513189,513189 576691,573964 576691,82920 576691,85352 576691
1124844,10531 194617,31353 194617,31927 194617,31932 194617,31353 10531,194609 31927,31353 31927,563613 31927,194617 31932,215912 31932,31927 31932,3243 31932,10531 31353,194617 1124844,31353 1124844,31927 1124844
126867,126868 126867
226698
368431,23738 27249,36140 27249,46468 27249,27895 23738,8224 23738,22563 36140,23738 22563,36140 22563,8224 22563,85688 8224,12638 4330,6913 4330,4330 4329,4329 46468,4330 46468,4335 46468,1272 85688,13686 1272,4584 1272,27249 368431,3243 368431,8224 368431
1113438,54131 141324,66556 141324,66564 141324,94639 141324,35 66556,575077 66556,85352 66556,103515 54131,28851 54131,35 54131,66556 54131,210871 35,210872 35,82920 35,35 103515,8865 103515,35 28851,210872 210871,273152 210871,35 210871,35061 210871,44514 210871,210871 273152,210872 273152,35 273152,82920 273152,141324 1113438,240791 1113438,35 1113438,35061 1113438,35852 1113438,19621 240791,35061 240791,45605 240791,35 141342,141342 35061,32083 35061,35 35061,853114 19621,853115 19621,853116 19621,853115 853114,240791 45605,32083 45605,35061 45605
51934
256106,5348 2696,2696 5348,2695 2698,2696 2698,2696 2695,2698 2695,342802 2695,5348 2695,2695 342802,2696 342802,2698 342802,5348 342802,2696 256106,2698 256106,5348 256106
1104787,16471 1104787,16485 1104787,16474 16471,12337 16474,16437 16474,16471 16474,16476 16474
50354,123556 50354,50354 123556
107252,23738 22563,36140 22563,8224 22563,85688 8224,27895 23738,8224 23738,22563 36140,107251 389715,20584 389715,22563 389715,46491 389715,46547 389715,22563 107251,389715 107251,46491 107251,46547 107251,107251 107252,22563 107252,389715 107252,46491 107252
18619,10798 18619,19231 18619,27627 18619
949217,119761 284025,143801 284025,93555 284025,12638 119761,284023 119761,284025 119761,93555 119761,119761 143801,93555 143801,346292 284023,93555 284023,12439 340078,910 340078,22563 12439,36140 12439,910 12439,23738 22563,36140 22563,8224 22563,2696 5869,910 5869,910 5462,25702 910,5462 910,5869 910,77758 910,906 910,12638 4330,6913 4330,12631 12638,6898 12631,2702 12330,12330 949217,284025 949217,340078 949217,4330 949217
375825,421481 375825
6155,4584 6151,6213 6151,887 6151,4584 6213,6151 6213,887 6213,210872 210871,273152 210871,35 210871,35061 210871,44514 210871,210871 35,210872 35,82920 35,210871 198653,35 198653,198653 887,210871 887,35 887,114 6155,4584 6155,6151 6155,6213 6155,6214 6155,117 6214,4584 6214,6151 6214,6213 6214
989397,12169 989397,42221 989397,4804 989397,93273 989397,10177 4804,12210 4804,12350 4804,9515 4804,15429 12350,51180 12350,10177 12210,12350 12210,4804 12210,15429 10177,12195 51180,38722 51180,67415 51180,10177 9515,15429 9515
1105011,646286 6913,646289 6913,126927 646286,16819 646286,642681 646286,642894 646286,643221 646286,16819 643221,643239 643221,643485 643221,642847 642681,643221 642894,642621 16819,643221 16819,643239 16819,103543 126927,126920 126927,643221 126927,643239 126927,645897 126927,6913 1105011
1132486,205192 99030,230879 99030,230879 205192,2665 205192,237489 2665,237521 2665,8581 2665,205192 578337,230879 578337,2665 578337,99030 578337,1365 237521,135464 237489,2665 237489,230879 1132486,230884 1132486,2665 1132486,578337 1132486,230879 230884,2658 230884,2665 230884,230879 2658,2665 2658,696345 2658
654519
293271,6213 293271,4584 6213,6151 6213,887 6213,4584 6151,6213 6151,887 6151,210872 210871,273152 210871,35 210871,35061 210871,44514 210871,210871 35,210872 35,82920 35,210871 198653,35 198653,198653 887,210871 887,35 887
755217,2696 5869,910 5869,5348 2696,15076 25702,24043 15076,32276 15076,910 5462,25702 910,5462 910,5869 910,77758 910,906 910,28350 13193,28489 13193,6213 13193,114 28350,6213 28350,4584 6213,6151 6213,887 6213,4584 6151,6213 6151,887 6151,210872 210871,273152 210871,35 210871,35061 210871,44514 210871,210871 35,210872 35,82920 35,210871 198653,35 198653,198653 887,210871 887,35 887,114 755217,13193 755217,13195 755217,6213 755217,910 755217
9586,33818 78552,33823 78552,33823 33818,78552 33818,78555 33818,78557 33818,9586 33818,33818 78557,33823 78557,78552 78557,78555 78557,141342 78511,35 78511,78552 78511,78557 78511,35 141342,210871 35,210872 35,82920 35,210872 210871,273152 210871,35 210871,35061 210871,44514 210871,78511 9586,78552 9586,78557 9586
48075,11339 44017,11326 11339,11339 11326,44017 206524,206524 48075,44017 48075
523574
31336,31353 10531,10531 31353,10531 31336,31353 31336
45603
182093
95225,12350 20601,20602 20601,15429 12350,51180 12350,12350 20602,20601 20602,12195 51180,38722 51180,67415 51180,12198 27612,12350 27612,6125 27612,10177 12198,12350 12198,27612 12198,15429 10177,12198 95225,20601 95225,20602 95225
1104055,2653 1104055,3243 1104055,36140 1104055,36145 1104055,8617 36145,8619 36145,22563 36140,23738 22563,36140 22563,8224 22563,85688 8224,27895 23738,8224 23738
1106789,3191 1106789,6786 1106789,16008 3191,3192 3191,39890 3191,5086 3191,51049 39890,3187 5086,3191 5086,3192 5086,5086 3187,15987 3192,16008 3192,3191 3192
1126050,13972 1126050,93318 1126050
1110628
293285,293271 293285,4584 293285,6213 293271,4584 6213,6151 6213,887 6213,4584 6151,6213 6151,887 6151
75969,160732 75969
1125258
284023,346292 284023,93555 284023,284023 346292,32083 346292
20592,20584 20592,31479 20592
56709,114 28287,28290 28287,4584 28287,56708 28287,56709 28287,12576 28290,35 28290,35 12576,6213 12576,83725 12576,887 12576,210871 35,210872 35,82920 35,12576 56709,28287 56709,28290 56709,56708 56709,4584 6213,6151 6213,887 6213,210872 210871,273152 210871,35 210871,35061 210871,44514 210871,12576 83725,56112 83725,6741 83725,12576 56112,83725 56112,4584 6151,6213 6151,887 6151,210871 198653,35 198653,198653 887,210871 887,35 887
31097,10798 10796,6213 10796,887 10796,10796 31097,4584 6213,6151 6213,887 6213,4584 6151,6213 6151,887 6151,210872 210871,273152 210871,35 210871,35061 210871,44514 210871,210871 35,210872 35,82920 35,210871 198653,35 198653,198653 887,210871 887,35 887
16474,12337 16474,16437 16474,16471 16474,16476 16474,16474 16471
521252,39130 521252,6343 521252,3240 39130,97377 39130,97377 3240,8224 97377,85688 8224
949318
133628
31932,10531 194617,31353 194617,31927 194617,31932 194617,31353 10531,194609 31927,31353 31927,563613 31927,194617 31932,215912 31932,31927 31932,3243 31932,10531 31353,194609 215912,194617 215912
693143,573535 693143,66751 693143,66751 573535,693143 573535
753070,175548 753070,753047 753070,753070 753047,753264 753047,753265 753047,4330 753265,753047 753265,12638 4330,6913 4330,753047 753264,753070 753264
111770
1114992,16474 16471,12337 16474,16437 16474,16471 16474,16476 16474,133553 105856,133563 105856,16485 105856,175548 105856,48550 133563,48555 133563,5194 133563,141160 133553,105856 273949,16471 273949,687401 273949,16471 1114992,273949 1114992
51831
66805,15429 89547,10177 15429,15429 10177,210871 35,210872 35,82920 35,210872 210871,273152 210871,35 210871,35061 210871,44514 210871,210871 273152,210872 273152,35 273152,82920 273152,35 66805,89547 66805
1131137,162664 39165,31479 39165,31483 39165,92589 39165,3191 162664,39890 162664,16008 3191,3192 3191,39890 3191,5086 3191,51049 39890,97377 3240,8224 97377,85688 8224,31483 1131137,3222 1131137,3240 1131137,39165 1131137,92589 1131137
1109873,120817 1109873,163235 1109873
1118120
212777,10798 212777,2440 212777,61417 212777,37483 2440,64519 37483,887 64519
69397,22563 3220,23738 22563,36140 22563,8224 22563,85688 8224,27895 23738,8224 23738,22563 6767,3218 6767,20584 6311,46887 6311,8224 6311,3220 69397,6311 69397,6767 69397
22229,144701 22229,35061 22229,22229 144701,35061 144701,35 141342,210871 35,210872 35,82920 35,141342 35061,32083 35061,35 35061,210872 210871,273152 210871,35 210871,35061 210871,44514 210871
170798,1959 170798,887 170798,210872 210871,273152 210871,35 210871,35061 210871,44514 210871,210871 35,210872 35,82920 35,210871 198653,35 198653,198653 887,210871 887,35 887,210871 273152,210872 273152,35 273152,82920 273152
686559,10531 31353,31353 10531,31353 686559
696342,230879 2658,2665 2658,696345 2658,237489 2665,237521 2665,8581 2665,1365 237521,135464 237489,2665 237489,205192 578337,230879 578337,2665 578337,99030 578337,230879 696345,2658 696345,2665 696345,578337 696345,230879 205192,2665 205192,230879 696342,2658 696342,696345 696342
1152859
200630,32083 200630
340075,1365 90888,3229 90888,144408 3229,29492 3229,30817 3229,6184 3229,202639 144408,231198 144408,29492 144408,19621 6184,4584 6184,6213 6184,6214 6184,2696 5869,910 5869,5348 2696,15076 25702,24043 15076,32276 15076,910 5462,25702 910,5462 910,5869 910,77758 910,906 910,1365 340075,90888 340075,910 340075
32260,28632 32260,62274 32260,12182 28632,32260 62274,4335 62274,50381 62274,1717 50381,51180 50381,62274 50381,12210 12182,28649 12182,4804 12182,32688 1717,4330 1717,4335 1717,6913 1717,12195 51180,38722 51180,67415 51180,10177 12210,12350 12210,4804 12210,10177 4804,12210 4804,12350 4804,9515 4804
17488
1131305,16819 643221,643239 643221,643485 643221,642894 643485,643221 643485,644577 643485,642621 16819,643221 16819,643239 16819,642894 643239,643221 643239,643221 642894,643221 644577,644427 644577,643221 1131305,644577 1131305
815073
762980,763010 762980,7297 763010,1365 7297,19621 7297,49482 7297,7272 7297,853114 19621,853115 19621,853116 19621
1114512,2440 1114512,263482 1114512,263486 1114512,37483 2440,1956 263486,263482 263486,1955 1956,35 1956,3828 1956,936 1956,64519 37483,210871 35,210872 35,82920 35,936 3828,940 3828,941 3828,943 3828,887 64519
8703,22563 10435,22564 10435,22566 10435,23738 22563,36140 22563,8224 22563,85688 8224,27895 23738,8224 23738,22563 22564,10435 22566,22563 22566,22564 22566,1272 85688,13686 1272,4584 1272,22563 13686,27535 13686,40135 13686,6184 13686,10435 8703,10798 8703,4649 8703,85688 8703
94229,22563 94229,23738 22563,36140 22563,8224 22563,85688 8224,27895 23738,8224 23738,22563 36140
1130080
123825,853114 19621,853115 19621,853116 19621,853115 853114,19621 853116,853114 853116,853115 853116,1365 649731,23507 649731,1365 23502,23507 23502,3229 23502,330148 23502,6184 10981,23507 152731,43186 152731,10981 23507,1365 23507,152731 23507,23502 23507,19621 123825,649731 123825
194645,28447 194645,22886 28447,6214 28447,73323 28447,95642 28447,4584 6151,6213 6151,887 6151,4584 6213,6151 6213,887 6213,117 6214,4584 6214,6151 6214,6213 6214
12238
561674,561789 561674
568857,210872 210871,273152 210871,35 210871,35061 210871,44514 210871,210871 273152,210872 273152,35 273152,82920 273152,210871 35,210872 35,82920 35,35 141342,141342 35061,32083 35061,35 35061,41714 44455,35 41714,44455 41714,210871 568857,35 568857,41714 568857,44455 568857,576362 568857
28227,114 28350,6213 28350,4584 6213,6151 6213,887 6213,4584 6151,6213 6151,887 6151,210872 210871,273152 210871,35 210871,35061 210871,44514 210871,210871 35,210872 35,82920 35,210871 198653,35 198653,198653 887,210871 887,35 887,114 28227,28350 28227,6213 28227
39474,35 1688,58758 1688,210871 35,210872 35,82920 35,576973 58758,58758 576973,210872 210871,273152 210871,35 210871,35061 210871,44514 210871,35 307015,82920 307015,1688 39474,1694 39474,307015 39474,1688 1694,39474 1694
3231,10169 17798,10177 10169,15429 10169,158614 10169,10169 158614,15429 10177,10169 39131,17798 39131,39130 39131,3240 39130,97377 39130,97377 3240,10169 3231,17798 3231,39127 3231,39131 3231,6334 3231,10169 6334,3231 6334,39131 6334,6767 6334,22563 6767,3218 6767,23738 22563,36140 22563,8224 22563,10177 15429
116553,103515 246618,116545 246618,116552 246618,116553 246618,35 103515,8865 103515,35 116552,40 116552,116545 116553,116552 116553,246618 116553,467383 116553,94641 116553,210871 35,210872 35,82920 35,141342 40,35 141342,210872 210871,273152 210871,35 210871,35061 210871,44514 210871,575077 94641,210871 575077,35 575077
12210,10177 12210,12350 12210,4804 12210,15429 12350,51180 12350,15429 10177,10177 4804,12210 4804,12350 4804,9515 4804,12195 51180,38722 51180,67415 51180,12195 38722,67415 38722,12350 12195,51180 12195,67415 12195,10177 15429,10177 9515,15429 9515
171225,1365 171225,184918 171225,1365 184918,19621 184918,23502 184918,330148 184918,1365 23502,23507 23502,3229 23502,330148 23502,853114 19621,853115 19621,853116 19621,144408 3229,29492 3229,30817 3229,6184 3229,853115 853114,1365 330148,184918 330148,19621 330148
1108209,144408 3229,29492 3229,30817 3229,6184 3229,202639 144408,231198 144408,29492 144408,19621 6184,4584 6184,6213 6184,6214 6184,24966 202639,25702 202639,69198 231198,853114 19621,853115 19621,853116 19621,4584 6213,6151 6213,887 6213,3229 118559,118559 1108209,3229 1108209
561613,153063 561613,38537 153063,561568 153063,561613 153063,153063 561568,561613 561568
1109199,35 148170,210871 35,210872 35,82920 35,210872 210871,273152 210871,35 210871,35061 210871,44514 210871,210871 273152,210872 273152,35 273152,82920 273152,148170 1109199,35 1109199,6214 1109199,4584 6151,6213 6151,887 6151,4584 6213,6151 6213,887 6213,117 6214,4584 6214,6151 6214,6213 6214
78549,33818 78557,33823 78557,78552 78557,78555 78557,33823 33818,78552 33818,78555 33818,78557 33818,9586 33818,33818 78552,33823 78552,78511 9586,78552 9586,78557 9586,141342 78511,35 78511,78552 78511,78557 78511,33818 78549,33823 78549,78557 78549
38480,114 38480,117 38480,6209 38480,6213 38480,6214 38480,4584 6213,6151 6213,887 6213,4584 6151,6213 6151,887 6151,117 6214,4584 6214,6151 6214,6213 6214,210872 210871,273152 210871,35 210871,35061 210871,44514 210871,210871 35,210872 35,82920 35,210871 198653,35 198653,198653 887,210871 887,35 887
513189,210871 35,210872 35,82920 35,210872 210871,273152 210871,35 210871,35061 210871,44514 210871,210871 273152,210872 273152,35 273152,82920 273152,35 573964,513189 573964,35 513189,573964 513189,82920 513189
367312,739280 367312,746058 367312,367312 746058,739280 746058
578306,2665 578306,578365 578306,99023 578306,237489 2665,237521 2665,8581 2665,1365 237521,135464 237489,2665 237489,230879 2658,2665 2658,696345 2658,205192 578337,230879 578337,2665 578337,99030 578337,2658 99023,2665 99023,578337 99023,230879 205192,2665 205192
10177,15429 10177,10177 15429
596075,1956 101143,1959 101143,82666 101143,101143 596075,1955 1956,35 1956,3828 1956,936 1956,210871 35,210872 35,82920 35,936 3828,940 3828,941 3828,943 3828
28487
6224,6213 6215,6214 6215,887 6215,4584 6213,6151 6213,887 6213,4584 6151,6213 6151,887 6151,210872 210871,273152 210871,35 210871,35061 210871,44514 210871,210871 35,210872 35,82920 35,210871 198653,35 198653,198653 887,210871 887,35 887,117 6214,4584 6214,6151 6214,6213 6214,114 6220,124064 6220,28350 6220,28412 6220,6213 6220,114 28350,6213 28350,114 124064,28542 124064,4584 124064,6213 124064,6214 124064,124064 6224,6213 6224,6214 6224,6215 6224,6220 6224
42847,2696 5869,910 5869,5348 2696,15076 25702,24043 15076,32276 15076,910 5462,25702 910,5462 910,5869 910,77758 910,906 910,853114 19621,853115 19621,853116 19621,853115 853114,19621 853116,853114 853116,853115 853116,19621 123825,649731 123825,123825 42847,13885 42847,19621 42847,910 42847,4584 13885,90888 13885,1365 90888,3229 90888,144408 3229,29492 3229,30817 3229,6184 3229
61312
66594,25772 1997,3233 1997,116528 25772,77758 25772,1997 3233,3236 3233,3240 3233,49811 3233,1997 49811,2440 49811,37483 2440,97377 3240,10169 49660,3231 49660,39127 49660,40151 49660,10169 3231,17798 3231,39127 3231,39131 3231,6334 3231,10177 10169,15429 10169,158614 10169,2354 40151,137790 2354,74749 2354,10169 6334,3231 6334,39131 6334,6767 6334,10169 158614,15429 10177,10169 17798,10169 39131,17798 39131,39130 39131,3240 39130,97377 39130,27530 66594,3231 66594,3232 66594,3233 66594,49660 66594
645571,440815 645571,153063 440815,5086 440815,38537 153063,561568 153063,561613 153063,153063 561568,561613 561568,3187 5086,3191 5086,3192 5086,16008 3191,3192 3191,39890 3191,5086 3191,5086 3187
1154124,641976 672070,672071 672070,145134 641976,24966 641976,3229 641976,24966 145134,144408 3229,29492 3229,30817 3229,6184 3229,641976 672071,672070 672071,6130 671269,672064 6130,672070 6130,672071 6130,24966 202639,25702 202639,15076 25702,24043 15076,32276 15076,202639 1154124,240321 1154124,6130 1154124,671269 1154124,672070 1154124,4584 6213,6151 6213,887 6213,202639 672064,6213 672064
1110024,15889 1110024,166825 1110024,3085 15889,20193 3085,566653 3085,566664 3085
96847,44455 227178,41714 44455,35 41714,44455 41714,124064 6163,6213 6163,6220 6163,6224 6163,4584 6213,6151 6213,887 6213,114 124064,28542 124064,4584 124064,6213 124064,6214 124064,114 6220,124064 6220,28350 6220,28412 6220,6213 6220,114 28350,6213 28350,4584 6151,6213 6151,887 6151,6213 6215,6214 6215,887 6215,124064 6224,6213 6224,6214 6224,6215 6224,6220 6224,227178 96847,6163 96847,6216 96847,96851 96847
6184,853114 19621,853115 19621,853116 19621,853115 853114,19621 853116,853114 853116,853115 853116,4584 6213,6151 6213,887 6213,4584 6151,6213 6151,887 6151,210872 210871,273152 210871,35 210871,35061 210871,44514 210871,210871 35,210872 35,82920 35,210871 198653,35 198653,198653 887,210871 887,35 887,19621 6184,4584 6184,6213 6184,6214 6184,117 6214,4584 6214,6151 6214,6213 6214
1121313,129042 1121313,129045 1121313,1949 129042,129042 129045,3097 129045,1952 1949,1953 1949,3097 1949,3112 1949,1959 3097,82664 3097,82666 3097,3097 1952,77826 3112,77829 3112
140569,133550 140569,5194 140569,3229 133550,5194 133550,144408 3229,29492 3229,30817 3229,6184 3229,202639 144408,231198 144408,29492 144408,19621 6184,4584 6184,6213 6184,6214 6184
