7532,7537 7532,80491 7532,7532 7537
115188
19045,195792 19045,887 19045,251756 195792,62329 195792,62329 251756,210872 210871,273152 210871,35 210871,35061 210871,44514 210871,210871 35,210872 35,82920 35,210871 198653,35 198653,198653 887,210871 887,35 887,210871 273152,210872 273152,35 273152,82920 273152
1105033,17476 1105033,887 1105033,117 17476,13269 17476,6385 17476,887 17476,50336 13269,50337 13269,210872 210871,273152 210871,35 210871,35061 210871,44514 210871,210871 35,210872 35,82920 35,210871 198653,35 198653,198653 887,210871 887,35 887,35922 50337,50336 50337,6818 50337,35922 50336,6818 50336,210871 273152,210872 273152,35 273152,82920 273152
237376,89547 237376,15429 89547,10177 15429,15429 10177
110163,110162 110163,1955 110163,3095 110163,3101 110163,3112 110163,110163 110162,3095 110162,3101 110162,337766 110162,77826 3112,77829 3112,3097 1952,1952 1949,1953 1949,3097 1949,3112 1949,1959 3097,82664 3097,82666 3097,1949 3101,1952 3101,3097 3101,10430 3095,1951 3095,10183 10430,10798 10183,3112 77829,3112 77826,5600 77826
943087,41666 943087,15429 41666,23116 41666,24966 23116,253762 23116,27627 23116,65212 23116,10177 15429,15429 10177
7041
1126037,179180 1126037,3229 1126037,144408 3229,29492 3229,30817 3229,6184 3229,202639 144408,231198 144408,29492 144408,19621 6184,4584 6184,6213 6184,6214 6184,24966 202639,25702 202639,69198 231198,853114 19621,853115 19621,853116 19621,4584 6213,6151 6213,887 6213
12169
168410,23258 168410,28485 168410,4330 168410,4584 168410,6209 168410,114 28485,6209 28485,6213 28485,12638 4330,6913 4330,114 23258,136665 23258,28485 23258,6214 23258,85299 23258,4584 6213,6151 6213,887 6213,114 136665,4584 6151,6213 6151,887 6151,12631 12638,6898 12631,117 6214,4584 6214,6151 6214,6213 6214
1121739,118559 1121739,3229 118559,144408 3229,29492 3229,30817 3229,6184 3229,202639 144408,231198 144408,29492 144408,19621 6184,4584 6184,6213 6184,6214 6184
46452
1104851,2654 1104851,27243 1104851,5055 1104851,52784 1104851,175291 52784,2654 52784,36145 52784,8617 52784,2653 175291,31105 175291,35 175291,8617 175291,8619 175291,8617 36145,8619 36145,210871 35,210872 35,82920 35
714260,189655 714260,714256 714260,73162 714260,39890 714256,51049 39890
1153933,32083 1153933,395725 1153933,12337 395725,16437 395725,20193 395725,3085 395725,20193 3085,566653 3085,566664 3085
1135955
1135750,171954 1135750,573553 1135750,66751 1135750,573553 171954,67415 171954,10177 67415,12210 67415,12350 67415,15429 12350,51180 12350,10177 12210,12350 12210,4804 12210,15429 10177
643239,642894 643239,643221 643239,16819 643221,643239 643221,643485 643221,643221 642894,642894 643485,643221 643485,644577 643485,642621 16819,643221 16819,643239 16819
189721,124952 189721
35863,28359 35863,3229 35863,6213 35863,144408 3229,29492 3229,30817 3229,6184 3229,4584 6213,6151 6213,887 6213,35863 28359,202639 144408,231198 144408,29492 144408,19621 6184,4584 6184,6213 6184,6214 6184,4584 6151,6213 6151,887 6151,24966 202639,25702 202639,69198 231198,853114 19621,853115 19621,853116 19621,210872 210871,273152 210871,35 210871,35061 210871,44514 210871,210871 35,210872 35,82920 35,210871 198653,35 198653,198653 887,210871 887,35 887
44017,11339 44017,11326 11339,11339 11326
144330,20193 144330,22431 144330,75121 22431,8224 22431,267003 75121,85688 75121,85688 8224,434 267003
72406
1119211,367312 1119211,739280 367312,746058 367312,367312 746058,739280 746058
466170
1130676,2658 1130676,2665 1130676,395540 1130676,630817 1130676,2665 630817,230879 2658,2665 2658,696345 2658,237489 2665,237521 2665,8581 2665,1365 237521,135464 237489,2665 237489,2658 395540,2665 395540,205192 578337,230879 578337,2665 578337,99030 578337,230879 696345,2658 696345,2665 696345,578337 696345
90888,1365 90888,3229 90888,144408 3229,29492 3229,30817 3229,6184 3229,202639 144408,231198 144408,29492 144408,19621 6184,4584 6184,6213 6184,6214 6184,24966 202639,25702 202639,69198 231198,853114 19621,853115 19621,853116 19621,4584 6213,6151 6213,887 6213
1128198,576691 1128198,82920 1128198,513189 576691,573964 576691,82920 576691,85352 576691,35 513189,573964 513189,82920 513189,35 85352,210871 35,210872 35,82920 35,35 573964,513189 573964
127940,416964 127940,430329 127940,16437 430329
1128881
91852,117328 91852,20179 91852,64271 91852,943 91852,20180 943,28265 943,940 20180,941 20180,940 28265,941 28265,887 35490,20179 20178,91852 20178,91853 20178,20178 64271,35490 64271,941 940
198443,119686 198443,13658 198443,190698 198443,35 198443,13654 119686,13658 119686,210871 35,210872 35,82920 35,13652 13654,80656 13654,210872 210871,273152 210871,35 210871,35061 210871,44514 210871,80656 13652,210871 273152,210872 273152,35 273152,82920 273152
54129,35 54129,210871 35,210872 35,82920 35,210872 210871,273152 210871,35 210871,35061 210871,44514 210871,210871 273152,210872 273152,35 273152,82920 273152
28026,5062 28026,5064 28026,28026 5064,5062 5064,5069 5064,5075 5064,177115 5069,28026 5069,5062 5069,5064 5069,5075 5069,20193 5062,3085 5062,20193 3085,566653 3085,566664 3085,3932 5075,22386 3932,74975 3932
34082,14428 34082,14429 34082,14430 34082,14428 14429,14430 14429,73119 14429,14428 73119,14429 73119,14430 73119
578845,292277 578845
40125,131042 40125,141596 40125,24974 40125,34315 40125,24966 131042,24974 131042,910 131042,2696 5869,910 5869,910 5462,25702 910,5462 910,5869 910,77758 910,906 910
1129369
1154276,123825 1154276,733167 1154276,1717 733167,19621 123825,649731 123825,32688 1717,4330 1717,4335 1717,6913 1717,853114 19621,853115 19621,853116 19621,4330 32688,12638 4330,6913 4330,853115 853114
193354,11148 193354,193347 193354,193352 193354,193352 193347,612306 193347,348305 193352,193347 612306,193352 612306
446610
70441,3101 70441,70442 70441,70444 70441,20534 70442,70444 70442,13972 20534,6163 20534,6213 20534,3097 1952,1952 1949,1953 1949,3097 1949,3112 1949,1959 3097,82664 3097,82666 3097,1949 3101,1952 3101,3097 3101,124064 6163,6213 6163,6220 6163,6224 6163,4584 6213,6151 6213,887 6213,77826 3112,77829 3112
94639
458439
7297,1365 7297,19621 7297,49482 7297,7272 7297,853114 19621,853115 19621,853116 19621,853115 853114,144408 3229,29492 3229,30817 3229,6184 3229,1365 49482,19621 49482,3229 49482,19621 853116,853114 853116,853115 853116,202639 144408,231198 144408,29492 144408,19621 6184,4584 6184,6213 6184,6214 6184
27631,28412 27631,3229 27631,6184 27631,6214 27631,70520 27631,144408 3229,29492 3229,30817 3229,6184 3229,19621 6184,4584 6184,6213 6184,6214 6184,202639 144408,231198 144408,29492 144408,853114 19621,853115 19621,853116 19621,4584 6213,6151 6213,887 6213,4584 6151,6213 6151,887 6151,117 6214,4584 6214,6151 6214,6213 6214,24966 202639,25702 202639,69198 231198,853115 853114
137790
3932,22386 3932,74975 3932
264556
35490,887 35490,210872 210871,273152 210871,35 210871,35061 210871,44514 210871,210871 35,210872 35,82920 35,210871 198653,35 198653,198653 887,210871 887,35 887,210871 273152,210872 273152,35 273152,82920 273152
1105344,24966 1105344,63549 1105344,906 1105344,910 1105344,2696 5869,910 5869,910 5462,25702 910,5462 910,5869 910,77758 910,906 910,5348 2696,15076 25702,24043 15076,32276 15076
310530,1959 310530,22386 310530,3828 310530,38839 310530,936 3828,940 3828,941 3828,943 3828,1959 38839,22386 38839,310530 38839,941 940,20180 943,28265 943,940 20180,941 20180,940 28265,941 28265
265203,35 265203,887 265203,210871 35,210872 35,82920 35,210872 210871,273152 210871,35 210871,35061 210871,44514 210871,210871 198653,35 198653,198653 887,210871 887,35 887,210871 273152,210872 273152,35 273152,82920 273152
1135589,135464 1135589,255628 1135589
1717,32688 1717,4330 1717,4335 1717,6913 1717,4330 32688,12638 4330,6913 4330,646286 6913,646289 6913,126927 646286,16819 646286,642681 646286,642894 646286,643221 646286,16819 643221,643239 643221,643485 643221,642847 642681,643221 642894,642621 16819,643221 16819,643239 16819,103543 126927,126920 126927,643221 126927,643239 126927,645897 126927,12631 12638,6898 12631
1135368
733167,1717 733167,32688 1717,4330 1717,4335 1717,6913 1717,4330 32688,12638 4330,6913 4330
174425
1152569,46079 1152569,35 46079,210871 35,210872 35,82920 35,210872 210871,273152 210871,35 210871,35061 210871,44514 210871
1105116,35922 1105116,37879 1105116,28957 35922,3229 35922,4335 35922,50336 35922,144408 3229,29492 3229,30817 3229,6184 3229,35922 50336,6818 50336,202639 144408,231198 144408,29492 144408,19621 6184,4584 6184,6213 6184,6214 6184
190697,190698 190697,198443 190697,22229 190697,35 190697,41714 190697,119686 198443,13658 198443,190698 198443,35 198443,35 41714,44455 41714,210871 35,210872 35,82920 35,144701 22229,35061 22229,13654 119686,13658 119686,210872 210871,273152 210871,35 210871,35061 210871,44514 210871,22229 144701,35061 144701,13652 13654,80656 13654,41714 44455,210871 273152,210872 273152,35 273152,82920 273152,35 141342,141342 35061,32083 35061,35 35061
682508,683294 682508
8872
337766
428610,240321 428610,4330 428610,6913 428610,12638 4330,6913 4330,646286 6913,646289 6913,126927 646286,16819 646286,642681 646286,642894 646286,643221 646286,16819 643221,643239 643221,643485 643221,642847 642681,643221 642894,642621 16819,643221 16819,643239 16819,103543 126927,126920 126927,643221 126927,643239 126927,645897 126927,12631 12638,6898 12631
907845,129287 907845,145134 129287,24966 145134
22386
1106568,3229 1106568,75983 1106568,144408 3229,29492 3229,30817 3229,6184 3229,202639 144408,231198 144408,29492 144408,19621 6184,4584 6184,6213 6184,6214 6184,24966 202639,25702 202639,69198 231198,853114 19621,853115 19621,853116 19621,4584 6213,6151 6213,887 6213
1120880
5869,2696 5869,910 5869,5348 2696,910 5462,25702 910,5462 910,5869 910,77758 910,906 910,2696 5348,15076 25702,24043 15076,32276 15076
1128946,227178 1128946,593022 1128946,54129 593022,44455 227178,35 54129,210871 35,210872 35,82920 35,41714 44455,35 41714,44455 41714
601561,10798 601561,252715 601561,3236 601561,10798 252715
95579,28350 95579,6209 95579,95588 95579,95597 95579,114 28350,6213 28350,4584 6213,6151 6213,887 6213,4584 6151,6213 6151,887 6151
270085
1116181,20972 1116181,35863 20972,887 20972,28359 35863,3229 35863,6213 35863,144408 3229,29492 3229,30817 3229,6184 3229,4584 6213,6151 6213,887 6213,35863 28359,210872 210871,273152 210871,35 210871,35061 210871,44514 210871,210871 35,210872 35,82920 35,210871 198653,35 198653,198653 887,210871 887,35 887
575402,103515 575402,78511 575402,141342 78511,35 78511,78552 78511,78557 78511,35 103515,8865 103515,35 141342,210871 35,210872 35,82920 35,33818 78552,33823 78552,33823 33818,78552 33818,78555 33818,78557 33818,9586 33818,33818 78557,33823 78557,78552 78557,78555 78557,210872 210871,273152 210871,35 210871,35061 210871,44514 210871,35 8865
645088
167670,3217 167670,3220 167670,3223 167670,3231 167670,3236 167670,10169 3231,17798 3231,39127 3231,39131 3231,6334 3231,22563 3220,23738 22563,36140 22563,8224 22563,10169 6334,3231 6334,39131 6334,6767 6334,10177 10169,15429 10169,158614 10169,85688 8224,27895 23738,8224 23738,10169 17798,10169 39131,17798 39131,39130 39131,3240 39130,97377 39130,10169 158614,15429 10177
642593
1107067,10169 1107067,20528 1107067,3231 1107067,39126 1107067,6334 1107067,27631 20528,36162 20528,36167 20528,10169 3231,17798 3231,39127 3231,39131 3231,6334 3231,10169 39126,1999 39126,31483 39126,3231 39126,39165 39126,10169 6334,3231 6334,39131 6334,6767 6334,10177 10169,15429 10169,158614 10169,28412 27631,3229 27631,6184 27631,6214 27631,70520 27631,288 36167,4584 36167,70520 36167,162664 39165,31479 39165,31483 39165,92589 39165,10169 158614,15429 10177,144408 3229,29492 3229,30817 3229,6184 3229,19621 6184,4584 6184,6213 6184,6214 6184,40151 288,10169 17798,10169 39131,17798 39131,39130 39131,3240 39130,97377 39130,3191 162664,39890 162664,22563 6767,3218 6767,23738 22563,36140 22563,8224 22563,10177 15429
37879
39165,162664 39165,31479 39165,31483 39165,92589 39165,3191 162664,39890 162664,16008 3191,3192 3191,39890 3191,5086 3191,51049 39890
213279,12330 213279,2702 12330
646195,16819 646195,38537 646195,642621 16819,643221 16819,643239 16819,16819 643221,643239 643221,643485 643221,642894 643239,643221 643239,643221 642894,642894 643485,643221 643485,644577 643485
1130657
28412
1121459,112378 1121459,22563 1121459,40886 1121459,10435 112378,1272 112378,27895 112378,36140 112378,40886 112378,23738 22563,36140 22563,8224 22563,22563 10435,22564 10435,22566 10435,13686 1272,4584 1272,85688 8224,27895 23738,8224 23738,22563 36140,22563 13686,27535 13686,40135 13686,6184 13686
1118092,20526 1118092,28254 1118092,288 1118092,40151 288,128 20526,28227 20526,6169 20526,6213 20526,27623 28254,27627 28254,27631 28254,27632 28254,4329 28254,114 128,28487 128,4584 128,6213 128,4584 6213,6151 6213,887 6213,114 28227,28350 28227,6213 28227,28412 27631,3229 27631,6184 27631,6214 27631,70520 27631,4330 4329,2354 40151,137790 2354,74749 2354,4584 6151,6213 6151,887 6151,114 28350,6213 28350,28227 6169,144408 3229,29492 3229,30817 3229,6184 3229,19621 6184,4584 6184,6213 6184,6214 6184,12638 4330,6913 4330
124952
229635,12576 229635,35 229635,8872 229635,35 12576,6213 12576,83725 12576,887 12576,210871 35,210872 35,82920 35,4584 6213,6151 6213,887 6213,210872 210871,273152 210871,35 210871,35061 210871,44514 210871,12576 83725,56112 83725,6741 83725,12576 56112,83725 56112,4584 6151,6213 6151,887 6151,210871 198653,35 198653,198653 887,210871 887,35 887,210871 273152,210872 273152,35 273152,82920 273152
1105428,4274 1105428,51909 1105428,8703 1105428,51879 51909,6741 51909,8703 51909,10435 8703,10798 8703,4649 8703,85688 8703,22563 10435,22564 10435,22566 10435,23738 22563,36140 22563,8224 22563,1272 85688,13686 1272,4584 1272
75694
289945
180373,10796 180373,27174 180373,59798 180373,77758 180373,10798 10796,6213 10796,887 10796,25181 27174,3229 27174,59798 27174,4584 6213,6151 6213,887 6213,3229 25181,59798 25181,144408 3229,29492 3229,30817 3229,6184 3229,4584 6151,6213 6151,887 6151,210872 210871,273152 210871,35 210871,35061 210871,44514 210871,210871 35,210872 35,82920 35,210871 198653,35 198653,198653 887,210871 887,35 887,202639 144408,231198 144408,29492 144408,19621 6184,4584 6184,6213 6184,6214 6184
177993,286513 177993
85449,137380 85449,262178 85449,46491 137380
6818,29723 6818,300806 6818,52515 300806,300806 29723,35905 29723,3229 52515,91038 52515,29723 35905,910 35905,144408 3229,29492 3229,30817 3229,6184 3229
1108175,18781 1108175,4804 1108175,10177 4804,12210 4804,12350 4804,9515 4804,15429 12350,51180 12350,10177 12210,12350 12210,4804 12210,15429 10177,12195 51180,38722 51180,67415 51180,10177 9515,15429 9515
1128990,103482 1128990,27510 1128990,35 103482,103482 27510,35 27510,210871 35,210872 35,82920 35,210872 210871,273152 210871,35 210871,35061 210871,44514 210871
649739,123825 649739,19621 649739,853114 19621,853115 19621,853116 19621,19621 123825,649731 123825,853115 853114,19621 853116,853114 853116,853115 853116
124224,6898 124224,124224 6898,12631 6898,12638 6898,6898 12631,12631 12638
1117920,134316 1117920,142268 1117920,65074 1117920,134316 142268,65074 142268,87915 142268,137130 65074,89416 65074,134307 134316,134314 134316,142268 134316,23070 134316,65074 134316,89416 137130,23070 134307,65057 134307,65074 134307,74698 134307,74700 134307,137130 23070,23069 23070,65074 23070,74698 23070,87915 23070,23070 87915,65074 87915,504 89416,506 89416,504 506,89416 506,65074 65057,134315 23069,134320 23069,74700 23069
6151,4584 6151,6213 6151,887 6151,4584 6213,6151 6213,887 6213,210872 210871,273152 210871,35 210871,35061 210871,44514 210871,210871 35,210872 35,82920 35,210871 198653,35 198653,198653 887,210871 887,35 887,210871 273152,210872 273152,35 273152,82920 273152
1103499
12165,12182 12165,12195 12165,12211 12165,12238 12165,12210 12182,28649 12182,4804 12182,12182 12211,6125 12211,12350 12195,51180 12195,67415 12195,10177 12210,12350 12210,4804 12210,10177 4804,12210 4804,12350 4804,9515 4804,12195 51180,38722 51180,67415 51180,15429 12350,51180 12350,15429 10177,12210 6125,12350 6125,1246 6125,2653 6125,59626 6125,12195 38722,67415 38722,10177 67415,12210 67415,12350 67415
13269,50336 13269,50337 13269,35922 50337,50336 50337,6818 50337,35922 50336,6818 50336,28957 35922,3229 35922,4335 35922,50336 35922,29723 6818,300806 6818,52515 300806,300806 29723,35905 29723,144408 3229,29492 3229,30817 3229,6184 3229
63477,10169 63477,3231 63477,60682 63477,14531 60682,10169 3231,17798 3231,39127 3231,39131 3231,6334 3231,10177 10169,15429 10169,158614 10169,10169 6334,3231 6334,39131 6334,6767 6334,10169 158614,15429 10177,10169 17798,10169 39131,17798 39131,39130 39131,3240 39130,97377 39130,10177 15429
1107455,114 1107455,20534 1107455,23774 1107455,6213 1107455,13972 20534,6163 20534,6213 20534,20534 23774,6213 23774,4584 6213,6151 6213,887 6213,124064 6163,6213 6163,6220 6163,6224 6163,4584 6151,6213 6151,887 6151,114 124064,28542 124064,4584 124064,6213 124064,6214 124064,210872 210871,273152 210871,35 210871,35061 210871,44514 210871,210871 35,210872 35,82920 35,210871 198653,35 198653,198653 887,210871 887,35 887
97390,14062 97390
74821
1125492,231249 1125492,82920 1125492,35 231249,210871 35,210872 35,82920 35,210872 210871,273152 210871,35 210871,35061 210871,44514 210871
1131301,642894 1131301,644577 1131301,645046 1131301,645870 1131301,643221 642894,642894 645870,643221 644577,644427 644577,16819 643221,643239 643221,643485 643221,642894 645046,642894 643485,643221 643485,644577 643485,642621 16819,643221 16819,643239 16819
1112426,219446 1112426,29492 1112426,144408 219446,202639 144408,231198 144408,29492 144408,24966 202639,25702 202639,69198 231198
1153262,17208 1153262,4804 1153262,77438 1153262,9716 1153262,13193 17208,17201 17208,36131 17208,6213 17208,10177 4804,12210 4804,12350 4804,9515 4804,36131 77438,37888 77438,36802 37888,77438 37888,28350 13193,28489 13193,6213 13193,4584 6213,6151 6213,887 6213,15429 12350,51180 12350,10177 12210,12350 12210,4804 12210,15429 10177,114 28350,6213 28350,4584 6151,6213 6151,887 6151,12195 51180,38722 51180,67415 51180,10177 9515,15429 9515
43698,10531 43698,31353 43698,31353 10531,10531 31353
3191,16008 3191,3192 3191,39890 3191,5086 3191,51049 39890,3187 5086,3191 5086,3192 5086,5086 3187,15987 3192,16008 3192,3191 3192
1111230,193742 1111230,6213 1111230,114 193742,4584 193742,6151 193742,6213 193742,4584 6213,6151 6213,887 6213,4584 6151,6213 6151,887 6151,210872 210871,273152 210871,35 210871,35061 210871,44514 210871,210871 35,210872 35,82920 35,210871 198653,35 198653,198653 887,210871 887,35 887
17476,117 17476,13269 17476,6385 17476,887 17476,50336 13269,50337 13269,35922 50337,50336 50337,6818 50337,35922 50336,6818 50336,210872 210871,273152 210871,35 210871,35061 210871,44514 210871,210871 35,210872 35,82920 35,210871 198653,35 198653,198653 887,210871 887,35 887,28957 35922,3229 35922,4335 35922,50336 35922,210871 273152,210872 273152,35 273152,82920 273152
28485,114 28485,6209 28485,6213 28485,4584 6213,6151 6213,887 6213,4584 6151,6213 6151,887 6151,210872 210871,273152 210871,35 210871,35061 210871,44514 210871,210871 35,210872 35,82920 35,210871 198653,35 198653,198653 887,210871 887,35 887
39904,1365 39904,22835 39904
178209,6639 178209,22431 6639,3218 6639,8224 6639,75121 22431,8224 22431,85688 8224,267003 75121,85688 75121
575795,12576 575795,35 12576,6213 12576,83725 12576,887 12576,4584 6213,6151 6213,887 6213,210871 35,210872 35,82920 35,12576 83725,56112 83725,6741 83725,12576 56112,83725 56112,4584 6151,6213 6151,887 6151,210872 210871,273152 210871,35 210871,35061 210871,44514 210871,210871 198653,35 198653,198653 887,210871 887,35 887
1129518,189721 1129518,189856 1129518,124952 189721,189566 189856,36802 189856
1120731,13195 1120731,399339 1120731,6184 1120731,6196 1120731,6210 1120731,28350 6210,28489 6210,4584 6210,6213 6210,114 6196,4584 6196,6214 6196,6184 399339,6213 399339,6214 399339,19621 6184,4584 6184,6213 6184,6214 6184,114 28350,6213 28350,4584 6213,6151 6213,887 6213,853114 19621,853115 19621,853116 19621,4584 6151,6213 6151,887 6151,117 6214,4584 6214,6151 6214,6213 6214,853115 853114
576725,1688 576725,35 576725,35 1688,58758 1688,210871 35,210872 35,82920 35,210872 210871,273152 210871,35 210871,35061 210871,44514 210871,576973 58758,58758 576973,210871 273152,210872 273152,35 273152,82920 273152
1127530,15987 1127530,3191 1127530,16008 3191,3192 3191,39890 3191,5086 3191,51049 39890,3187 5086,3191 5086,3192 5086,5086 3187,15987 3192,16008 3192,3191 3192
1111978,210309 1111978,23116 1111978,15429 210309,24966 23116,253762 23116,27627 23116,65212 23116,10177 15429,15429 10177
1152673,25181 1152673,30895 1152673,3229 1152673,59798 1152673,10796 30895,1272 30895,3243 30895,59798 30895,8224 30895,3229 25181,59798 25181,144408 3229,29492 3229,30817 3229,6184 3229,85688 8224,10798 10796,6213 10796,887 10796,13686 1272,4584 1272,202639 144408,231198 144408,29492 144408,19621 6184,4584 6184,6213 6184,6214 6184,4584 6213,6151 6213,887 6213,22563 13686,27535 13686,40135 13686,6184 13686,24966 202639,25702 202639,69198 231198,853114 19621,853115 19621,853116 19621
610529
193347,193352 193347,612306 193347,348305 193352,193347 612306,193352 612306
22835,1365 22835
559804,189655 559804,39890 559804,714260 559804,714289 559804,73162 559804,189655 714260,714256 714260,73162 714260,51049 39890,15987 714289,39890 714289,523574 714289,559804 714289,39890 714256
1119004
116081,39127 116081
36620,10531 36620,3220 36620,3240 36620,39130 36620,31353 10531,97377 3240,3240 39130,97377 39130,22563 3220,23738 22563,36140 22563,8224 22563,85688 8224,27895 23738,8224 23738,10531 31353,8224 97377
238401
264347,14807 264347,123556 14807,50354 14807,50354 123556,123556 50354
57119
16437
25805,124734 25805,166989 25805,20601 25805,4804 25805,12350 20601,20602 20601,10177 124734,20601 124734,27606 124734,59626 124734,10177 4804,12210 4804,12350 4804,9515 4804,15429 12350,51180 12350,15429 10177,10177 12210,12350 12210,4804 12210,12350 20602,20601 20602,12195 51180,38722 51180,67415 51180,10177 27606,10177 9515,15429 9515
80515,7532 80515,80491 80515,7537 7532,80491 7532,7532 7537
574710,12576 574710,127033 574710,135130 574710,12576 127033,56112 127033,56115 127033,56119 127033,62718 127033,12576 135130,35 135130,56115 135130,35 12576,6213 12576,83725 12576,887 12576,12576 56112,83725 56112,12576 62718,56115 62718,83725 62718,12576 56119,35 56119,56112 56119,56115 56119,83725 56119,56112 56115,83725 56115,210871 35,210872 35,82920 35,4584 6213,6151 6213,887 6213,210872 210871,273152 210871,35 210871,35061 210871,44514 210871,12576 83725,56112 83725,6741 83725,4584 6151,6213 6151,887 6151,210871 198653,35 198653,198653 887,210871 887,35 887
287787,110041 287787,35 287787,210871 35,210872 35,82920 35,210872 210871,273152 210871,35 210871,35061 210871,44514 210871,210871 273152,210872 273152,35 273152,82920 273152
976334,114 976334,4584 976334,6196 976334,6216 976334,887 976334,114 6196,4584 6196,6214 6196,210872 210871,273152 210871,35 210871,35061 210871,44514 210871,210871 35,210872 35,82920 35,210871 198653,35 198653,198653 887,210871 887,35 887,4584 6151,6213 6151,887 6151,4584 6213,6151 6213,887 6213,117 6214,4584 6214,6151 6214,6213 6214,210871 273152,210872 273152,35 273152,82920 273152
1106236,3097 1106236,73327 1106236,82664 1106236,82666 1106236,1959 3097,82664 3097,82666 3097,1959 73327,198866 73327,64271 73327,887 35490,20179 20178,91852 20178,91853 20178,20178 64271,35490 64271
593068,70970 593068,141342 70970,608190 70970,608191 70970,82920 70970,35 141342,210871 35,210872 35,82920 35,141342 608191,575077 608191,608190 608191
1123493
1131180,642894 1131180,643221 642894,16819 643221,643239 643221,643485 643221,642894 643485,643221 643485,644577 643485,642621 16819,643221 16819,643239 16819
217139,11335 217139,143323 217139
1152162,31353 1152162,35905 1152162,35922 1152162,29723 35905,910 35905,28957 35922,3229 35922,4335 35922,50336 35922,10531 31353,31353 10531,300806 29723,35905 29723,144408 3229,29492 3229,30817 3229,6184 3229,35922 50336,6818 50336,2696 5869,910 5869,910 5462,25702 910,5462 910,5869 910,77758 910,906 910,52515 300806,202639 144408,231198 144408,29492 144408,19621 6184,4584 6184,6213 6184,6214 6184
1128291,116545 1128291,54129 1128291,578646 1128291,578650 1128291,108047 578646,54129 578646,578898 578646,35 54129,210871 35,210872 35,82920 35,108047 578898,254923 108047,28336 108047,38205 108047,54129 108047,210872 210871,273152 210871,35 210871,35061 210871,44514 210871,108047 28336,117315 28336,54129 28336,1272 254923,35 254923,415693 254923,210871 38205,35 38205,887 38205
683355,159897 683355,189623 683355,189856 683355,50336 683355,683404 683355,108962 159897,108983 159897,28957 159897,310653 159897,189566 189856,36802 189856,35922 50336,6818 50336,35778 108983,108963 108962,108974 108962,108983 108962,35778 108962,108983 683404,189856 683404,683355 683404,683360 683404,522338 683360,28957 35922,3229 35922,4335 35922,50336 35922,73146 35778,108962 310653,108983 310653,159897 310653,108962 108963,108974 108963,29723 6818,300806 6818,52515 300806,300806 29723,35905 29723,144408 3229,29492 3229,30817 3229,6184 3229
129042,1949 129042,1952 1949,1953 1949,3097 1949,3112 1949,3097 1952,1959 3097,82664 3097,82666 3097,77826 3112,77829 3112
191222
1129015,593104 1129015,593942 1129015,594039 1129015,54131 593942,593104 593942,594011 593942,66564 593942,94639 593942,103515 54131,28851 54131,35 54131,66556 54131,35 103515,8865 103515,210871 35,210872 35,82920 35,35 66556,575077 66556,85352 66556,35 28851
133615,8224 133615,85688 8224,1272 85688,13686 1272,4584 1272
197452,24966 197452,36162 197452
8696
1128256,11337 1128256,1272 1128256,13686 1272,4584 1272,22563 13686,27535 13686,40135 13686,6184 13686,23738 22563,36140 22563,8224 22563,51866 27535,8703 27535,19621 6184,4584 6184,6213 6184,6214 6184
1132461,4330 1132461,6130 1132461,671269 1132461,672071 1132461,69392 1132461,12638 4330,6913 4330,672064 6130,672070 6130,672071 6130,6130 671269,1365 69392,240321 69392,4330 69392,641976 672071,672070 672071,641976 672070,672071 672070,12631 12638,6898 12631,145134 641976,24966 641976,3229 641976,24966 145134,144408 3229,29492 3229,30817 3229,6184 3229,24966 202639,25702 202639,4584 6213,6151 6213,887 6213,202639 672064,6213 672064
31863,79809 31863,91581 31863,11342 79809,24966 79809,358866 79809,358887 79809,5086 79809,23738 11342,79809 11342,8224 11342,79809 358866,1272 560936,1365 560936,562123 560936,6784 560936,137868 91581,31863 91581,560936 91581,79809 91581,38537 137868,3187 5086,3191 5086,3192 5086,16008 3191,3192 3191,39890 3191,5086 3191,5086 3187,85688 8224,27895 23738,8224 23738,1365 562123,560936 562123,6784 562123,13686 1272,4584 1272
325314
17201
1108050,1365 1108050,2696 1108050,5348 1108050,5348 2696,2696 5348
18785
51180,12195 51180,38722 51180,67415 51180,12195 38722,67415 38722,12350 12195,51180 12195,67415 12195,10177 67415,12210 67415,12350 67415,15429 12350,51180 12350,10177 12210,12350 12210,4804 12210,15429 10177,10177 4804,12210 4804,12350 4804,9515 4804
1127430,35 1127430,85352 1127430,210871 35,210872 35,82920 35,210872 210871,273152 210871,35 210871,35061 210871,44514 210871,35 85352,210871 273152,210872 273152,35 273152,82920 273152
1152991,16843 1152991,71736 1152991,126793 16843,16819 126793,642621 16819,643221 16819,643239 16819
576973,58758 576973,576973 58758
31483
1035,35852 1035,45605 1035,240791 45605,32083 45605,35061 45605,19621 240791,35061 240791,45605 240791,35 141342,210871 35,210872 35,82920 35,141342 35061,32083 35061,35 35061,853114 19621,853115 19621,853116 19621
1138091
189774,653441 189774,714208 189774,73162 189774,15987 653441,39890 653441,523574 653441,559804 653441,73162 653441,714289 714208,189655 559804,39890 559804,714260 559804,714289 559804,73162 559804,51049 39890,189655 714260,714256 714260,73162 714260,15987 714289,39890 714289,523574 714289,559804 714289
6814
13960,130 13960,13966 13960,1481 13960,6213 13960,6214 13960,114 130,36802 130,39403 130,6163 130,4584 6213,6151 6213,887 6213,124064 6163,6213 6163,6220 6163,6224 6163,4584 6151,6213 6151,887 6151,117 6214,4584 6214,6151 6214,6213 6214,114 39403,117 39403,128 39403,130 39403,114 128,28487 128,4584 128,6213 128,114 124064,28542 124064,4584 124064,6213 124064,6214 124064,210872 210871,273152 210871,35 210871,35061 210871,44514 210871,210871 35,210872 35,82920 35,210871 198653,35 198653,198653 887,210871 887,35 887
48764
5055
245955
1153275,46501 1153275,79809 1153275,11342 79809,24966 79809,358866 79809,358887 79809,5086 79809,23738 11342,79809 11342,8224 11342,79809 358866,3187 5086,3191 5086,3192 5086,16008 3191,3192 3191,39890 3191,5086 3191,5086 3187,85688 8224,27895 23738,8224 23738
103529,103528 103529,3112 103529,89308 103528,77826 3112,77829 3112,3112 77829,3112 77826,5600 77826
1104031,887 35490,35490 1104031,210872 210871,273152 210871,35 210871,35061 210871,44514 210871,210871 35,210872 35,82920 35,210871 198653,35 198653,198653 887,210871 887,35 887
7032,1997 7032,25772 1997,3233 1997,116528 25772,77758 25772,1997 3233,3236 3233,3240 3233,49811 3233,97377 3240
854434
853115
78994,12631 78994,6898 78994,6898 12631,124224 6898,12631 6898,12638 6898,6898 124224,12631 12638
212107
738941
239800,19697 239800,24966 239800,4335 239800,71904 239800,24966 19697
98698,35 98698,82920 98698,84021 98698,210871 35,210872 35,82920 35,143323 84021,1688 84021,35 84021,82920 84021,98698 84021,210872 210871,273152 210871,35 210871,35061 210871,44514 210871,35 1688,58758 1688,210871 273152,210872 273152,35 273152,82920 273152
36140,22563 36140,23738 22563,36140 22563,8224 22563,85688 8224,27895 23738,8224 23738
131317
219446,144408 219446,202639 144408,231198 144408,29492 144408,24966 202639,25702 202639,69198 231198
1117348,202639 1117348,6814 1117348,24966 202639,25702 202639,15076 25702,24043 15076,32276 15076
73712
105856,133553 105856,133563 105856,16485 105856,175548 105856,48550 133563,48555 133563,5194 133563,141160 133553,289945 48550,3229 48550,48555 48550,910 48550,144408 3229,29492 3229,30817 3229,6184 3229,123556 141160,50354 123556
126868
91975,114 91975,128 91975,28471 91975,6213 91975,89547 91975,114 128,28487 128,4584 128,6213 128,4584 6213,6151 6213,887 6213,114 28471,117 28471,6213 28471,89547 28471,4584 6151,6213 6151,887 6151,15429 89547,10177 15429,15429 10177,210872 210871,273152 210871,35 210871,35061 210871,44514 210871,210871 35,210872 35,82920 35,210871 198653,35 198653,198653 887,210871 887,35 887
1128531,133615 1128531,55403 1128531,8224 1128531,8224 133615,133615 55403,8224 55403,85688 8224,1272 85688,13686 1272,4584 1272
20601,12350 20601,20602 20601,15429 12350,51180 12350,12350 20602,20601 20602,12195 51180,38722 51180,67415 51180,12195 38722,67415 38722,12350 12195,51180 12195,67415 12195,10177 15429,15429 10177
519318,35778 519318,73146 35778,18777 18774,73146 18774,18774 73146,18777 73146,23738 73146,35778 73146,27895 23738,8224 23738
14090
13654,13652 13654,80656 13654,80656 13652
949511,1365 949511,3229 949511,144408 3229,29492 3229,30817 3229,6184 3229,202639 144408,231198 144408,29492 144408,19621 6184,4584 6184,6213 6184,6214 6184,24966 202639,25702 202639,69198 231198,853114 19621,853115 19621,853116 19621,4584 6213,6151 6213,887 6213
1136397,240321 1136397,25702 1136397,4330 1136397,4335 1136397,906 1136397,12638 4330,6913 4330,15076 25702,24043 15076,32276 15076,12631 12638,6898 12631
1123215,149139 1123215,288107 1123215
72056,2702 72056
350373,22563 36140,23738 22563,36140 22563,8224 22563,36140 350373,85688 8224,27895 23738,8224 23738
12194
582511,11335 582511,545647 582511,5959 582511,11335 545647,582511 545647,5959 545647,37483 5959,64519 37483,887 64519
346243,3220 346243,39130 346243,3240 39130,97377 39130,22563 3220,23738 22563,36140 22563,8224 22563,97377 3240,85688 8224,27895 23738,8224 23738,8224 97377
77829,3112 77829,77826 3112,77829 3112,3112 77826,5600 77826
711994
1130243
1120049,133553 1120049,133563 1120049,16485 1120049,175548 1120049,48550 133563,48555 133563,5194 133563,141160 133553,289945 48550,3229 48550,48555 48550,910 48550,144408 3229,29492 3229,30817 3229,6184 3229,123556 141160,50354 123556
1111614
49847,22431 49847,2440 49847,49843 49847,8224 49847,75121 22431,8224 22431,85688 8224,11335 49843,22431 49843,2440 49843,3218 49843,8224 49843,37483 2440,267003 75121,85688 75121,64519 37483,434 267003,1272 85688,13686 1272,4584 1272,887 64519
1110390,1955 1110390,27246 1110390,5966 1110390
4878,1481 4878
10186,10174 10186,10183 10186,137790 10186,2354 10186,74749 10186,10798 10183,137790 2354,74749 2354,137790 74749,2354 74749
6898,124224 6898,12631 6898,12638 6898,6898 124224,6898 12631,12631 12638
20972,35863 20972,887 20972,28359 35863,3229 35863,6213 35863,144408 3229,29492 3229,30817 3229,6184 3229,4584 6213,6151 6213,887 6213,35863 28359,210872 210871,273152 210871,35 210871,35061 210871,44514 210871,210871 35,210872 35,82920 35,210871 198653,35 198653,198653 887,210871 887,35 887,202639 144408,231198 144408,29492 144408,19621 6184,4584 6184,6213 6184,6214 6184,4584 6151,6213 6151,887 6151,210871 273152,210872 273152,35 273152,82920 273152
13658
90470,189566 90470
267003,434 267003,10798 434,114 434,4649 434,6213 434,8703 434,4584 6213,6151 6213,887 6213,4584 6151,6213 6151,887 6151,10435 8703,10798 8703,4649 8703,85688 8703,22563 10435,22564 10435,22566 10435
194617,10531 194617,31353 194617,31927 194617,31932 194617,31353 10531,194609 31927,31353 31927,563613 31927,194617 31932,215912 31932,31927 31932,3243 31932,10531 31353,194609 215912,194617 215912
1113852,137790 1113852,2354 1113852,74749 1113852,137790 2354,74749 2354,137790 74749,2354 74749
235776,20584 235776,46887 235776,6311 235776,6767 235776,20584 6311,46887 6311,8224 6311,22563 6767,3218 6767,23738 22563,36140 22563,8224 22563,85688 8224,27895 23738,8224 23738
687401
12631,6898 12631,124224 6898,12631 6898,12638 6898,6898 124224,12631 12638
66563,35 66563,54131 66563,66556 66563,66564 66563,210871 35,210872 35,82920 35,35 66556,575077 66556,85352 66556,103515 54131,28851 54131,35 54131,66556 54131,210872 210871,273152 210871,35 210871,35061 210871,44514 210871,35 103515,8865 103515,35 28851,210871 273152,210872 273152,35 273152,82920 273152,35 85352,210871 575077,35 575077
1117653,1365 1117653,335042 1117653
60560
220420
1131360,1688 1131360,307656 1131360,35 1131360,646900 1131360,35 1688,58758 1688,210871 35,210872 35,82920 35,210872 210871,273152 210871,35 210871,35061 210871,44514 210871,576973 58758,58758 576973,210871 273152,210872 273152,35 273152,82920 273152
672070,641976 672070,672071 672070,145134 641976,24966 641976,3229 641976,24966 145134,144408 3229,29492 3229,30817 3229,6184 3229,641976 672071,672070 672071,202639 144408,231198 144408,29492 144408,19621 6184,4584 6184,6213 6184,6214 6184
28649
2653
1111733,94229 1111733,22563 94229,23738 22563,36140 22563,8224 22563,85688 8224,27895 23738,8224 23738
211906
1131277,137868 1131277,38537 1131277,645084 1131277,645088 1131277,38537 137868,153063 645084,642641 645084,645088 645084,38537 153063,561568 153063,561613 153063,153063 561568,561613 561568
16471,16474 16471,12337 16474,16437 16474,16471 16474,16476 16474
1688,35 1688,58758 1688,210871 35,210872 35,82920 35,576973 58758,58758 576973,210872 210871,273152 210871,35 210871,35061 210871,44514 210871,210871 273152,210872 273152,35 273152,82920 273152
193931,100197 193931,105856 193931,105865 193931,133553 105856,133563 105856,16485 105856,175548 105856,3229 100197,3191 105865,3192 105865,48550 133563,48555 133563,5194 133563,141160 133553,144408 3229,29492 3229,30817 3229,6184 3229,16008 3191,3192 3191,39890 3191,5086 3191,289945 48550,3229 48550,48555 48550,910 48550,202639 144408,231198 144408,29492 144408,19621 6184,4584 6184,6213 6184,6214 6184,51049 39890,15987 3192,16008 3192,3191 3192
334153,216877 334153,216878 334153,887 334153,210872 210871,273152 210871,35 210871,35061 210871,44514 210871,210871 35,210872 35,82920 35,210871 198653,35 198653,198653 887,210871 887,35 887,210871 273152,210872 273152,35 273152,82920 273152
1103985,1688 1103985,35 1103985,35 1688,58758 1688,210871 35,210872 35,82920 35,210872 210871,273152 210871,35 210871,35061 210871,44514 210871,576973 58758,58758 576973,210871 273152,210872 273152,35 273152,82920 273152
1129572,194609 1129572,194617 1129572,31927 1129572,377303 1129572,563613 1129572,10531 194617,31353 194617,31927 194617,31932 194617,194609 31927,31353 31927,563613 31927,195792 377303,31353 10531,194617 31932,215912 31932,31927 31932,3243 31932,251756 195792,62329 195792,10531 31353,62329 251756
32083
1127558,561809 1127558,67584 1127558
250566
650807
390896,35922 390896,6814 390896,6818 390896,28957 35922,3229 35922,4335 35922,50336 35922,29723 6818,300806 6818,52515 300806,300806 29723,35905 29723,144408 3229,29492 3229,30817 3229,6184 3229,35922 50336,6818 50336,3229 52515,91038 52515,29723 35905,910 35905,202639 144408,231198 144408,29492 144408,19621 6184,4584 6184,6213 6184,6214 6184
57764,12337 57764,1246 57764,36140 57764,46500 57764,46501 57764,36140 46500,22563 36140,23738 22563,36140 22563,8224 22563,85688 8224,27895 23738,8224 23738
78552,33818 78552,33823 78552,33823 33818,78552 33818,78555 33818,78557 33818,9586 33818,33818 78557,33823 78557,78552 78557,78555 78557,78511 9586,78552 9586,78557 9586,141342 78511,35 78511,78552 78511,78557 78511
11337
1112071,212097 1112071,212107 1112071
1022969,33301 1022969,5600 1022969,54550 5600,10183 54550,10798 10183
1136110
1131164
671269,6130 671269,672064 6130,672070 6130,672071 6130,641976 672070,672071 672070,641976 672071,672070 672071,24966 202639,25702 202639,4584 6213,6151 6213,887 6213,202639 672064,6213 672064
1125597,513189 1125597,35 513189,573964 513189,82920 513189,210871 35,210872 35,82920 35,210872 210871,273152 210871,35 210871,35061 210871,44514 210871,35 573964,513189 573964
77515,12210 77515,15429 77515,4804 77515,10177 12210,12350 12210,4804 12210,10177 4804,12210 4804,12350 4804,9515 4804,10177 15429,15429 10177,15429 12350,51180 12350,12195 51180,38722 51180,67415 51180,10177 9515,15429 9515
70970,141342 70970,608190 70970,608191 70970,82920 70970,35 141342,210871 35,210872 35,82920 35,141342 608191,575077 608191,608190 608191,575077 608190,210872 210871,273152 210871,35 210871,35061 210871,44514 210871,210871 575077,35 575077
1118245,114 1118245,17201 1118245,32872 1118245,7419 1118245,13972 20534,6163 20534,6213 20534,4584 6213,6151 6213,887 6213,20534 7419,6169 7419,6213 7419,117 32872,17201 32872,17208 32872,13193 17208,17201 17208,36131 17208,6213 17208,124064 6163,6213 6163,6220 6163,6224 6163,4584 6151,6213 6151,887 6151,28227 6169,114 28227,28350 28227,6213 28227,28350 13193,28489 13193,6213 13193
1136634,753047 1136634,753070 753047,753264 753047,753265 753047,4330 753265,753047 753265,12638 4330,6913 4330,753047 753264,753070 753264,175548 753070,753047 753070
45599,132806 45599,35 45599,35 132806,4584 132806,210871 35,210872 35,82920 35,210872 210871,273152 210871,35 210871,35061 210871,44514 210871,210871 273152,210872 273152,35 273152,82920 273152
77758,1365 77758
1114125,114 1114125,128 1114125,114 128,28487 128,4584 128,6213 128,4584 6213,6151 6213,887 6213,4584 6151,6213 6151,887 6151
30895,10796 30895,1272 30895,3243 30895,59798 30895,8224 30895,85688 8224,10798 10796,6213 10796,887 10796,13686 1272,4584 1272,4584 6213,6151 6213,887 6213,22563 13686,27535 13686,40135 13686,6184 13686,1272 85688,4584 6151,6213 6151,887 6151,210872 210871,273152 210871,35 210871,35061 210871,44514 210871,210871 35,210872 35,82920 35,210871 198653,35 198653,198653 887,210871 887,35 887,23738 22563,36140 22563,8224 22563,51866 27535,8703 27535,19621 6184,4584 6184,6213 6184,6214 6184
157401,1365 157401,3229 157401,144408 3229,29492 3229,30817 3229,6184 3229,202639 144408,231198 144408,29492 144408,19621 6184,4584 6184,6213 6184,6214 6184,24966 202639,25702 202639,69198 231198,853114 19621,853115 19621,853116 19621,4584 6213,6151 6213,887 6213
216877
13212
1116328,89547 1116328,15429 89547,10177 15429,15429 10177
40151,2354 40151,137790 2354,74749 2354,137790 74749,2354 74749
54550,10183 54550,10798 10183
1118017,1365 157401,3229 157401,157401 1118017,144408 3229,29492 3229,30817 3229,6184 3229,202639 144408,231198 144408,29492 144408,19621 6184,4584 6184,6213 6184,6214 6184
31349,10531 31349,31336 31349,31353 31349,43698 31349,31353 10531,10531 31336,31353 31336,10531 43698,31353 43698,10531 31353
112378,10435 112378,1272 112378,27895 112378,36140 112378,40886 112378,22563 10435,22564 10435,22566 10435,13686 1272,4584 1272,22563 36140,23738 22563,36140 22563,8224 22563,22563 13686,27535 13686,40135 13686,6184 13686,85688 8224,27895 23738,8224 23738,22563 22564,10435 22566,22563 22566,22564 22566,51866 27535,8703 27535,19621 6184,4584 6184,6213 6184,6214 6184
202639,24966 202639,25702 202639,15076 25702,24043 15076,32276 15076
1481
66982,35922 66982,39199 66982,39210 66982,39199 39210,66982 39210,66986 39210,66990 39210,28957 35922,3229 35922,4335 35922,50336 35922,11093 39199,32276 39199,52515 39199,39210 66986,83847 66986,144408 3229,29492 3229,30817 3229,6184 3229,35922 50336,6818 50336,4330 11093,3229 52515,91038 52515,126912 66990,19621 66990,39199 66990,400356 66990,853114 19621,853115 19621,853116 19621,202639 144408,231198 144408,29492 144408,19621 6184,4584 6184,6213 6184,6214 6184,12638 4330,6913 4330
709113,8591 709113,8594 709113,8594 8591
101145,101143 101145,8703 101145,89308 101145,1956 101143,1959 101143,82666 101143,1955 1956,35 1956,3828 1956,936 1956,10435 8703,10798 8703,4649 8703,85688 8703,22563 10435,22564 10435,22566 10435,210871 35,210872 35,82920 35,936 3828,940 3828,941 3828,943 3828,23738 22563,36140 22563,8224 22563,1272 85688,13686 1272,4584 1272
31043,13885 31043,34961 31043,910 31043,27535 34961,51866 34961,4584 13885,90888 13885,2696 5869,910 5869,910 5462,25702 910,5462 910,5869 910,77758 910,906 910,51879 51866,8703 51866,51866 27535,8703 27535,5348 2696,15076 25702,24043 15076,32276 15076,1365 90888,3229 90888,144408 3229,29492 3229,30817 3229,6184 3229
1132857,682508 1132857,683294 1132857,683294 682508
77112
1116922,318187 1116922,6939 1116922,63915 6939,63931 6939,2440 63931,37483 63931,64519 37483,37483 2440,22563 63915,36140 63915,23738 22563,36140 22563,8224 22563
161221,1365 161221,6213 161221,887 161221,4584 6213,6151 6213,887 6213,4584 6151,6213 6151,887 6151,210872 210871,273152 210871,35 210871,35061 210871,44514 210871,210871 35,210872 35,82920 35,210871 198653,35 198653,198653 887,210871 887,35 887,210871 273152,210872 273152,35 273152,82920 273152
1119471,12169 1119471,12197 1119471,12199 1119471,12247 1119471,12158 12199,12198 12199,20601 12199,20602 12199,12199 12247,20601 12247,20602 12247,219239 12247,10177 12197,15429 12197,12350 20601,20602 20601,12198 12158,12350 12158,20601 12158,20602 12158,10177 12198,12350 12198,27612 12198,12182 219239,15429 219239,157761 219239,42207 219239,15429 10177,15429 12350,51180 12350,12350 20602,20601 20602,12198 27612,12350 27612,6125 27612,12210 12182,28649 12182,4804 12182,1246 42207,20601 42207,20602 42207,95225 42207,12182 157761,155738 157761,219239 157761,4804 157761,10177 15429
6344
27623
31479
684372,19621 684372,684531 684372,910 684372,853114 19621,853115 19621,853116 19621,2696 5869,910 5869,910 5462,25702 910,5462 910,5869 910,77758 910,906 910,853115 853114,5348 2696,15076 25702,24043 15076,32276 15076,19621 853116,853114 853116,853115 853116
573535,66751 573535,693143 573535,573535 693143,66751 693143
1132968,1365 1132968,205192 1132968,2665 1132968,5348 1132968,8581 1132968,230879 205192,2665 205192,237489 2665,237521 2665,8581 2665,2696 5348,5348 2696,1365 237521,135464 237489,2665 237489
642920
709518
649944,145315 649944,294126 649944,145315 294126
120084,135464 120084,1365 120084,255628 120084,264556 120084
578645,108047 578645,116545 578645,54129 578645,578646 578645,578845 578645,108047 578646,54129 578646,578898 578646,254923 108047,28336 108047,38205 108047,54129 108047,35 54129,210871 35,210872 35,82920 35,108047 578898,108047 28336,117315 28336,54129 28336,1272 254923,35 254923,415693 254923,210871 38205,35 38205,887 38205,210872 210871,273152 210871,35 210871,35061 210871,44514 210871,117316 117315,54129 117315,13686 1272,4584 1272,287787 415693,35 415693,84021 415693
7537,7532 7537,7537 7532,80491 7532
74700,23069 74700,134315 23069,134320 23069,74700 23069
153063,38537 153063,561568 153063,561613 153063,153063 561568,561613 561568,153063 561613
7047
55968,114 55968,27631 55968,6213 55968,6385 55968,28412 27631,3229 27631,6184 27631,6214 27631,70520 27631,4584 6213,6151 6213,887 6213,144408 3229,29492 3229,30817 3229,6184 3229,19621 6184,4584 6184,6213 6184,6214 6184,4584 6151,6213 6151,887 6151,202639 144408,231198 144408,29492 144408,853114 19621,853115 19621,853116 19621,117 6214,4584 6214,6151 6214,6213 6214,210872 210871,273152 210871,35 210871,35061 210871,44514 210871,210871 35,210872 35,82920 35,210871 198653,35 198653,198653 887,210871 887,35 887
136766,136767 136766,136768 136766,2440 136766,63931 136766,9708 136766,37483 2440,2440 136768,63931 136768,9708 136768,2440 63931,37483 63931,64519 37483,887 64519
28249
5064,28026 5064,5062 5064,5069 5064,5075 5064,5062 28026,5064 28026,177115 5069,28026 5069,5062 5069,5064 5069,5075 5069,20193 5062,3085 5062,20193 3085,566653 3085,566664 3085,3932 5075,22386 3932,74975 3932
80656
416867
159084
4637,12169 4637
28287,114 28287,28290 28287,4584 28287,56708 28287,56709 28287,12576 28290,35 28290,35 12576,6213 12576,83725 12576,887 12576,210871 35,210872 35,82920 35,12576 56709,28287 56709,28290 56709,56708 56709,4584 6213,6151 6213,887 6213,210872 210871,273152 210871,35 210871,35061 210871,44514 210871
1135125,1272 1135125,27543 1135125,424 1135125,197452 424,77758 424,13686 1272,4584 1272,24966 197452,36162 197452,22563 13686,27535 13686,40135 13686,6184 13686,23738 22563,36140 22563,8224 22563,51866 27535,8703 27535,19621 6184,4584 6184,6213 6184,6214 6184
5959,37483 5959,64519 37483,887 64519
595193,22229 595193,22241 595193,144701 22229,35061 22229,22229 22241,22229 144701,35061 144701,35 141342,210871 35,210872 35,82920 35,141342 35061,32083 35061,35 35061
174418,174425 174418,32276 174418
66986,39210 66986,83847 66986,39199 39210,66982 39210,66986 39210,66990 39210,11093 39199,32276 39199,52515 39199,35922 66982,39199 66982,39210 66982,28957 35922,3229 35922,4335 35922,50336 35922,126912 66990,19621 66990,39199 66990,400356 66990,853114 19621,853115 19621,853116 19621,4330 11093,3229 52515,91038 52515
675847,240321 675847,6130 675847,672064 6130,672070 6130,672071 6130,641976 672070,672071 672070,641976 672071,672070 672071,24966 202639,25702 202639,4584 6213,6151 6213,887 6213,202639 672064,6213 672064
173863,18777 173863
1113084
5062,20193 5062,3085 5062,20193 3085,566653 3085,566664 3085
124828,24966 124828
273152,210871 273152,210872 273152,35 273152,82920 273152,210872 210871,273152 210871,35 210871,35061 210871,44514 210871,210871 35,210872 35,82920 35,35 141342,141342 35061,32083 35061,35 35061
502574,51909 502574,8703 502574,51879 51909,6741 51909,8703 51909,10435 8703,10798 8703,4649 8703,85688 8703,22563 10435,22564 10435,22566 10435,23738 22563,36140 22563,8224 22563,1272 85688,13686 1272,4584 1272
249858,10177 249858,111866 249858,27606 249858,59626 249858,64319 249858,12197 111866,249858 111866,27606 111866,64319 111866,15429 10177,10177 27606,10177 12197,15429 12197,10177 15429
1103676,20528 1103676,27895 1103676,4330 1103676,27631 20528,36162 20528,36167 20528,12638 4330,6913 4330,28412 27631,3229 27631,6184 27631,6214 27631,70520 27631,288 36167,4584 36167,70520 36167,144408 3229,29492 3229,30817 3229,6184 3229,19621 6184,4584 6184,6213 6184,6214 6184,40151 288,12631 12638,6898 12631
1135894,197452 1135894,43186 1135894,739816 1135894,24966 197452,36162 197452
255233,3084 255233,5600 255233,143323 3084,198653 3084,936 3084,54550 5600,10183 54550,210871 198653,35 198653,10798 10183,210872 210871,273152 210871,35 210871,35061 210871,44514 210871,210871 35,210872 35,82920 35
12439,22563 12439,36140 12439,910 12439,23738 22563,36140 22563,8224 22563,22563 36140,85688 8224,27895 23738,8224 23738,2696 5869,910 5869,910 5462,25702 910,5462 910,5869 910,77758 910,906 910,5348 2696,15076 25702,24043 15076,32276 15076
117
1153900,578646 1153900,594511 1153900,108047 578646,54129 578646,578898 578646,108047 578898,254923 108047,28336 108047,38205 108047,54129 108047,35 54129,210871 35,210872 35,82920 35,108047 28336,117315 28336,54129 28336,1272 254923,35 254923,415693 254923,210871 38205,35 38205,887 38205
1102850,10531 1102850,31353 10531,10531 31353
376704
696346,230879 696346,2658 696346,2665 696346,578337 696346,696345 696346,230879 2658,2665 2658,696345 2658,205192 578337,230879 578337,2665 578337,99030 578337,237489 2665,237521 2665,8581 2665,230879 205192,2665 205192,1365 237521,135464 237489,2665 237489,230879 696345,2658 696345,2665 696345,578337 696345,205192 99030,230879 99030
240321
1154500
1133846,154023 1133846,154047 1133846,154047 154023,154023 154047
67246,31769 67246,67245 67246,32083 31769,3229 31769,67245 31769,67246 31769,144408 3229,29492 3229,30817 3229,6184 3229,31769 67245,202639 144408,231198 144408,29492 144408,19621 6184,4584 6184,6213 6184,6214 6184
8594
63931,2440 63931,37483 63931,64519 37483,37483 2440,887 64519
628888,19621 628888,853114 19621,853115 19621,853116 19621,853115 853114,19621 853116,853114 853116,853115 853116
561568,153063 561568,561613 561568,38537 153063,561568 153063,561613 153063,153063 561613
1105530,67292 1105530,910 1105530,910 67292,2696 5869,910 5869,910 5462,25702 910,5462 910,5869 910,77758 910,906 910,5348 2696,15076 25702,24043 15076,32276 15076
1105932,14531 1105932,25772 1105932,39127 1105932,75969 1105932,75972 1105932,116528 25772,77758 25772,6639 178209,178209 116084,39127 116084,6639 116084,116084 75972,178209 75972,39127 75972,22431 6639,3218 6639,8224 6639
3236
1106492,27241 1106492,3218 1106492,44017 1106492,84020 1106492,23738 84020,27895 23738,8224 23738,11339 44017,11326 11339,11339 11326,85688 8224
127033,12576 127033,56112 127033,56115 127033,56119 127033,62718 127033,12576 56112,83725 56112,12576 62718,56115 62718,83725 62718,35 12576,6213 12576,83725 12576,887 12576,12576 56119,35 56119,56112 56119,56115 56119,83725 56119,56112 56115,83725 56115,4584 6213,6151 6213,887 6213,210871 35,210872 35,82920 35,12576 83725,56112 83725,6741 83725,4584 6151,6213 6151,887 6151,210872 210871,273152 210871,35 210871,35061 210871,44514 210871,210871 198653,35 198653,198653 887,210871 887,35 887
595157,210871 595157,28851 595157,210872 210871,273152 210871,35 210871,35061 210871,44514 210871,35 28851,210871 273152,210872 273152,35 273152,82920 273152,210871 35,210872 35,82920 35,35 141342,141342 35061,32083 35061,35 35061
13024,137956 13024,58268 13024,8594 58268,58268 137956,8591 137956,8594 8591
630817,2665 630817,237489 2665,237521 2665,8581 2665,1365 237521,135464 237489,2665 237489
10798
38537
118435
396412,300806 396412,3229 396412,35922 396412,50337 396412,631015 396412,35922 50337,50336 50337,6818 50337,52515 300806,144408 3229,29492 3229,30817 3229,6184 3229,28957 35922,3229 35922,4335 35922,50336 35922,35922 50336,6818 50336,3229 52515,91038 52515,202639 144408,231198 144408,29492 144408,19621 6184,4584 6184,6213 6184,6214 6184,29723 6818,300806 6818,300806 29723,35905 29723,24966 202639,25702 202639,69198 231198,853114 19621,853115 19621,853116 19621,4584 6213,6151 6213,887 6213
899119,13024 899119,58268 899119,137956 13024,58268 13024,8594 58268,58268 137956,8591 137956,8594 8591
1102794
1109542,1997 1109542,25772 1997,3233 1997,116528 25772,77758 25772,1997 3233,3236 3233,3240 3233,49811 3233,97377 3240
129287,145134 129287,24966 145134
345340,116790 345340,130 345340,18777 345340,6214 345340,6224 345340,114 130,36802 130,39403 130,6163 130,173863 116790,18777 116790,4335 116790,73146 116790,124064 6163,6213 6163,6220 6163,6224 6163,18777 173863,6213 6215,6214 6215,887 6215,4584 6213,6151 6213,887 6213,114 124064,28542 124064,4584 124064,6213 124064,6214 124064,124064 6224,6213 6224,6214 6224,6215 6224,6220 6224,4584 6151,6213 6151,887 6151,117 6214,4584 6214,6151 6214,6213 6214,114 39403,117 39403,128 39403,130 39403,114 128,28487 128,4584 128,6213 128,73146 35778,18777 18774,73146 18774,18774 73146,18777 73146,23738 73146,35778 73146,27895 23738,8224 23738,114 6220,124064 6220,28350 6220,28412 6220,6213 6220,114 28350,6213 28350
1116835
18532,86923 18532,18532 86923,18536 86923
1119671,2663 1119671,7047 2663
3220,22563 3220,23738 22563,36140 22563,8224 22563,85688 8224,27895 23738,8224 23738,22563 36140
1116974,34257 1116974,45533 1116974,74427 1116974,74427 34257,340299 74427,1365 340299,42156 340299
17798,10169 17798,10177 10169,15429 10169,158614 10169,10169 158614,15429 10177,10177 15429
12946,4330 12946,910 12946,12638 4330,6913 4330,2696 5869,910 5869,910 5462,25702 910,5462 910,5869 910,77758 910,906 910,5348 2696,15076 25702,24043 15076,32276 15076,12631 12638,6898 12631
643221,16819 643221,643239 643221,643485 643221,642894 643485,643221 643485,644577 643485,642621 16819,643221 16819,643239 16819,642894 643239,643221 643239,643221 642894,643221 644577,644427 644577
86359,168332 86359,265203 86359,35 86359,35 265203,887 265203,210871 35,210872 35,82920 35,210872 210871,273152 210871,35 210871,35061 210871,44514 210871,210871 198653,35 198653,198653 887,210871 887,35 887,210871 273152,210872 273152,35 273152,82920 273152
906
390894,35922 390894,50336 390894,50337 390894,35922 50337,50336 50337,6818 50337,28957 35922,3229 35922,4335 35922,50336 35922,35922 50336,6818 50336,144408 3229,29492 3229,30817 3229,6184 3229,29723 6818,300806 6818,52515 300806,300806 29723,35905 29723,202639 144408,231198 144408,29492 144408,19621 6184,4584 6184,6213 6184,6214 6184
390889,156977 390889,4330 390889,4335 390889,66990 390889,12638 4330,6913 4330,126912 66990,19621 66990,39199 66990,400356 66990,853114 19621,853115 19621,853116 19621,11093 39199,32276 39199,52515 39199,12330 156977,2702 12330,853115 853114,103537 126912,103543 126912,126909 103543,126912 103543,126920 103543,126926 103543,126927 103543,18777 103537,28957 103537,4330 11093,3229 52515,91038 52515,12330 400356,12631 12638,6898 12631
1126350,12155 1126350,12198 1126350,10177 12198,12350 12198,27612 12198,20602 12155,15429 12350,51180 12350,12198 27612,12350 27612,6125 27612,15429 10177,12195 51180,38722 51180,67415 51180,12350 20602,20601 20602,12350 20601,20602 20601
40922,22563 3220,23738 22563,36140 22563,8224 22563,3220 40922,85688 8224,27895 23738,8224 23738
284025,119761 284025,143801 284025,93555 284025,12638 119761,284023 119761,284025 119761,93555 119761,119761 143801,93555 143801,346292 284023,93555 284023,12631 12638,6898 12631
119712
65057,65074 65057,137130 65074,89416 65074,89416 137130,504 89416,506 89416,504 506,89416 506
34708,33412 34708,3229 33412,144408 3229,29492 3229,30817 3229,6184 3229,202639 144408,231198 144408,29492 144408,19621 6184,4584 6184,6213 6184,6214 6184
647413,1688 647413,503883 647413,646913 647413,35 1688,58758 1688,210871 35,210872 35,82920 35,287787 503883,35 503883,110041 287787,35 287787,503883 646913,646809 646913,646900 646913,35 646809,503883 646809,8874 646809,576973 58758,58758 576973,210872 210871,273152 210871,35 210871,35061 210871,44514 210871
1114192,256106 1114192,2696 1114192,2698 1114192,5348 1114192,5348 2696,2696 256106,2698 256106,5348 256106,2696 5348,2695 2698,2696 2698,2696 2695,2698 2695,342802 2695,5348 2695,2695 342802,2696 342802,2698 342802,5348 342802
1117184,1481 1117184,261040 1117184,53942 1117184,56167 1117184,14531 56167,17798 56167,53942 56167,10169 17798,10177 10169,15429 10169,158614 10169
64484,114 64484
134307,23069 74700,134315 23069,134320 23069,74700 23069,65074 65057,137130 65074,89416 65074,89416 137130,23070 134307,65057 134307,65074 134307,74698 134307,74700 134307,137130 23070,23069 23070,65074 23070,74698 23070,87915 23070,23070 74698,65057 74698,65074 74698,23070 87915,65074 87915,504 89416,506 89416,504 506,89416 506
75121,267003 75121,85688 75121,434 267003,10798 434,114 434,4649 434,6213 434,8703 434,1272 85688,13686 1272,4584 1272,4584 6213,6151 6213,887 6213,22563 13686,27535 13686,40135 13686,6184 13686
288,40151 288,2354 40151,137790 2354,74749 2354
60159,399370 60159,35797 399370,60159 399370,60169 399370,60170 399370,1786 35797,36140 35797,4330 35797,6784 35797,35797 60170,6784 60170,22563 1786,27895 1786,46547 1786,12638 4330,6913 4330,35797 100961,6784 100961,100961 60169,35797 60169,60159 60169
593260,132806 593260,210872 593260,35 593260,35 132806,4584 132806,210871 35,210872 35,82920 35,210872 210871,273152 210871,35 210871,35061 210871,44514 210871,210871 273152,210872 273152,35 273152,82920 273152
753265,4330 753265,753047 753265,753070 753047,753264 753047,753265 753047,12638 4330,6913 4330,753047 753264,753070 753264,175548 753070,753047 753070,12631 12638,6898 12631
594011
582139,2665 582139,68224 582139,237489 2665,237521 2665,8581 2665,1365 237521,135464 237489,2665 237489
1126012,124952 1126012,17201 1126012
18313
134320
593022,54129 593022,35 54129,210871 35,210872 35,82920 35,210872 210871,273152 210871,35 210871,35061 210871,44514 210871
202522
1104769,25772 1104769,116528 25772,77758 25772
1154103,12631 1154103,169279 1154103,169280 1154103,6910 1154103,6898 12631,124224 169279,6910 169279,12638 263553,6910 263553,12631 6910,12638 6910,263553 6910,444191 6910,6898 6910,6898 124224,124224 6898,12631 6898,12638 6898,17363 444191,3229 444191,144408 3229,29492 3229,30817 3229,6184 3229,12631 12638
28336,108047 28336,117315 28336,54129 28336,117316 117315,54129 117315,254923 108047,28336 108047,38205 108047,54129 108047,35 54129,210871 35,210872 35,82920 35,38205 117316,54129 117316,575077 117316,1272 254923,35 254923,415693 254923,210871 38205,35 38205,887 38205,210872 210871,273152 210871,35 210871,35061 210871,44514 210871,13686 1272,4584 1272,287787 415693,35 415693,84021 415693
594900,35 594900,574009 594900,35 574009,210871 35,210872 35,82920 35,210872 210871,273152 210871,35 210871,35061 210871,44514 210871,210871 273152,210872 273152,35 273152,82920 273152
601462
6216
1152958,284023 1152958,346292 1152958,93555 1152958,346292 284023,93555 284023,284023 346292,32083 346292
107177,2653 107177
3095,10430 3095,1951 3095,10183 10430,10798 10183
10793
91038
93555,1365 93555
57773,235679 57773,235683 57773,235678 235679,235683 235679,235679 235678,235683 235678
63486,10169 63486,144330 63486,17811 63486,3231 63486,56115 63486,20193 144330,22431 144330,10169 3231,17798 3231,39127 3231,39131 3231,6334 3231,10177 10169,15429 10169,158614 10169,56112 56115,83725 56115,75121 22431,8224 22431,10169 6334,3231 6334,39131 6334,6767 6334,10169 158614,15429 10177,12576 56112,83725 56112,267003 75121,85688 75121,85688 8224,10169 17798,10169 39131,17798 39131,39130 39131,3240 39130,97377 39130,10177 15429,12576 83725,56112 83725,6741 83725,35 12576,6213 12576,83725 12576,887 12576
169280
70520
2696,5348 2696,2696 5348
608190,575077 608190,210872 210871,273152 210871,35 210871,35061 210871,44514 210871,210871 35,210872 35,82920 35,210871 575077,35 575077,210871 273152,210872 273152,35 273152,82920 273152
632796,31489 632796,633081 632796,633081 31489
32698,19697 32698,4335 32698,95718 32698,95719 32698,24966 19697,19697 95718,239800 95718,4335 95718,71904 95718,19697 239800,24966 239800,4335 239800,71904 239800,24966 95719,32698 95719
1153728,1953 1153728,1959 1153728,198866 1153728,73327 1153728,1959 73327,198866 73327,64271 73327,887 35490,20179 20178,91852 20178,91853 20178,20178 64271,35490 64271
84020,23738 84020,27895 23738,8224 23738,85688 8224
1108728,137359 1108728,137380 1108728,8224 1108728,46491 137380,85688 8224,1272 85688,13686 1272,4584 1272
576257,23116 576257,910 576257,24966 23116,253762 23116,27627 23116,65212 23116,2696 5869,910 5869,910 5462,25702 910,5462 910,5869 910,77758 910,906 910,5348 2696,15076 25702,24043 15076,32276 15076
35797,1786 35797,36140 35797,4330 35797,6784 35797,22563 1786,27895 1786,46547 1786,12638 4330,6913 4330,22563 36140,23738 22563,36140 22563,8224 22563,85688 8224,27895 23738,8224 23738,12631 12638,6898 12631
65212,24966 65212
579008,35 579008,54132 579008,575077 579008,210871 35,210872 35,82920 35,210872 210871,273152 210871,35 210871,35061 210871,44514 210871,210871 575077,35 575077,210871 273152,210872 273152,35 273152,82920 273152
1104007,12350 1104007,1246 1104007,15429 1104007,34979 1104007,15429 12350,51180 12350,12195 51180,38722 51180,67415 51180,10177 15429,15429 10177,13982 34979,34979 13982,12195 38722,67415 38722,12350 12195,51180 12195,67415 12195
5086,3187 5086,3191 5086,3192 5086,16008 3191,3192 3191,39890 3191,5086 3191,5086 3187,51049 39890,15987 3192,16008 3192,3191 3192
1131550,182094 1131550,650814 1131550,190706 182094,41714 182094,182094 650814,35 190706,41714 190706,45605 190706,35 41714,44455 41714,210871 35,210872 35,82920 35
79809,11342 79809,24966 79809,358866 79809,358887 79809,5086 79809,23738 11342,79809 11342,8224 11342,79809 358866,3187 5086,3191 5086,3192 5086,16008 3191,3192 3191,39890 3191,5086 3191,5086 3187,85688 8224,27895 23738,8224 23738,51049 39890,15987 3192,16008 3192,3191 3192
111676
232860
1131634,12359 1131634,123825 1131634,427606 1131634,16476 12359,8617 12359,19621 123825,649731 123825,35 427606,210871 35,210872 35,82920 35,853114 19621,853115 19621,853116 19621,210872 210871,273152 210871,35 210871,35061 210871,44514 210871,853115 853114
646289
1136791,54129 1136791,593240 1136791,35 54129,210871 35,210872 35,82920 35,227178 593240,35 593240,578845 593240,593155 593240,44455 227178,62329 593155,210872 210871,273152 210871,35 210871,35061 210871,44514 210871
739280
238099,3217 238099,6935 238099,101811 6935,63915 6935,12350 101811,23738 101811,15429 12350,51180 12350,27895 23738,8224 23738,22563 63915,36140 63915,23738 22563,36140 22563,8224 22563
385251,25805 385251,6125 385251,124734 25805,166989 25805,20601 25805,4804 25805,12350 20601,20602 20601,10177 124734,20601 124734,27606 124734,59626 124734,10177 4804,12210 4804,12350 4804,9515 4804,12210 6125,12350 6125,1246 6125,2653 6125,59626 6125,15429 12350,51180 12350,10177 12210,12350 12210,4804 12210,15429 10177,12195 51180,38722 51180,67415 51180
206524,44017 206524,11339 44017,11326 11339,11339 11326
155736,12182 155736,155738 155736,28649 155736,12210 12182,28649 12182,4804 12182,155736 155738,28649 155738,10177 12210,12350 12210,4804 12210,10177 4804,12210 4804,12350 4804,9515 4804,15429 12350,51180 12350,15429 10177
1959
409725,1213 409725,8766 409725,1213 8766,8594 1213
248431
78557,33818 78557,33823 78557,78552 78557,78555 78557,33823 33818,78552 33818,78555 33818,78557 33818,9586 33818,33818 78552,33823 78552,78511 9586,78552 9586,78557 9586,141342 78511,35 78511,78552 78511,78557 78511
1365
39210,35922 66982,39199 66982,39210 66982,39199 39210,66982 39210,66986 39210,66990 39210,28957 35922,3229 35922,4335 35922,50336 35922,11093 39199,32276 39199,52515 39199,39210 66986,83847 66986,144408 3229,29492 3229,30817 3229,6184 3229,35922 50336,6818 50336,4330 11093,3229 52515,91038 52515,126912 66990,19621 66990,39199 66990,400356 66990,853114 19621,853115 19621,853116 19621,853115 853114,103537 126912,103543 126912,126909 103543,126912 103543,126920 103543,126926 103543,126927 103543,18777 103537,28957 103537,12330 400356,2702 12330,12638 4330,6913 4330
270600
1126011
36802,189566 36802
1103031,14428 1103031,14429 1103031,14430 1103031,14431 1103031,14428 14429,14430 14429,73119 14429,14428 14431,14429 14431,14430 14431,73119 14431,14428 73119,14429 73119,14430 73119
19231
64319
684531
1114388,103482 1114388,1365 1114388,260979 1114388,35 103482,37541 260979,210871 35,210872 35,82920 35,137380 37541,46491 37541,210872 210871,273152 210871,35 210871,35061 210871,44514 210871,46491 137380
1120431,13656 1120431,13658 1120431,13686 1120431,35 1120431,22563 13686,27535 13686,40135 13686,6184 13686,13652 13656,13658 13656,80656 13656,210871 35,210872 35,82920 35,23738 22563,36140 22563,8224 22563,51866 27535,8703 27535,19621 6184,4584 6184,6213 6184,6214 6184,80656 13652,210872 210871,273152 210871,35 210871,35061 210871,44514 210871,85688 8224,27895 23738,8224 23738,51879 51866,8703 51866,853114 19621,853115 19621,853116 19621,4584 6213,6151 6213,887 6213,210871 273152,210872 273152,35 273152,82920 273152
230300,118259 230300,118260 230300,6216 230300,6209 118259,118259 118260,230300 118260,6209 118260
28674
1123576,24966 1123576,31353 1123576,10531 31353,31353 10531
20193,10798 20193
1154229,39890 1154229,523574 1154229,51049 39890
1140040,370366 1140040,906 1140040,910 1140040,2696 5869,910 5869,910 5462,25702 910,5462 910,5869 910,77758 910,906 910,5348 2696,15076 25702,24043 15076,32276 15076
634902,287787 634902,35 634902,110041 287787,35 287787,210871 35,210872 35,82920 35,210872 210871,273152 210871,35 210871,35061 210871,44514 210871,210871 273152,210872 273152,35 273152,82920 273152
1113995,1365 1113995,32083 1113995
1128319,108047 1128319,116545 1128319,54129 1128319,578646 1128319,108047 578646,54129 578646,578898 578646,254923 108047,28336 108047,38205 108047,54129 108047,35 54129,210871 35,210872 35,82920 35,108047 578898,108047 28336,117315 28336,54129 28336,1272 254923,35 254923,415693 254923,210871 38205,35 38205,887 38205,210872 210871,273152 210871,35 210871,35061 210871,44514 210871,117316 117315,54129 117315,13686 1272,4584 1272,287787 415693,35 415693,84021 415693
1919,35778 1919,73146 35778,18777 18774,73146 18774,18774 73146,18777 73146,23738 73146,35778 73146,27895 23738,8224 23738
20857,6923 20857,1272 6923,2440 6923,72908 6923,13686 1272,4584 1272,37483 2440,2440 72908,22563 13686,27535 13686,40135 13686,6184 13686,64519 37483
4983
1154232,189571 1154232,39890 1154232,51049 1154232,714256 1154232,714289 1154232,16008 189571,39890 189571,714289 189571,51049 39890,39890 714256,189655 559804,39890 559804,714260 559804,714289 559804,73162 559804,15987 714289,39890 714289,523574 714289,559804 714289,189655 714260,714256 714260,73162 714260
62634,54132 62634,94639 62634,94641 62634,575077 94641,210872 210871,273152 210871,35 210871,35061 210871,44514 210871,210871 35,210872 35,82920 35,210871 575077,35 575077
653441,15987 653441,39890 653441,523574 653441,559804 653441,73162 653441,189655 559804,39890 559804,714260 559804,714289 559804,73162 559804,51049 39890,189655 714260,714256 714260,73162 714260,15987 714289,39890 714289,523574 714289,559804 714289
128202,128203 128202,137790 128203
214472,13212 214472,75693 214472,75694 214472
561582,561581 561582,561595 561582,153063 561581,561582 561581,561595 561581,561674 561581,153063 561595,561610 561595,561611 561595,38537 153063,561568 153063,561613 153063,561789 561674,153063 561610,561611 561610,153063 561568,561613 561568
1132505,675649 1132505,675756 1132505,675847 1132505,240321 675649,25702 675649,675756 675649,910 675649,240321 675847,6130 675847,672064 6130,672070 6130,672071 6130,641976 672070,672071 672070,15076 25702,24043 15076,32276 15076,2696 5869,910 5869,910 5462,25702 910,5462 910,5869 910,77758 910,906 910
592975,248425 592975,38205 592975,57119 592975,592973 592975,592986 592975,35 248425,579008 248425,210871 38205,35 38205,887 38205,210871 35,210872 35,82920 35,38205 592986,57119 592986,592973 592986,592975 592986,35 592973,210872 210871,273152 210871,35 210871,35061 210871,44514 210871,35 579008,54132 579008,575077 579008,210871 273152,210872 273152,35 273152,82920 273152,210871 198653,35 198653,198653 887,210871 887,35 887
11326,11339 11326,11326 11339
12158,12198 12158,12350 12158,20601 12158,20602 12158,12350 20601,20602 20601,15429 12350,51180 12350,10177 12198,12350 12198,27612 12198,12350 20602,20601 20602,12195 51180,38722 51180,67415 51180,12198 27612,12350 27612,6125 27612,15429 10177,12195 38722,67415 38722,12350 12195,51180 12195,67415 12195,10177 15429
1107062,1033 1107062,1035 1107062,61069 1107062,35852 1035,45605 1035,35 1033,41714 1033,45605 1033,38205 61069,41714 61069,35 41714,44455 41714,210871 38205,35 38205,887 38205,210871 35,210872 35,82920 35,240791 45605,32083 45605,35061 45605,19621 240791,35061 240791,45605 240791,210872 210871,273152 210871,35 210871,35061 210871,44514 210871
29738
68224
132806,35 132806,4584 132806,210871 35,210872 35,82920 35,210872 210871,273152 210871,35 210871,35061 210871,44514 210871,210871 273152,210872 273152,35 273152,82920 273152
1110494
50807
119686,13654 119686,13658 119686,13652 13654,80656 13654,80656 13652
25702,15076 25702,24043 15076,32276 15076
1103969,14428 1103969,14429 1103969,14430 1103969,34082 1103969,14428 14429,14430 14429,73119 14429,14428 34082,14429 34082,14430 34082,14428 73119,14429 73119,14430 73119
13972
25184,25181 25184,27174 25184,3229 25184,3231 25184,3229 25181,59798 25181,144408 3229,29492 3229,30817 3229,6184 3229,10169 3231,17798 3231,39127 3231,39131 3231,6334 3231,25181 27174,3229 27174,59798 27174,202639 144408,231198 144408,29492 144408,19621 6184,4584 6184,6213 6184,6214 6184,10169 6334,3231 6334,39131 6334,6767 6334,10177 10169,15429 10169,158614 10169,24966 202639,25702 202639,69198 231198,853114 19621,853115 19621,853116 19621,4584 6213,6151 6213,887 6213,10169 17798,10169 39131,17798 39131,39130 39131,3240 39130,97377 39130,10169 158614,15429 10177
46476
1059953,12182 1059953,28640 1059953,12210 12182,28649 12182,4804 12182,10177 12210,12350 12210,4804 12210,10177 4804,12210 4804,12350 4804,9515 4804,12182 28640,15429 12350,51180 12350,15429 10177
35778,73146 35778,18777 18774,73146 18774,18774 73146,18777 73146,23738 73146,35778 73146,27895 23738,8224 23738,85688 8224
118436,118424 118436,118435 118436,16451 118436,4330 118436,12638 4330,6913 4330,12337 16451,12347 16451,12350 16451,12359 16451,15429 12350,51180 12350,16476 12359,8617 12359,16485 12347,12195 51180,38722 51180,67415 51180,12631 12638,6898 12631
142268,134316 142268,65074 142268,87915 142268,137130 65074,89416 65074,134307 134316,134314 134316,142268 134316,23070 134316,65074 134316,89416 137130,137130 23070,23069 23070,65074 23070,74698 23070,87915 23070,23070 87915,65074 87915,23070 134307,65057 134307,65074 134307,74698 134307,74700 134307,504 89416,506 89416,504 506,89416 506,134315 23069,134320 23069,74700 23069,65074 65057
1131359,646900 1131359,646913 1131359,503883 646913,646809 646913,646900 646913,35 646809,503883 646809,8874 646809,210871 35,210872 35,82920 35,287787 503883,35 503883,110041 287787,35 287787
1131230,6913 1131230,646286 6913,646289 6913,126927 646286,16819 646286,642681 646286,642894 646286,643221 646286,16819 643221,643239 643221,643485 643221,642847 642681,643221 642894,642621 16819,643221 16819,643239 16819,103543 126927,126920 126927,643221 126927,643239 126927,645897 126927
98693,14062 98693,97390 98693
593328,19045 593328,87363 593328,195792 19045,887 19045,19045 87363,593328 87363,593329 87363,887 87363,251756 195792,62329 195792,19045 593329,70970 593329,62329 251756,210872 210871,273152 210871,35 210871,35061 210871,44514 210871,210871 35,210872 35,82920 35,210871 198653,35 198653,198653 887,210871 887,35 887,141342 70970,608190 70970,608191 70970,82920 70970
159897,108962 159897,108983 159897,28957 159897,310653 159897,35778 108983,108963 108962,108974 108962,108983 108962,35778 108962,73146 35778,108962 310653,108983 310653,159897 310653,108962 108963,108974 108963
95594
1154520
1102407
1117049
9716
102884,4804 102884,10177 4804,12210 4804,12350 4804,9515 4804,15429 12350,51180 12350,10177 12210,12350 12210,4804 12210,15429 10177,12195 51180,38722 51180,67415 51180,10177 9515,15429 9515
20833,11335 20833,6318 20833
1102761,3231 1102761,8821 1102761,8832 1102761,3220 8832,10169 3231,17798 3231,39127 3231,39131 3231,6334 3231,3231 8821,66594 8821,66596 8821,10169 6334,3231 6334,39131 6334,6767 6334,10177 10169,15429 10169,158614 10169,22563 3220,23738 22563,36140 22563,8224 22563,1997 3233,3236 3233,3240 3233,49811 3233,27530 66594,3231 66594,3232 66594,3233 66594,49660 66594,10169 17798,10169 39131,17798 39131,39130 39131,3240 39130,97377 39130,10169 158614,15429 10177
1129106,28026 5064,5062 5064,5069 5064,5075 5064,5064 1129106,5062 28026,5064 28026,177115 5069,28026 5069,5062 5069,5064 5069,5075 5069,20193 5062,3085 5062,20193 3085,566653 3085,566664 3085,3932 5075,22386 3932,74975 3932
1131728,10435 112378,1272 112378,27895 112378,36140 112378,40886 112378,22563 10435,22564 10435,22566 10435,13686 1272,4584 1272,22563 36140,23738 22563,36140 22563,8224 22563,22563 13686,27535 13686,40135 13686,6184 13686,22563 3220,85688 8224,27895 23738,8224 23738,112378 1131728,3220 1131728,39131 1131728,40886 1131728,654177 1131728,10169 39131,17798 39131,39130 39131,3240 39130,97377 39130,10177 10169,15429 10169,158614 10169,112378 145215,3220 145215,40886 145215,63915 145215,112378 654177,145215 654177,3220 654177,40886 654177,10169 17798,97377 3240,10169 158614,15429 10177
694759,1688 694759,35 694759,35 1688,58758 1688,210871 35,210872 35,82920 35,210872 210871,273152 210871,35 210871,35061 210871,44514 210871,576973 58758,58758 576973,210871 273152,210872 273152,35 273152,82920 273152
39403,114 39403,117 39403,128 39403,130 39403,114 128,28487 128,4584 128,6213 128,114 130,36802 130,39403 130,6163 130,4584 6213,6151 6213,887 6213,124064 6163,6213 6163,6220 6163,6224 6163,4584 6151,6213 6151,887 6151,114 124064,28542 124064,4584 124064,6213 124064,6214 124064
139738
1106406,114 1106406,23774 1106406,6169 1106406,6213 1106406,20534 23774,6213 23774,4584 6213,6151 6213,887 6213,13972 20534,6163 20534,6213 20534,4584 6151,6213 6151,887 6151,28227 6169,114 28227,28350 28227,6213 28227,124064 6163,6213 6163,6220 6163,6224 6163,210872 210871,273152 210871,35 210871,35061 210871,44514 210871,210871 35,210872 35,82920 35,210871 198653,35 198653,198653 887,210871 887,35 887,114 28350,6213 28350
20602,12350 20602,20601 20602,12350 20601,20602 20601,15429 12350,51180 12350,12195 51180,38722 51180,67415 51180,12195 38722,67415 38722,12350 12195,51180 12195,67415 12195,10177 15429,15429 10177
95435,17201 95435,17208 95435,184157 95435,13193 17208,17201 17208,36131 17208,6213 17208,17201 184157,17208 184157,28350 13193,28489 13193,6213 13193,4584 6213,6151 6213,887 6213,114 28350,6213 28350,4584 6151,6213 6151,887 6151
50980,73972 50980,50980 73972
46500,36140 46500,22563 36140,23738 22563,36140 22563,8224 22563,85688 8224,27895 23738,8224 23738
14529
71736
300071,29723 300071,33231 300071,37884 300071,446610 300071,6814 300071,300806 29723,35905 29723,4330 37884,6814 37884,6818 37884,29723 35905,910 35905,52515 300806,12638 4330,6913 4330,3229 52515,91038 52515,29723 6818,300806 6818
1104647,45603 1104647,48764 1104647,48766 1104647,48768 1104647,8872 1104647,35 132806,4584 132806,210871 35,210872 35,82920 35,132806 48766,35 48766,35061 48766,210872 210871,273152 210871,35 210871,35061 210871,44514 210871,35 141342,141342 35061,32083 35061,35 35061
124734,10177 124734,20601 124734,27606 124734,59626 124734,12350 20601,20602 20601,15429 10177,15429 12350,51180 12350,10177 27606,12350 20602,20601 20602,12195 51180,38722 51180,67415 51180,10177 15429
1152975,36162 1152975,40151 1152975,6334 1152975,10169 6334,3231 6334,39131 6334,6767 6334,2354 40151,137790 2354,74749 2354,10169 3231,17798 3231,39127 3231,39131 3231,6334 3231,10177 10169,15429 10169,158614 10169,10169 39131,17798 39131,39130 39131,3240 39130,97377 39130,22563 6767,3218 6767,23738 22563,36140 22563,8224 22563,10169 158614,15429 10177
1131172,642798 1131172,642894 642798,643221 642894,16819 643221,643239 643221,643485 643221
646809,35 646809,503883 646809,8874 646809,210871 35,210872 35,82920 35,287787 503883,35 503883,110041 287787,35 287787,210872 210871,273152 210871,35 210871,35061 210871,44514 210871,210871 273152,210872 273152,35 273152,82920 273152
14545,51934 14545
252715,10798 252715
1131236,16819 1131236,642681 1131236,642894 1131236,643221 1131236,644093 1131236,16819 643221,643239 643221,643485 643221,642847 642681,643221 642894,642621 16819,643221 16819,643239 16819,642894 643485,643221 643485,644577 643485,126927 644093,16819 644093,642681 644093,643221 644093,643239 644093,103543 126927,126920 126927,643221 126927,643239 126927,645897 126927,38537 642847,642894 643239,643221 643239,126927 126920,126909 103543,126912 103543,126920 103543,126926 103543,126927 103543
1131549,144212 1131549,650807 1131549,190706 144212,41714 144212,45605 144212,35 190706,41714 190706,45605 190706,35 41714,44455 41714,210871 35,210872 35,82920 35,240791 45605,32083 45605,35061 45605,19621 240791,35061 240791,45605 240791
230879
1135108,1717 1135108,4330 1135108,6913 1135108,32688 1717,4330 1717,4335 1717,6913 1717,12638 4330,6913 4330,4330 32688,646286 6913,646289 6913,126927 646286,16819 646286,642681 646286,642894 646286,643221 646286,16819 643221,643239 643221,643485 643221,642847 642681,643221 642894,642621 16819,643221 16819,643239 16819,103543 126927,126920 126927,643221 126927,643239 126927,645897 126927,12631 12638,6898 12631
1153183,12182 1153183,264347 1153183,14807 264347,12210 12182,28649 12182,4804 12182,123556 14807,50354 14807,10177 12210,12350 12210,4804 12210,10177 4804,12210 4804,12350 4804,9515 4804,50354 123556,15429 12350,51180 12350,15429 10177
133550,3229 133550,5194 133550,144408 3229,29492 3229,30817 3229,6184 3229,202639 144408,231198 144408,29492 144408,19621 6184,4584 6184,6213 6184,6214 6184,24966 202639,25702 202639,69198 231198,853114 19621,853115 19621,853116 19621,4584 6213,6151 6213,887 6213
1153811,52847 1153811,6917 1153811,75969 1153811,8821 1153811,7032 52847,1272 6917,135765 6917,135766 6917,2440 6917,4649 6917,135766 135765,4649 135765,4649 135766,13686 1272,4584 1272,37483 2440,3231 8821,66594 8821,66596 8821,10169 3231,17798 3231,39127 3231,39131 3231,6334 3231,22563 13686,27535 13686,40135 13686,6184 13686,64519 37483,10169 6334,3231 6334,39131 6334,6767 6334,10177 10169,15429 10169,158614 10169,1997 3233,3236 3233,3240 3233,49811 3233,27530 66594,3231 66594,3232 66594,3233 66594,49660 66594,1997 7032,25772 1997,3233 1997
1109957,28350 1109957,6213 1109957,75674 1109957,114 28350,6213 28350,4584 6213,6151 6213,887 6213,4584 6151,6213 6151,887 6151,210872 210871,273152 210871,35 210871,35061 210871,44514 210871,210871 35,210872 35,82920 35,210871 198653,35 198653,198653 887,210871 887,35 887
25794,50838 25794
643485,642894 643485,643221 643485,644577 643485,16819 643221,643239 643221,643485 643221,643221 642894,642621 16819,643221 16819,643239 16819,643221 644577,644427 644577,642894 643239,643221 643239
236759,230879 236759,2658 236759,578337 236759,696345 236759,230879 2658,2665 2658,696345 2658,205192 578337,230879 578337,2665 578337,99030 578337,237489 2665,237521 2665,8581 2665,230879 205192,2665 205192,230879 696345,2658 696345,2665 696345,578337 696345,1365 237521,135464 237489,2665 237489,205192 99030,230879 99030
593329,195792 19045,887 19045,251756 195792,62329 195792,62329 251756,210872 210871,273152 210871,35 210871,35061 210871,44514 210871,210871 35,210872 35,82920 35,210871 198653,35 198653,198653 887,210871 887,35 887,141342 70970,608190 70970,608191 70970,82920 70970,35 141342,141342 608191,575077 608191,608190 608191,19045 593329,70970 593329
199571
589923,149669 589923,36802 589923,77438 589923,117 149669,189708 149669,39890 149669,6214 149669,36131 77438,37888 77438,36802 37888,77438 37888,51049 39890,117 189708,4584 6151,6213 6151,887 6151,4584 6213,6151 6213,887 6213,117 6214,4584 6214,6151 6214,6213 6214
1105148,13205 1105148,13208 1105148,13212 1105148,13205 13208,13212 13208
162075,162080 162075,162075 162080,738941 162080
12182,12210 12182,28649 12182,4804 12182,10177 12210,12350 12210,4804 12210,10177 4804,12210 4804,12350 4804,9515 4804,15429 12350,51180 12350,15429 10177,12195 51180,38722 51180,67415 51180,10177 9515,15429 9515
400473,29492 400473
93755
