55403,133615 55403,8224 55403,8224 133615,85688 8224,1272 85688,13686 1272,4584 1272
73146,73146 35778,18777 18774,73146 18774,18774 73146,18777 73146,23738 73146,35778 73146,27895 23738,8224 23738,85688 8224
1154233,39890 1154233,714256 1154233,51049 39890,39890 714256
228990
5600,54550 5600,10183 54550,10798 10183
1115166
1152394
253971,44514 253971
1129111,910 5462,2696 5869,910 5869,25702 910,5462 910,5869 910,77758 910,906 910,5348 2696,15076 25702,24043 15076,32276 15076,5462 1129111,910 1129111
15076,24043 15076,32276 15076
1129208,1272 1129208,17476 1129208,6378 1129208,117 17476,13269 17476,6385 17476,887 17476,10183 6378,6214 6378,6385 6378,13686 1272,4584 1272,50336 13269,50337 13269,10798 10183,22563 13686,27535 13686,40135 13686,6184 13686,35922 50337,50336 50337,6818 50337,35922 50336,6818 50336,210872 210871,273152 210871,35 210871,35061 210871,44514 210871,210871 35,210872 35,82920 35,210871 198653,35 198653,198653 887,210871 887,35 887,4584 6151,6213 6151,887 6151,4584 6213,6151 6213,887 6213,117 6214,4584 6214,6151 6214,6213 6214,23738 22563,36140 22563,8224 22563,51866 27535,8703 27535,19621 6184,4584 6184,6213 6184,6214 6184
1131420,648112 1131420,648121 1131420,648106 648112,648112 648106,648121 648106,648112 648121
561611
1131258,642621 1131258,644441 1131258,644448 1131258,643221 644448,16819 643221,643239 643221,643485 643221,642681 644441,642847 642681,642894 643485,643221 643485,644577 643485,642621 16819,643221 16819,643239 16819,38537 642847
604073
1132815,36162 1132815,8224 1132815,85688 8224,1272 85688,13686 1272,4584 1272
71904
262108
1116146,15892 1116146,15889 15892,3085 15889,20193 3085,566653 3085,566664 3085
90655,34257 90655,34263 90655,34266 90655,34257 34266,45533 34266,74427 34266,87482 34266,74427 34257,213246 34263,34257 34263,34266 34263,90655 34263,34257 87482,34263 87482,45533 87482,74427 87482,340299 74427,1365 340299,42156 340299
33895,58758 33895,576973 58758,58758 576973
27530
116790,18777 173863,73146 35778,18777 18774,73146 18774,18774 73146,18777 73146,23738 73146,35778 73146,27895 23738,8224 23738,85688 8224,173863 116790,18777 116790,4335 116790,73146 116790
102938,102939 102938,1237 102938,143676 102938,102938 143676,102939 143676,1237 143676
1106854
17821
164885,134199 164885,447224 164885,134199 447224,134219 447224,164885 447224
1109017,141342 40,35 141342,40 1109017,210871 35,210872 35,82920 35
62718,12576 62718,56115 62718,83725 62718,35 12576,6213 12576,83725 12576,887 12576,56112 56115,83725 56115,12576 83725,56112 83725,6741 83725,12576 56112,83725 56112,4584 6213,6151 6213,887 6213,210871 35,210872 35,82920 35,4584 6151,6213 6151,887 6151,210872 210871,273152 210871,35 210871,35061 210871,44514 210871,210871 198653,35 198653,198653 887,210871 887,35 887
1111186,192870 1111186,34257 1111186,74427 34257,34257 192870,340299 74427,1365 340299,42156 340299
1117089,12182 321861,2653 321861,12210 12182,28649 12182,4804 12182,321861 1117089,10177 12210,12350 12210,4804 12210,10177 4804,12210 4804,12350 4804,9515 4804
27250,23738 27250,2654 27250,45052 27250,8079 27250,27895 23738,8224 23738,27249 8079,23738 27249,36140 27249,46468 27249,85688 8224
131042,24966 131042,24974 131042,910 131042,2696 5869,910 5869,910 5462,25702 910,5462 910,5869 910,77758 910,906 910,5348 2696,15076 25702,24043 15076,32276 15076
95586,28487 95586,63835 95586,7430 95586,145384 7430,28504 7430,365294 7430,95594 7430,114308 63835,64519 63835,28504 365294,887 114308,887 64519
632935,31489 632935,633081 31489
1113831,248425 1113831,248431 1113831,35 1113831,35 248425,579008 248425,210871 35,210872 35,82920 35,210872 210871,273152 210871,35 210871,35061 210871,44514 210871,35 579008,54132 579008,575077 579008,210871 273152,210872 273152,35 273152,82920 273152
578646,108047 578646,54129 578646,578898 578646,108047 578898,254923 108047,28336 108047,38205 108047,54129 108047,35 54129,210871 35,210872 35,82920 35,108047 28336,117315 28336,54129 28336,1272 254923,35 254923,415693 254923,210871 38205,35 38205,887 38205,210872 210871,273152 210871,35 210871,35061 210871,44514 210871,117316 117315,54129 117315,13686 1272,4584 1272,287787 415693,35 415693,84021 415693
688849
192850,192850 272720,3233 272720,36145 272720,45189 272720,45188 45189,4804 45189,89547 45189,272720 192850,3233 192850,45189 192850,8079 192850,1997 3233,3236 3233,3240 3233,49811 3233,8617 36145,8619 36145,45189 45188,89547 45188,10177 4804,12210 4804,12350 4804,9515 4804,25772 1997,3233 1997,97377 3240,15429 12350,51180 12350,10177 12210,12350 12210,4804 12210,15429 10177,27249 8079,23738 27249,36140 27249,46468 27249,116528 25772,77758 25772,1997 49811,2440 49811,37483 2440,27895 23738,8224 23738
594483
1117476,210871 1117476,35 1117476,54132 1117476,210872 210871,273152 210871,35 210871,35061 210871,44514 210871,210871 35,210872 35,82920 35,210871 273152,210872 273152,35 273152,82920 273152,35 141342,141342 35061,32083 35061,35 35061
1102548
14431,14428 14431,14429 14431,14430 14431,73119 14431,14428 14429,14430 14429,73119 14429,14428 73119,14429 73119,14430 73119
1026
242663,39890 242663,51045 242663,51049 242663,51052 242663,39890 51045,51049 51045,51052 51045,51049 39890
82666
1152490,12330 1152490,156977 1152490,66990 1152490,2702 12330,126912 66990,19621 66990,39199 66990,400356 66990,853114 19621,853115 19621,853116 19621,11093 39199,32276 39199,52515 39199,12330 156977,853115 853114,103537 126912,103543 126912,126909 103543,126912 103543,126920 103543,126926 103543,126927 103543,18777 103537,28957 103537,4330 11093,3229 52515,91038 52515,12330 400356
6782
134315
8224,85688 8224,1272 85688,13686 1272,4584 1272,22563 13686,27535 13686,40135 13686,6184 13686
294126,145315 294126
308232,27535 308232,46491 308232,8703 308232,51866 27535,8703 27535,51879 51866,8703 51866,10435 8703,10798 8703,4649 8703,85688 8703,22563 10435,22564 10435,22566 10435,23738 22563,36140 22563,8224 22563,1272 85688,13686 1272,4584 1272
17242,137849 17242,109323 137849,5086 137849,5086 109323,3187 5086,3191 5086,3192 5086,16008 3191,3192 3191,39890 3191,5086 3191,5086 3187
46887
628751,205196 628751,85324 628751,815073 205196,815096 205196,205196 815096,574264 815096
1114398,192870 1114398,34257 1114398,74427 34257,34257 192870,340299 74427,1365 340299,42156 340299
66596
1129494
6917,1272 6917,135765 6917,135766 6917,2440 6917,4649 6917,135766 135765,4649 135765,4649 135766,13686 1272,4584 1272,37483 2440,22563 13686,27535 13686,40135 13686,6184 13686,64519 37483,23738 22563,36140 22563,8224 22563,51866 27535,8703 27535,19621 6184,4584 6184,6213 6184,6214 6184,887 64519
13656,13652 13656,13658 13656,80656 13656,80656 13652
593104
133566,133550 133566,133563 133566,133567 133566,5194 133566,3229 133550,5194 133550,48550 133563,48555 133563,5194 133563,144408 3229,29492 3229,30817 3229,6184 3229,289945 48550,3229 48550,48555 48550,910 48550,202639 144408,231198 144408,29492 144408,19621 6184,4584 6184,6213 6184,6214 6184
289781,35 289781,87417 289781,210871 35,210872 35,82920 35,210872 210871,273152 210871,35 210871,35061 210871,44514 210871,210871 273152,210872 273152,35 273152,82920 273152
51052
1103038,14529 1103038,14531 1103038,14545 1103038,14549 1103038,51934 14545,14545 14549,31479 14549,7047 14549
1114336,10183 1114336,259772 1114336,10798 10183,10183 259772
45061,11339 45061,11326 11339,11339 11326
395547,156977 395547,395553 395547,4329 395547,684972 395547,12330 395553,2702 395553,4330 395553,684986 395553,395553 684972,684986 684972,4330 4329,12638 4330,6913 4330,2702 12330,12330 156977,4330 684986
315789,7867 315789
1112767,226698 1112767,3229 1112767,144408 3229,29492 3229,30817 3229,6184 3229,202639 144408,231198 144408,29492 144408,19621 6184,4584 6184,6213 6184,6214 6184,24966 202639,25702 202639,69198 231198,853114 19621,853115 19621,853116 19621,4584 6213,6151 6213,887 6213
1123093,449841 1123093,135766 449841,4649 449841,6917 449841,4649 135766,1272 6917,135765 6917,135766 6917,2440 6917,4649 6917,135766 135765,4649 135765,13686 1272,4584 1272,37483 2440
1130637
189574,23738 189574,27895 23738,8224 23738,85688 8224
232605,232606 232605,8594 232605
59715,210871 59715,54131 59715,54132 59715,210872 210871,273152 210871,35 210871,35061 210871,44514 210871,103515 54131,28851 54131,35 54131,66556 54131,210871 273152,210872 273152,35 273152,82920 273152,210871 35,210872 35,82920 35,35 103515,8865 103515,35 66556,575077 66556,85352 66556,35 28851,35 141342,141342 35061,32083 35061,35 35061
1128846,19621 1128846,853114 19621,853115 19621,853116 19621,853115 853114,19621 853116,853114 853116,853115 853116
1107567,12182 12165,12195 12165,12211 12165,12238 12165,12210 12182,28649 12182,4804 12182,12182 12211,6125 12211,12350 12195,51180 12195,67415 12195,10177 12210,12350 12210,4804 12210,10177 4804,12210 4804,12350 4804,9515 4804,12195 51180,38722 51180,67415 51180,15429 12350,51180 12350,31353 10531,10531 31353,10531 1107567,12165 1107567,12195 1107567,12238 1107567,31353 1107567,12195 38722,67415 38722,10177 67415,12210 67415,12350 67415,15429 10177
1111265
59045,2653 59045,27243 59045
6767,22563 6767,3218 6767,23738 22563,36140 22563,8224 22563,85688 8224,27895 23738,8224 23738,22563 36140
1123188,124224 6898,12631 6898,12638 6898,6898 124224,6898 12631,12631 12638,12631 1123188,12638 1123188,662416 1123188,6898 1123188,6910 1123188,12631 662416,12638 662416,263553 662416,6910 662416,12638 263553,6910 263553,12631 6910,12638 6910,263553 6910,444191 6910,6898 6910,17363 444191,3229 444191,144408 3229,29492 3229,30817 3229,6184 3229
116087,116081 116087,116084 116087,39127 116087,39127 116081,178209 116084,39127 116084,6639 116084,6639 178209,22431 6639,3218 6639,8224 6639,75121 22431,8224 22431,85688 8224
52000,52003 52000,73712 52003
1120962,1272 1120962,22563 1120962,32083 1120962,23738 22563,36140 22563,8224 22563,13686 1272,4584 1272,85688 8224,27895 23738,8224 23738,22563 13686,27535 13686,40135 13686,6184 13686,22563 36140,51866 27535,8703 27535,19621 6184,4584 6184,6213 6184,6214 6184
66782,3218 66782
144408,202639 144408,231198 144408,29492 144408,24966 202639,25702 202639,69198 231198,15076 25702,24043 15076,32276 15076
155738,155736 155738,28649 155738,12182 155736,155738 155736,28649 155736,12210 12182,28649 12182,4804 12182,10177 12210,12350 12210,4804 12210,10177 4804,12210 4804,12350 4804,9515 4804
814836
300806,52515 300806,3229 52515,91038 52515,144408 3229,29492 3229,30817 3229,6184 3229,202639 144408,231198 144408,29492 144408,19621 6184,4584 6184,6213 6184,6214 6184
2698,2695 2698,2696 2698,5348 2696,2696 2695,2698 2695,342802 2695,5348 2695,2695 342802,2696 342802,2698 342802,5348 342802,2696 5348
102939
189572,16008 189571,39890 189571,714289 189571,51049 39890,189655 559804,39890 559804,714260 559804,714289 559804,73162 559804,15987 714289,39890 714289,523574 714289,559804 714289,39890 714256,16008 189572,189571 189572,714256 189572
75318,103430 75318,75318 103430
77438,36131 77438,37888 77438,36802 37888,77438 37888
1135137,1365 1135137,19621 1135137,910 1135137,853114 19621,853115 19621,853116 19621,2696 5869,910 5869,910 5462,25702 910,5462 910,5869 910,77758 910,906 910,853115 853114,5348 2696,15076 25702,24043 15076,32276 15076,19621 853116,853114 853116,853115 853116
1131741,654326 1131741,654339 1131741,3229 654326,654339 654326,144408 3229,29492 3229,30817 3229,6184 3229,654326 654339,202639 144408,231198 144408,29492 144408,19621 6184,4584 6184,6213 6184,6214 6184
12337
1106172,114 1106172,38722 1106172,6214 1106172,81350 1106172,12195 38722,67415 38722,12350 12195,51180 12195,67415 12195,4584 6151,6213 6151,887 6151,4584 6213,6151 6213,887 6213,117 6214,4584 6214,6151 6214,6213 6214,114 6196,4584 6196,6214 6196,18832 81350,38722 81350,6196 81350,10177 67415,12210 67415,12350 67415,15429 12350,51180 12350,10177 12210,12350 12210,4804 12210,15429 10177,12195 51180,38722 51180,67415 51180
1130780,31489 1130780,633081 1130780,9581 1130780,633081 31489,31489 9581
1119987,14529 1119987,17798 1119987,3218 1119987,10169 17798,10177 10169,15429 10169,158614 10169,10169 158614,15429 10177
45188,45189 45188,89547 45188,45188 45189,4804 45189,89547 45189,10177 4804,12210 4804,12350 4804,9515 4804,15429 12350,51180 12350,10177 12210,12350 12210,4804 12210,15429 10177,15429 89547,10177 15429
1121603,7537 7532,80491 7532,7532 7537,7532 80515,80491 80515,314459 1121603,7532 1121603,80515 1121603,7532 314459,7537 314459,80491 314459,80515 314459
853150
1131267,24966 1131267,3191 1131267,16008 3191,3192 3191,39890 3191,5086 3191,51049 39890,3187 5086,3191 5086,3192 5086,5086 3187,15987 3192,16008 3192,3191 3192
1123926,22563 1123926,2654 1123926,23738 22563,36140 22563,8224 22563,85688 8224,27895 23738,8224 23738,22563 36140
1152740,18834 1152740,6214 1152740,86359 1152740,56709 18834,86359 18834,168332 86359,265203 86359,35 86359,35 265203,887 265203,210871 35,210872 35,82920 35,4584 6151,6213 6151,887 6151,4584 6213,6151 6213,887 6213,117 6214,4584 6214,6151 6214,6213 6214,210872 210871,273152 210871,35 210871,35061 210871,44514 210871,114 28287,28290 28287,4584 28287,56708 28287,56709 28287,12576 28290,35 28290,35 12576,6213 12576,83725 12576,887 12576,12576 56709,28287 56709,28290 56709,56708 56709
187354,3218 187354,6923 187354,1272 6923,2440 6923,72908 6923,13686 1272,4584 1272,37483 2440,2440 72908,22563 13686,27535 13686,40135 13686,6184 13686,64519 37483
212097
26850,1365 26850
1153786,87915 1153786,137130 23070,23069 23070,65074 23070,74698 23070,87915 23070,137130 65074,89416 65074,23070 87915,65074 87915,134315 23069,134320 23069,74700 23069,89416 137130
2702
683360,522338 683360
75691,30817 75691,8581 75691
46491
1129021
259126,10169 259126,3231 259126,10169 3231,17798 3231,39127 3231,39131 3231,6334 3231,10177 10169,15429 10169,158614 10169,10169 6334,3231 6334,39131 6334,6767 6334,10169 158614,15429 10177,10169 17798,10169 39131,17798 39131,39130 39131,3240 39130,97377 39130,10177 15429
711598,10169 711598,10177 10169,15429 10169,158614 10169,10169 158614,15429 10177,10177 15429
128540,114 28287,28290 28287,4584 28287,56708 28287,56709 28287,12576 28290,35 28290,35 12576,6213 12576,83725 12576,887 12576,210871 35,210872 35,82920 35,12576 56709,28287 56709,28290 56709,56708 56709,128540 387795,28287 387795,35 387795,44455 387795,28287 128540,35 128540,387795 128540,44455 128540,41714 44455,35 41714,44455 41714,210872 210871,273152 210871,35 210871,35061 210871,44514 210871,210871 273152,210872 273152,35 273152,82920 273152
1154459,14062 1154459,35 1154459,82920 1154459,85352 1154459,210871 35,210872 35,82920 35,210872 210871,273152 210871,35 210871,35061 210871,44514 210871,35 85352,210871 273152,210872 273152,35 273152,82920 273152
40583,31489 40583,40605 40583,632874 40583,31489 40605,633081 40605,633585 40605,633081 31489,31489 632874,633081 632874,31489 633585,9581 633585
1132922
372862,57932 6925,6767 6925,22563 6767,3218 6767,23738 22563,36140 22563,8224 22563,3218 187354,6923 187354,1272 6923,2440 6923,72908 6923,13686 1272,4584 1272,37483 2440,187354 372862,20821 372862,6925 372862,6941 372862,3218 6941,6923 6941,93923 6941,1272 93923,6923 93923,72908 93923
1136422,1365 1136422,6184 1136422,19621 6184,4584 6184,6213 6184,6214 6184,853114 19621,853115 19621,853116 19621,4584 6213,6151 6213,887 6213,853115 853114,4584 6151,6213 6151,887 6151,117 6214,4584 6214,6151 6214,6213 6214
1131266
89308,111676 89308
1110947,10183 1110947,10796 1110947,22875 1110947,3243 1110947,10798 10796,6213 10796,887 10796,10798 10183,4584 6213,6151 6213,887 6213,4584 6151,6213 6151,887 6151,210872 210871,273152 210871,35 210871,35061 210871,44514 210871,210871 35,210872 35,82920 35,210871 198653,35 198653,198653 887,210871 887,35 887
93318
129558,936 129558,941 129558
251756,62329 251756,427606 62329,35 427606,210871 35,210872 35,82920 35
166825
1153195,231198 1153195,267824 1153195,69198 231198
299195,6152 299195,6213 299195,887 299195,4584 6213,6151 6213,887 6213,4584 6151,6213 6151,887 6151,114 193742,4584 193742,6151 193742,6213 193742,193742 6152,6151 6152,210872 210871,273152 210871,35 210871,35061 210871,44514 210871,210871 35,210872 35,82920 35,210871 198653,35 198653,198653 887,210871 887,35 887,210871 273152,210872 273152,35 273152,82920 273152
1153703,36162 1153703,40151 1153703,6334 1153703,10169 6334,3231 6334,39131 6334,6767 6334,2354 40151,137790 2354,74749 2354,10169 3231,17798 3231,39127 3231,39131 3231,6334 3231,10177 10169,15429 10169,158614 10169,10169 39131,17798 39131,39130 39131,3240 39130,97377 39130,22563 6767,3218 6767,23738 22563,36140 22563,8224 22563,10169 158614,15429 10177
601567,10796 601567,8224 601567,85688 8224,10798 10796,6213 10796,887 10796,4584 6213,6151 6213,887 6213,1272 85688,13686 1272,4584 1272,4584 6151,6213 6151,887 6151,210872 210871,273152 210871,35 210871,35061 210871,44514 210871,210871 35,210872 35,82920 35,210871 198653,35 198653,198653 887,210871 887,35 887
1132809,232606 1132809,8594 1132809
124296,33412 124296,3229 33412,144408 3229,29492 3229,30817 3229,6184 3229,202639 144408,231198 144408,29492 144408,19621 6184,4584 6184,6213 6184,6214 6184
10796,10798 10796,6213 10796,887 10796,4584 6213,6151 6213,887 6213,4584 6151,6213 6151,887 6151,210872 210871,273152 210871,35 210871,35061 210871,44514 210871,210871 35,210872 35,82920 35,210871 198653,35 198653,198653 887,210871 887,35 887,210871 273152,210872 273152,35 273152,82920 273152
1131611,12195 1131611,12350 1131611,608326 1131611,15429 12350,51180 12350,35 608326,82920 608326,12350 12195,51180 12195,67415 12195,12195 51180,38722 51180,67415 51180,210871 35,210872 35,82920 35,12195 38722,67415 38722,10177 15429,15429 10177,210872 210871,273152 210871,35 210871,35061 210871,44514 210871,10177 67415,12210 67415,12350 67415,10177 12210,12350 12210,4804 12210
27535,51866 27535,8703 27535,51879 51866,8703 51866,10435 8703,10798 8703,4649 8703,85688 8703,22563 10435,22564 10435,22566 10435,23738 22563,36140 22563,8224 22563,1272 85688,13686 1272,4584 1272
34266,34257 87482,34263 87482,45533 87482,74427 87482,74427 34257,213246 34263,34257 34263,34266 34263,90655 34263,340299 74427,1365 340299,42156 340299,34257 34266,45533 34266,74427 34266,87482 34266
1107140,17201 1107140,2354 1107140,137790 2354,74749 2354,137790 74749,2354 74749
853116,19621 853116,853114 853116,853115 853116,853114 19621,853115 19621,853116 19621,853115 853114
15670,35 15670,210871 35,210872 35,82920 35,210872 210871,273152 210871,35 210871,35061 210871,44514 210871,210871 273152,210872 273152,35 273152,82920 273152
509315,102061 509315,66805 509315,35 66805,89547 66805,210871 35,210872 35,82920 35,210872 210871,273152 210871,35 210871,35061 210871,44514 210871
9515,10177 9515,15429 9515,15429 10177,10177 15429
1107010,22386 1107010,38829 1107010,38845 1107010,936 1107010,117328 38829,20178 38829,64271 38829,22386 38845,38846 38845,74975 38845,936 38845,20179 20178,91852 20178,91853 20178,22386 38846,74975 38846,117328 91852,20179 91852,64271 91852,943 91852,887 35490,20178 64271,35490 64271
101263,101261 101263,12238 101263
246618,103515 246618,116545 246618,116552 246618,116553 246618,35 103515,8865 103515,35 116552,40 116552,116545 116553,116552 116553,246618 116553,467383 116553,94641 116553,210871 35,210872 35,82920 35,35 8865,210872 210871,273152 210871,35 210871,35061 210871,44514 210871,141342 40,35 141342
1118546,354004 1118546,5086 354004,3187 5086,3191 5086,3192 5086,16008 3191,3192 3191,39890 3191,5086 3191,5086 3187
1107674,12576 28290,35 28290,35 12576,6213 12576,83725 12576,887 12576,210871 35,210872 35,82920 35,4584 6213,6151 6213,887 6213,210872 210871,273152 210871,35 210871,35061 210871,44514 210871,12576 56112,83725 56112,12576 83725,56112 83725,6741 83725,12576 1107674,28290 1107674,56112 1107674,56115 1107674,56112 56115,83725 56115,4584 6151,6213 6151,887 6151,210871 198653,35 198653,198653 887,210871 887,35 887
1132948,230879 1132948,2658 1132948,2665 1132948,230879 2658,2665 2658,696345 2658,237489 2665,237521 2665,8581 2665,1365 237521,135464 237489,2665 237489,205192 578337,230879 578337,2665 578337,99030 578337,230879 696345,2658 696345,2665 696345,578337 696345
33818,33818 78552,33823 78552,33823 33818,78552 33818,78555 33818,78557 33818,9586 33818,33818 78557,33823 78557,78552 78557,78555 78557,78511 9586,78552 9586,78557 9586,141342 78511,35 78511,78552 78511,78557 78511,35 141342,210871 35,210872 35,82920 35
189620,36620 189620,10531 36620,3220 36620,3240 36620,39130 36620,31353 10531,97377 3240,3240 39130,97377 39130,22563 3220,23738 22563,36140 22563,8224 22563
44514
211875,10169 211875,33412 211875,10177 10169,15429 10169,158614 10169,3229 33412,144408 3229,29492 3229,30817 3229,6184 3229,10169 158614,15429 10177,202639 144408,231198 144408,29492 144408,19621 6184,4584 6184,6213 6184,6214 6184,10177 15429
573553
579108
67584
560936,1272 560936,1365 560936,562123 560936,6784 560936,1365 562123,560936 562123,6784 562123,13686 1272,4584 1272,22563 13686,27535 13686,40135 13686,6184 13686,23738 22563,36140 22563,8224 22563,51866 27535,8703 27535,19621 6184,4584 6184,6213 6184,6214 6184
628668,114 28350,6213 28350,4584 6213,6151 6213,887 6213,4584 6151,6213 6151,887 6151,28350 628667,6213 628667,28249 628668,28350 628668,6213 628668,628667 628668,210872 210871,273152 210871,35 210871,35061 210871,44514 210871,210871 35,210872 35,82920 35,210871 198653,35 198653,198653 887,210871 887,35 887
341188,114 341188,117 341188,28350 341188,28491 341188,7419 341188,114 28350,6213 28350,4584 6213,6151 6213,887 6213,13972 20534,6163 20534,6213 20534,20534 7419,6169 7419,6213 7419,4584 6151,6213 6151,887 6151,124064 6163,6213 6163,6220 6163,6224 6163,28227 6169,114 28227,28350 28227,6213 28227
91581,79809 31863,91581 31863,11342 79809,24966 79809,358866 79809,358887 79809,5086 79809,23738 11342,79809 11342,8224 11342,79809 358866,1272 560936,1365 560936,562123 560936,6784 560936,137868 91581,31863 91581,560936 91581,79809 91581,38537 137868,3187 5086,3191 5086,3192 5086,16008 3191,3192 3191,39890 3191,5086 3191,5086 3187,85688 8224,27895 23738,8224 23738,1365 562123,560936 562123,6784 562123,13686 1272,4584 1272,22563 13686,27535 13686,40135 13686,6184 13686
1105764,45212 1105764,6213 1105764,6214 1105764,72406 1105764,7419 1105764,25791 45212,46887 45212,4584 6213,6151 6213,887 6213,4584 6151,6213 6151,887 6151,13972 20534,6163 20534,6213 20534,20534 7419,6169 7419,6213 7419,117 6214,4584 6214,6151 6214,6213 6214,210872 210871,273152 210871,35 210871,35061 210871,44514 210871,210871 35,210872 35,82920 35,210871 198653,35 198653,198653 887,210871 887,35 887,124064 6163,6213 6163,6220 6163,6224 6163,28227 6169,114 28227,28350 28227,6213 28227
1127913,103515 1127913,231249 1127913,35 1127913,82920 1127913,35 231249,35 103515,8865 103515,210871 35,210872 35,82920 35,210872 210871,273152 210871,35 210871,35061 210871,44514 210871,35 8865,210871 273152,210872 273152,35 273152,82920 273152
157805,12350 157805,1272 157805,15429 12350,51180 12350,13686 1272,4584 1272,12195 51180,38722 51180,67415 51180,22563 13686,27535 13686,40135 13686,6184 13686,12195 38722,67415 38722,12350 12195,51180 12195,67415 12195,10177 15429,15429 10177,23738 22563,36140 22563,8224 22563,51866 27535,8703 27535,19621 6184,4584 6184,6213 6184,6214 6184
1153896,593942 1153896,594011 1153896,54131 593942,593104 593942,594011 593942,66564 593942,94639 593942,103515 54131,28851 54131,35 54131,66556 54131,35 103515,8865 103515,210871 35,210872 35,82920 35,35 66556,575077 66556,85352 66556,35 28851
141324,54131 141324,66556 141324,66564 141324,94639 141324,35 66556,575077 66556,85352 66556,103515 54131,28851 54131,35 54131,66556 54131,210871 35,210872 35,82920 35,35 103515,8865 103515,35 28851,210872 210871,273152 210871,35 210871,35061 210871,44514 210871,35 85352,210871 575077,35 575077
45212,25791 45212,46887 45212
519353,521855 519353,65057 519353,73162 519353,65074 65057,189571 521855,39890 521855,73162 521855,137130 65074,89416 65074,16008 189571,39890 189571,714289 189571,51049 39890,89416 137130
703953,6913 703953,646286 6913,646289 6913,126927 646286,16819 646286,642681 646286,642894 646286,643221 646286,16819 643221,643239 643221,643485 643221,642847 642681,643221 642894,642621 16819,643221 16819,643239 16819,103543 126927,126920 126927,643221 126927,643239 126927,645897 126927
552469,10169 552469,1272 552469,13686 1272,4584 1272,10177 10169,15429 10169,158614 10169,22563 13686,27535 13686,40135 13686,6184 13686,10169 158614,15429 10177,23738 22563,36140 22563,8224 22563,51866 27535,8703 27535,19621 6184,4584 6184,6213 6184,6214 6184,10177 15429
911198,2696 5348,5348 2696,5348 75695,8581 75695,5348 911198,626999 911198,627024 911198,75695 911198,278394 627024,278403 627024,35797 627024,1786 35797,36140 35797,4330 35797,6784 35797,22563 1786,27895 1786,46547 1786,12638 4330,6913 4330
365294,28504 365294
385067,28026 5064,5062 5064,5069 5064,5075 5064,5062 28026,5064 28026,177115 5069,28026 5069,5062 5069,5064 5069,5075 5069,20193 5062,3085 5062,20193 3085,566653 3085,566664 3085,3932 5075,22386 3932,74975 3932,10183 47570,10798 10183,47570 385067,5064 385067,5069 385067
751408,230879 751408,230884 751408,2658 751408,2665 751408,230879 2658,2665 2658,696345 2658,237489 2665,237521 2665,8581 2665,230879 230884,2658 230884,2665 230884,1365 237521,135464 237489,2665 237489,205192 578337,230879 578337,2665 578337,99030 578337,230879 696345,2658 696345,2665 696345,578337 696345
1125992,3220 1125992,521183 1125992,521251 1125992,521252 1125992,6343 1125992,39130 521252,6343 521252,22563 3220,23738 22563,36140 22563,8224 22563,3240 39130,97377 39130,3232 521251,346243 521251,521183 521251,3220 346243,39130 346243,85688 8224,27895 23738,8224 23738,97377 3240
1115456,284414 1115456,34257 1115456,45533 1115456,1272 284414,74427 34257,13686 1272,4584 1272,22563 13686,27535 13686,40135 13686,6184 13686,340299 74427,1365 340299,42156 340299
18582,35 18582,84021 18582,8875 18582,210871 35,210872 35,82920 35,143323 84021,1688 84021,35 84021,82920 84021,98698 84021,210872 210871,273152 210871,35 210871,35061 210871,44514 210871,35 1688,58758 1688,12576 8875,6209 8875,8865 8875,8872 8875,8874 8875,35 12576,6213 12576,83725 12576,887 12576,210871 273152,210872 273152,35 273152,82920 273152,35 98698,82920 98698,84021 98698,35 8865,4584 6213,6151 6213,887 6213
323128,1997 7032,25772 1997,3233 1997,116528 25772,77758 25772,1997 3233,3236 3233,3240 3233,49811 3233,22563 36140,23738 22563,36140 22563,8224 22563,85688 8224,27895 23738,8224 23738,22563 12439,36140 12439,910 12439,2696 5869,910 5869,910 5462,25702 910,5462 910,5869 910,77758 910,906 910,10169 17798,10177 10169,15429 10169,158614 10169,10169 158614,15429 10177,12439 323128,17798 323128,36140 323128,7032 323128
1114838
631015
1107861,2654 1107861,5055 1107861,5966 1107861
1130927,154982 1130927,3229 1130927,1997 154982,8079 154982,144408 3229,29492 3229,30817 3229,6184 3229,25772 1997,3233 1997,202639 144408,231198 144408,29492 144408,19621 6184,4584 6184,6213 6184,6214 6184,116528 25772,77758 25772,1997 3233,3236 3233,3240 3233,49811 3233,27249 8079,23738 27249,36140 27249,46468 27249,24966 202639,25702 202639,69198 231198,853114 19621,853115 19621,853116 19621,4584 6213,6151 6213,887 6213
1135122,72056 1135122,733534 1135122,2702 72056
642681,642847 642681,38537 642847
1104999,12576 28290,35 28290,35 12576,6213 12576,83725 12576,887 12576,210871 35,210872 35,82920 35,4584 6213,6151 6213,887 6213,210872 210871,273152 210871,35 210871,35061 210871,44514 210871,12576 56112,83725 56112,12576 83725,56112 83725,6741 83725,12576 1104999,28290 1104999,56112 1104999,56115 1104999,56119 1104999,12576 56119,35 56119,56112 56119,56115 56119,83725 56119,56112 56115,83725 56115,4584 6151,6213 6151,887 6151,210871 198653,35 198653,198653 887,210871 887,35 887
785678,8865 785678,35 8865,210871 35,210872 35,82920 35,210872 210871,273152 210871,35 210871,35061 210871,44514 210871
646900
1104749
612306,193352 193347,612306 193347,348305 193352,193347 612306,193352 612306
892139,117 17476,13269 17476,6385 17476,887 17476,50336 13269,50337 13269,35922 50337,50336 50337,6818 50337,35922 50336,6818 50336,210872 210871,273152 210871,35 210871,35061 210871,44514 210871,210871 35,210872 35,82920 35,210871 198653,35 198653,198653 887,210871 887,35 887,114 55968,27631 55968,6213 55968,6385 55968,28412 27631,3229 27631,6184 27631,6214 27631,70520 27631,4584 6213,6151 6213,887 6213,144408 3229,29492 3229,30817 3229,6184 3229,19621 6184,4584 6184,6213 6184,6214 6184,4584 6151,6213 6151,887 6151,17476 892139,55968 892139,6385 892139,81350 892139,114 6196,4584 6196,6214 6196,12195 38722,67415 38722,18832 81350,38722 81350,6196 81350,12350 12195,51180 12195,67415 12195
521855,189571 521855,39890 521855,73162 521855,16008 189571,39890 189571,714289 189571,51049 39890,189655 559804,39890 559804,714260 559804,714289 559804,73162 559804,15987 714289,39890 714289,523574 714289,559804 714289
4660,12182 4660,18615 4660,18619 4660,2653 4660,12210 12182,28649 12182,4804 12182,1272 18615,18619 18615,2440 18615,4660 18615,6935 18615,10798 18619,19231 18619,27627 18619,10177 12210,12350 12210,4804 12210,10177 4804,12210 4804,12350 4804,9515 4804,13686 1272,4584 1272,37483 2440,15429 12350,51180 12350,15429 10177,101811 6935,63915 6935,12350 101811,23738 101811,22563 13686,27535 13686,40135 13686,6184 13686,64519 37483
20850,10169 20850,3231 20850,3232 20850,6334 20850,10169 3231,17798 3231,39127 3231,39131 3231,6334 3231,10169 6334,3231 6334,39131 6334,6767 6334,10177 10169,15429 10169,158614 10169,10169 158614,15429 10177,10169 17798,10169 39131,17798 39131,39130 39131,3240 39130,97377 39130,22563 6767,3218 6767,23738 22563,36140 22563,8224 22563,10177 15429
28387,114 28387,117 28387,6196 28387,6224 28387,114 6196,4584 6196,6214 6196,6213 6215,6214 6215,887 6215,4584 6213,6151 6213,887 6213,114 124064,28542 124064,4584 124064,6213 124064,6214 124064,124064 6224,6213 6224,6214 6224,6215 6224,6220 6224,4584 6151,6213 6151,887 6151,117 6214,4584 6214,6151 6214,6213 6214,114 6220,124064 6220,28350 6220,28412 6220,6213 6220,114 28350,6213 28350
255628
73119,14428 73119,14429 73119,14430 73119,14428 14429,14430 14429,73119 14429
510715
1129778,103515 1129778,35 1129778,575402 1129778,66556 1129778,103515 575402,78511 575402,35 103515,8865 103515,210871 35,210872 35,82920 35,35 66556,575077 66556,85352 66556,141342 78511,35 78511,78552 78511,78557 78511,210872 210871,273152 210871,35 210871,35061 210871,44514 210871,35 141342,35 8865,210871 273152,210872 273152,35 273152,82920 273152,35 85352,210871 575077,35 575077
278394
640617,35 640617,85352 640617,210871 35,210872 35,82920 35,210872 210871,273152 210871,35 210871,35061 210871,44514 210871,35 85352,210871 273152,210872 273152,35 273152,82920 273152
12211,12210 12182,28649 12182,4804 12182,10177 12210,12350 12210,4804 12210,10177 4804,12210 4804,12350 4804,9515 4804,15429 12350,51180 12350,15429 10177,12210 6125,12350 6125,1246 6125,2653 6125,59626 6125,12195 51180,38722 51180,67415 51180,12182 12211,6125 12211
74698,65074 65057,137130 65074,89416 65074,89416 137130,137130 23070,23069 23070,65074 23070,74698 23070,87915 23070,134315 23069,134320 23069,74700 23069,23070 74698,65057 74698,65074 74698,23070 87915,65074 87915,504 89416,506 89416,504 506,89416 506
950305,1365 950305,739707 950305,162080 739707,162075 162080,738941 162080,162080 162075
1117219,263553 1117219,6910 1117219,12638 263553,6910 263553,6898 12631,12631 6910,12638 6910,263553 6910,444191 6910,6898 6910,12631 12638,124224 6898,12631 6898,12638 6898,6898 124224,17363 444191,3229 444191,144408 3229,29492 3229,30817 3229,6184 3229
561789
801170,35 289779,87417 289779,210871 35,210872 35,82920 35,210872 210871,273152 210871,35 210871,35061 210871,44514 210871,35 289781,87417 289781,289779 801170,289780 801170,289781 801170,35 801170,87417 801170,289779 289780,289781 289780,35 289780,87417 289780,210871 273152,210872 273152,35 273152,82920 273152
1152910
22564,22563 22564,23738 22563,36140 22563,8224 22563,85688 8224,27895 23738,8224 23738,22563 36140
106590,77438 106590,90470 106590,36131 77438,37888 77438,36802 37888,77438 37888
1129367,601462 1129367,82920 1129367
1114664,4274 1114664,51879 1114664
1132864
184918,1365 184918,19621 184918,23502 184918,330148 184918,1365 23502,23507 23502,3229 23502,330148 23502,853114 19621,853115 19621,853116 19621,144408 3229,29492 3229,30817 3229,6184 3229,853115 853114,1365 330148,184918 330148,19621 330148,202639 144408,231198 144408,29492 144408,19621 6184,4584 6184,6213 6184,6214 6184,6184 10981,23507 152731,43186 152731,10981 23507,1365 23507,152731 23507,23502 23507,19621 853116,853114 853116,853115 853116
34257,74427 34257,340299 74427,1365 340299,42156 340299
1118764,12182 1118764,23738 1118764,2653 1118764,65650 1118764,12210 12182,28649 12182,4804 12182,27895 23738,8224 23738,10177 12210,12350 12210,4804 12210,10177 4804,12210 4804,12350 4804,9515 4804,85688 8224,23738 11342,79809 11342,8224 11342,12195 38722,67415 38722,11342 65650,12182 65650,23738 65650,2653 65650,38722 65650,15429 12350,51180 12350,15429 10177,12350 12195,51180 12195,67415 12195
647447,287787 647447,35 647447,503883 647447,8874 647447,110041 287787,35 287787,210871 35,210872 35,82920 35,287787 503883,35 503883,210872 210871,273152 210871,35 210871,35061 210871,44514 210871,210871 273152,210872 273152,35 273152,82920 273152
9559
137868,38537 137868
20923
145215,10435 112378,1272 112378,27895 112378,36140 112378,40886 112378,22563 10435,22564 10435,22566 10435,13686 1272,4584 1272,22563 36140,23738 22563,36140 22563,8224 22563,22563 13686,27535 13686,40135 13686,6184 13686,22563 3220,85688 8224,27895 23738,8224 23738,112378 145215,3220 145215,40886 145215,63915 145215,22563 63915,36140 63915
159085,159084 159085,241821 159085,159084 241821,159085 241821
1103162,117 17476,13269 17476,6385 17476,887 17476,50336 13269,50337 13269,35922 50337,50336 50337,6818 50337,35922 50336,6818 50336,210872 210871,273152 210871,35 210871,35061 210871,44514 210871,210871 35,210872 35,82920 35,210871 198653,35 198653,198653 887,210871 887,35 887,54129 17477,35 54129,17476 1103162,17477 1103162,17488 1103162,6385 1103162
628815,4584 628815,6213 628815,4584 6213,6151 6213,887 6213,4584 6151,6213 6151,887 6151,210872 210871,273152 210871,35 210871,35061 210871,44514 210871,210871 35,210872 35,82920 35,210871 198653,35 198653,198653 887,210871 887,35 887
3232
108983,35778 108983,73146 35778,18777 18774,73146 18774,18774 73146,18777 73146,23738 73146,35778 73146,27895 23738,8224 23738
8865,35 8865,210871 35,210872 35,82920 35,210872 210871,273152 210871,35 210871,35061 210871,44514 210871,210871 273152,210872 273152,35 273152,82920 273152
1135899,230879 2658,2665 2658,696345 2658,237489 2665,237521 2665,8581 2665,1365 237521,135464 237489,2665 237489,205192 578337,230879 578337,2665 578337,99030 578337,230879 696345,2658 696345,2665 696345,578337 696345,230879 751408,230884 751408,2658 751408,2665 751408,230879 230884,2658 230884,2665 230884,230884 1135899,2658 1135899,751408 1135899
1116569,203646 1116569,910 1116569,270456 203646,2696 5869,910 5869,910 5462,25702 910,5462 910,5869 910,77758 910,906 910,5348 2696,15076 25702,24043 15076,32276 15076
1116629,35797 1116629,6784 1116629,1786 35797,36140 35797,4330 35797,6784 35797,22563 1786,27895 1786,46547 1786,12638 4330,6913 4330,22563 36140,23738 22563,36140 22563,8224 22563
137849,3187 5086,3191 5086,3192 5086,16008 3191,3192 3191,39890 3191,5086 3191,5086 3187,51049 39890,15987 3192,16008 3192,3191 3192,5086 109323,109323 137849,5086 137849
459213,54131 459213,103515 54131,28851 54131,35 54131,66556 54131,35 103515,8865 103515,210871 35,210872 35,82920 35,35 66556,575077 66556,85352 66556,35 28851,210872 210871,273152 210871,35 210871,35061 210871,44514 210871
1108841,139865 1108841,1365 139865,179180 139865
648369
662572,431206 662572,78994 662572,662572 431206,6898 431206,6910 431206,6913 431206,12631 78994,6898 78994,6898 12631,124224 6898,12631 6898,12638 6898,6898 124224,12638 263553,6910 263553,12631 6910,12638 6910,263553 6910,444191 6910,6898 6910
395553,12330 395553,2702 395553,4330 395553,684986 395553,12638 4330,6913 4330,2702 12330,4330 684986,12631 12638,6898 12631
68505,10177 68505,4804 68505,15429 10177,10177 4804,12210 4804,12350 4804,9515 4804,15429 12350,51180 12350,10177 12210,12350 12210,4804 12210,10177 15429,12195 51180,38722 51180,67415 51180,10177 9515,15429 9515
30973,20193 30973,3085 30973,20193 3085,566653 3085,566664 3085
1121659,11342 79809,24966 79809,358866 79809,358887 79809,5086 79809,23738 11342,79809 11342,8224 11342,79809 358866,79809 1121659,3187 5086,3191 5086,3192 5086,16008 3191,3192 3191,39890 3191,5086 3191,5086 3187,85688 8224,27895 23738,8224 23738
1955
1125467,3233 1125467,3236 1125467,1997 3233,3236 3233,3240 3233,49811 3233,25772 1997,3233 1997,97377 3240,116528 25772,77758 25772,1997 49811,2440 49811,37483 2440
1125909,65074 65057,137130 65074,89416 65074,89416 137130,521855 519353,65057 519353,73162 519353,189571 521855,39890 521855,73162 521855,16008 189571,39890 189571,714289 189571,51049 39890,519353 1125909,65057 1125909
134314
3235
1130934,1997 154982,8079 154982,154982 1130934,25772 1997,3233 1997,116528 25772,77758 25772,1997 3233,3236 3233,3240 3233,49811 3233,27249 8079,23738 27249,36140 27249,46468 27249
156977,12330 156977,2702 12330
368657,400455 368657,368657 400455
1116336,1717 1116336,6913 1116336,32688 1717,4330 1717,4335 1717,6913 1717,4330 32688,12638 4330,6913 4330,646286 6913,646289 6913,126927 646286,16819 646286,642681 646286,642894 646286,643221 646286,16819 643221,643239 643221,643485 643221,642847 642681,643221 642894,642621 16819,643221 16819,643239 16819,103543 126927,126920 126927,643221 126927,643239 126927,645897 126927
340299,1365 340299,42156 340299
179706
358866,79809 358866,11342 79809,24966 79809,358866 79809,358887 79809,5086 79809,23738 11342,79809 11342,8224 11342,3187 5086,3191 5086,3192 5086,16008 3191,3192 3191,39890 3191,5086 3191,5086 3187,85688 8224,27895 23738,8224 23738
93273
390693
1118083,5348 2696,2696 5348,13136 1118083,2696 1118083,5348 1118083,910 13136,2696 5869,910 5869,910 5462,25702 910,5462 910,5869 910,77758 910,906 910
429805,22563 3220,23738 22563,36140 22563,8224 22563,85688 8224,27895 23738,8224 23738,10435 112378,1272 112378,27895 112378,36140 112378,40886 112378,22563 10435,22564 10435,22566 10435,13686 1272,4584 1272,112378 145215,3220 145215,40886 145215,63915 145215,22563 63915,36140 63915,141868 429805,145215 429805,3220 429805,40886 429805,112378 141868,145215 141868,40886 141868,6343 141868
277263,116081 277263,3218 277263,39127 277263,39127 116081
574009,35 574009,210871 35,210872 35,82920 35,210872 210871,273152 210871,35 210871,35061 210871,44514 210871,210871 273152,210872 273152,35 273152,82920 273152
975567,45605 975567,61069 975567,61073 975567,38205 61069,41714 61069,35 41714,44455 41714,210871 38205,35 38205,887 38205,240791 45605,32083 45605,35061 45605,19621 240791,35061 240791,45605 240791,210871 35,210872 35,82920 35,210872 210871,273152 210871,35 210871,35061 210871,44514 210871,35 141342,141342 35061,32083 35061,35 35061,853114 19621,853115 19621,853116 19621
1131647,1365 1131647,3229 1131647,144408 3229,29492 3229,30817 3229,6184 3229,202639 144408,231198 144408,29492 144408,19621 6184,4584 6184,6213 6184,6214 6184,24966 202639,25702 202639,69198 231198,853114 19621,853115 19621,853116 19621,4584 6213,6151 6213,887 6213
19621,853114 19621,853115 19621,853116 19621,853115 853114,19621 853116,853114 853116,853115 853116
143323
1153148,85688 8224,1272 85688,13686 1272,4584 1272,10798 10796,6213 10796,887 10796,4584 6213,6151 6213,887 6213,4584 6151,6213 6151,887 6151,210872 210871,273152 210871,35 210871,35061 210871,44514 210871,210871 35,210872 35,82920 35,210871 198653,35 198653,198653 887,210871 887,35 887,10796 1153148,23738 1153148,8224 1153148,27895 23738,8224 23738
42207,12350 20601,20602 20601,15429 12350,51180 12350,12350 20602,20601 20602,12195 51180,38722 51180,67415 51180,1246 42207,20601 42207,20602 42207,95225 42207,10177 12198,12350 12198,27612 12198,12198 95225,20601 95225,20602 95225,12198 27612,12350 27612,6125 27612,15429 10177
1107418,108047 1107418,22229 1107418,22241 1107418,144701 22229,35061 22229,254923 108047,28336 108047,38205 108047,54129 108047,22229 22241,22229 144701,35061 144701,108047 28336,117315 28336,54129 28336,1272 254923,35 254923,415693 254923,210871 38205,35 38205,887 38205,35 141342,210871 35,210872 35,82920 35,141342 35061,32083 35061,35 35061,35 54129,117316 117315,54129 117315,13686 1272,4584 1272,287787 415693,35 415693,84021 415693,210872 210871,273152 210871,35 210871,35061 210871,44514 210871
3233,25772 1997,3233 1997,116528 25772,77758 25772,1997 3233,3236 3233,3240 3233,49811 3233,97377 3240,1997 49811,2440 49811,37483 2440,64519 37483,8224 97377,85688 8224
167656,18773 167656,2653 167656,3222 167656,3223 167656,5055 167656
594387,35 579008,54132 579008,575077 579008,210871 35,210872 35,82920 35,210872 210871,273152 210871,35 210871,35061 210871,44514 210871,210871 575077,35 575077,35 248425,579008 248425,248425 594387,54132 594387,579008 594387,94641 594387,96851 594387,575077 94641
1113742,103515 1113742,246618 1113742,35 103515,8865 103515,103515 246618,116545 246618,116552 246618,116553 246618,35 116552,40 116552,116545 116553,116552 116553,246618 116553,467383 116553,94641 116553,210871 35,210872 35,82920 35,35 8865,210872 210871,273152 210871,35 210871,35061 210871,44514 210871
1136393,4330 1136393,755082 1136393,12638 4330,6913 4330,4335 755082,12631 12638,6898 12631
1123239,5348 2696,2696 5348,2696 1123239,5348 1123239
42156
1104300,41216 1104300,4335 1104300,62417 41216
253762
31489,633081 31489
111866,10177 249858,111866 249858,27606 249858,59626 249858,64319 249858,12197 111866,249858 111866,27606 111866,64319 111866,15429 10177,10177 27606,10177 12197,15429 12197,10177 15429
315266,33231 315266,445938 315266,6814 315266,158172 445938,18777 445938,33231 445938,6814 445938,33231 158172,6814 158172,77438 158172
145134,24966 145134
7430,145384 7430,28504 7430,365294 7430,95594 7430,28504 365294
227286,910 5462,2696 5869,910 5869,25702 910,5462 910,5869 910,77758 910,906 910,5348 2696,15076 25702,24043 15076,32276 15076,633081 31489,31489 227286,48550 227286,5462 227286,910 227286,289945 48550,3229 48550,48555 48550,910 48550,144408 3229,29492 3229,30817 3229,6184 3229,202639 144408,231198 144408,29492 144408,19621 6184,4584 6184,6213 6184,6214 6184
178727,35 178727,210871 35,210872 35,82920 35,210872 210871,273152 210871,35 210871,35061 210871,44514 210871,210871 273152,210872 273152,35 273152,82920 273152
1153091,18619 1153091,46452 1153091,10798 18619,19231 18619,27627 18619
15429,10177 15429,15429 10177
126920,126927 126920,103543 126927,126920 126927,643221 126927,643239 126927,645897 126927,16819 643221,643239 643221,643485 643221,126909 103543,126912 103543,126920 103543,126926 103543,126927 103543,642894 643239,643221 643239,643221 642894,642894 643485,643221 643485,644577 643485,642621 16819,643221 16819,643239 16819,126926 126909,440815 645571,126920 645897,126927 645897,643221 645897,644577 645897,645571 645897
61417,562940 61417
1108389,35778 1919,73146 35778,18777 18774,73146 18774,18774 73146,18777 73146,23738 73146,35778 73146,27895 23738,8224 23738,85688 8224,1919 1108389,35778 1108389,36802 1108389,37888 1108389,73146 1108389,36802 37888,77438 37888,36131 77438,37888 77438
1107136
307656
314459,7537 7532,80491 7532,7532 7537,7532 80515,80491 80515,7532 314459,7537 314459,80491 314459,80515 314459
10183,10798 10183
682815,175256 682815,195792 682815,35061 682815,45605 682815,85352 682815,251756 195792,62329 195792,240791 45605,32083 45605,35061 45605,19621 240791,35061 240791,45605 240791,62329 251756,35 85352,210871 35,210872 35,82920 35,35 141342,141342 35061,32083 35061,35 35061,853114 19621,853115 19621,853116 19621,210872 210871,273152 210871,35 210871,35061 210871,44514 210871
8821,3231 8821,66594 8821,66596 8821,10169 3231,17798 3231,39127 3231,39131 3231,6334 3231,10169 6334,3231 6334,39131 6334,6767 6334,10177 10169,15429 10169,158614 10169,1997 3233,3236 3233,3240 3233,49811 3233,27530 66594,3231 66594,3232 66594,3233 66594,49660 66594,10169 17798,10169 39131,17798 39131,39130 39131,3240 39130,97377 39130,10169 158614,15429 10177,25772 1997,3233 1997,97377 3240,10169 49660,3231 49660,39127 49660,40151 49660
1152290,137380 85449,262178 85449,46491 137380,10169 85452,1272 85452,13686 1272,4584 1272,10177 10169,15429 10169,158614 10169,22563 13686,27535 13686,40135 13686,6184 13686,10169 158614,15429 10177,3218 1152290,46491 1152290,85449 1152290,85452 1152290
503893,134219 503893,35 503893,210871 35,210872 35,82920 35,210872 210871,273152 210871,35 210871,35061 210871,44514 210871,210871 273152,210872 273152,35 273152,82920 273152
131315,28504 131315,29708 131315,29723 131315,29492 29708,300806 29723,35905 29723,29723 35905,910 35905,52515 300806,3229 52515,91038 52515
1153853,103515 1153853,108047 1153853,35 1153853,578650 1153853,35 103515,8865 103515,210871 35,210872 35,82920 35,254923 108047,28336 108047,38205 108047,54129 108047,210872 210871,273152 210871,35 210871,35061 210871,44514 210871,108047 28336,117315 28336,54129 28336,1272 254923,35 254923,415693 254923,210871 38205,35 38205,887 38205,35 8865,210871 273152,210872 273152,35 273152,82920 273152,35 54129,117316 117315,54129 117315,13686 1272,4584 1272,287787 415693,35 415693,84021 415693
370366
429781,12210 12182,28649 12182,4804 12182,10177 12210,12350 12210,4804 12210,10177 4804,12210 4804,12350 4804,9515 4804,15429 12350,51180 12350,15429 10177,12182 4660,18615 4660,18619 4660,2653 4660,1272 18615,18619 18615,2440 18615,4660 18615,6935 18615,10798 18619,19231 18619,27627 18619,13686 1272,4584 1272,37483 2440,12182 429781,33325 429781,4660 429781
102406,2653 102406,34708 102406,59626 102406,33412 34708,3229 33412,144408 3229,29492 3229,30817 3229,6184 3229
1114153,1365 1114153,19621 1114153,853114 19621,853115 19621,853116 19621,853115 853114,19621 853116,853114 853116,853115 853116
2354,137790 2354,74749 2354,137790 74749,2354 74749
606647,38205 606647,57119 606647,210871 38205,35 38205,887 38205,210872 210871,273152 210871,35 210871,35061 210871,44514 210871,210871 35,210872 35,82920 35,210871 273152,210872 273152,35 273152,82920 273152,210871 198653,35 198653,198653 887,210871 887,35 887
14807,123556 14807,50354 14807,50354 123556,123556 50354
35854,15429 35854,15431 35854,10177 15429,15429 10177
137130,89416 137130,504 89416,506 89416,504 506,89416 506
203646,270456 203646
49720,49753 49720,49720 49753
112787,175909 112787,15889 175909,3085 15889,20193 3085,566653 3085,566664 3085
1107041,100701 1107041,74975 1107041
1154173
632874,31489 632874,633081 632874,633081 31489
6220,114 6220,124064 6220,28350 6220,28412 6220,6213 6220,114 28350,6213 28350,4584 6213,6151 6213,887 6213,114 124064,28542 124064,4584 124064,6213 124064,6214 124064,4584 6151,6213 6151,887 6151,210872 210871,273152 210871,35 210871,35061 210871,44514 210871,210871 35,210872 35,82920 35,210871 198653,35 198653,198653 887,210871 887,35 887,117 6214,4584 6214,6151 6214,6213 6214
157761,12210 12182,28649 12182,4804 12182,10177 12210,12350 12210,4804 12210,10177 4804,12210 4804,12350 4804,9515 4804,15429 12350,51180 12350,15429 10177,155736 155738,28649 155738,12182 155736,155738 155736,28649 155736,12182 157761,155738 157761,219239 157761,4804 157761,12182 219239,15429 219239,157761 219239,42207 219239,1246 42207,20601 42207,20602 42207,95225 42207,12350 20601,20602 20601,10177 15429,12195 51180,38722 51180,67415 51180,10177 9515,15429 9515
1126315
645016,644361 645016,644363 645016,644843 645016,645452 645016
350319,6775 350319,6784 350319,6784 6775
3229,144408 3229,29492 3229,30817 3229,6184 3229,202639 144408,231198 144408,29492 144408,19621 6184,4584 6184,6213 6184,6214 6184,24966 202639,25702 202639,69198 231198,853114 19621,853115 19621,853116 19621,4584 6213,6151 6213,887 6213,853115 853114,4584 6151,6213 6151,887 6151,117 6214,4584 6214,6151 6214,6213 6214
12359,16476 12359,8617 12359
767763,753047 767763,753070 767763,753264 767763,753070 753047,753264 753047,753265 753047,753047 753264,753070 753264,175548 753070,753047 753070,4330 753265,753047 753265,12638 4330,6913 4330
1128839,1365 1128839,3229 1128839,4584 1128839,144408 3229,29492 3229,30817 3229,6184 3229,202639 144408,231198 144408,29492 144408,19621 6184,4584 6184,6213 6184,6214 6184,24966 202639,25702 202639,69198 231198,853114 19621,853115 19621,853116 19621,4584 6213,6151 6213,887 6213
28202,117 28202,25791 28202,6163 28202,6213 28202,124064 6163,6213 6163,6220 6163,6224 6163,4584 6213,6151 6213,887 6213,114 124064,28542 124064,4584 124064,6213 124064,6214 124064,4584 6151,6213 6151,887 6151,114 6220,124064 6220,28350 6220,28412 6220,6213 6220,114 28350,6213 28350,6213 6215,6214 6215,887 6215,124064 6224,6213 6224,6214 6224,6215 6224,6220 6224,210872 210871,273152 210871,35 210871,35061 210871,44514 210871,210871 35,210872 35,82920 35,210871 198653,35 198653,198653 887,210871 887,35 887
568045,6639 178209,22431 6639,3218 6639,8224 6639,75121 22431,8224 22431,85688 8224,267003 75121,85688 75121,116084 568045,178209 568045,195150 568045,6639 568045,178209 116084,39127 116084,6639 116084,116084 195150,178209 195150,39127 195150
593942,54131 593942,593104 593942,594011 593942,66564 593942,94639 593942,103515 54131,28851 54131,35 54131,66556 54131,35 103515,8865 103515,210871 35,210872 35,82920 35,35 66556,575077 66556,85352 66556,35 28851,210872 210871,273152 210871,35 210871,35061 210871,44514 210871
1104946,54844 1104946,7047 54844
1118286
33412,3229 33412,144408 3229,29492 3229,30817 3229,6184 3229,202639 144408,231198 144408,29492 144408,19621 6184,4584 6184,6213 6184,6214 6184,24966 202639,25702 202639,69198 231198,853114 19621,853115 19621,853116 19621,4584 6213,6151 6213,887 6213
141868,10435 112378,1272 112378,27895 112378,36140 112378,40886 112378,22563 10435,22564 10435,22566 10435,13686 1272,4584 1272,22563 36140,23738 22563,36140 22563,8224 22563,22563 13686,27535 13686,40135 13686,6184 13686,22563 3220,112378 145215,3220 145215,40886 145215,63915 145215,22563 63915,36140 63915,112378 141868,145215 141868,40886 141868,6343 141868
85688,1272 85688,13686 1272,4584 1272,22563 13686,27535 13686,40135 13686,6184 13686,23738 22563,36140 22563,8224 22563,51866 27535,8703 27535,19621 6184,4584 6184,6213 6184,6214 6184
18833,18832 18833,18834 18833,56709 18834,86359 18834,168332 86359,265203 86359,35 86359,35 265203,887 265203,210871 35,210872 35,82920 35,114 28287,28290 28287,4584 28287,56708 28287,56709 28287,12576 28290,35 28290,35 12576,6213 12576,83725 12576,887 12576,12576 56709,28287 56709,28290 56709,56708 56709
1120650,2440 1120650,397590 1120650,6935 1120650,155158 397590,37483 2440,101811 6935,63915 6935,12350 101811,23738 101811,64519 37483,15429 12350,51180 12350,27895 23738,8224 23738,22563 63915,36140 63915,23738 22563,36140 22563,8224 22563,887 64519
1105672,31105 1105672,36145 1105672,46491 1105672,70281 1105672,8617 36145,8619 36145
686030,27623 686030,27627 686030
1131257,643221 1131257,644427 1131257,16819 643221,643239 643221,643485 643221,642894 643485,643221 643485,644577 643485,642621 16819,643221 16819,643239 16819,642894 643239,643221 643239,643221 642894
145384
853155,853114 853155,853115 853155,853116 853155,853115 853114,19621 853116,853114 853116,853115 853116,853114 19621,853115 19621,853116 19621
66564
95597
6196,114 6196,4584 6196,6214 6196,4584 6151,6213 6151,887 6151,4584 6213,6151 6213,887 6213,117 6214,4584 6214,6151 6214,6213 6214
35852
94713,12210 12182,28649 12182,4804 12182,10177 12210,12350 12210,4804 12210,10177 4804,12210 4804,12350 4804,9515 4804,15429 12350,51180 12350,15429 10177,32260 62274,4335 62274,50381 62274,28632 32260,62274 32260,1717 50381,51180 50381,62274 50381,12182 28632,32688 1717,4330 1717,4335 1717,6913 1717,12195 51180,38722 51180,67415 51180,12182 94713,18777 94713,28957 94713,32260 94713,62274 94713
7432,114 7432,23774 7432,20534 23774,6213 23774,13972 20534,6163 20534,6213 20534,4584 6213,6151 6213,887 6213,124064 6163,6213 6163,6220 6163,6224 6163,4584 6151,6213 6151,887 6151
3192,15987 3192,16008 3192,3191 3192,16008 3191,3192 3191,39890 3191,5086 3191,51049 39890,3187 5086,3191 5086,3192 5086,5086 3187
1105603,16461 1105603,16485 1105603,3229 16461,43186 16461,144408 3229,29492 3229,30817 3229,6184 3229,202639 144408,231198 144408,29492 144408,19621 6184,4584 6184,6213 6184,6214 6184
207395,1959 207395,22386 207395,3828 207395,936 207395,936 3828,940 3828,941 3828,943 3828,941 940,20180 943,28265 943,940 20180,941 20180,940 28265,941 28265
8079,27249 8079,23738 27249,36140 27249,46468 27249,27895 23738,8224 23738,22563 36140,23738 22563,36140 22563,8224 22563,85688 8224,12638 4330,6913 4330,4330 4329,4329 46468,4330 46468,4335 46468
1127810,28287 567005,648232 567005,567005 1127810,114 28287,28290 28287,4584 28287,56708 28287,56709 28287,1365 648232,12576 28290,35 28290
3240,97377 3240,8224 97377,85688 8224
6741
46431,199571 46431,3231 46431,35 46431,6334 46431,210871 35,210872 35,82920 35,10169 3231,17798 3231,39127 3231,39131 3231,6334 3231,10169 6334,3231 6334,39131 6334,6767 6334,210872 210871,273152 210871,35 210871,35061 210871,44514 210871,10177 10169,15429 10169,158614 10169,210871 273152,210872 273152,35 273152,82920 273152,10169 17798,10169 39131,17798 39131,39130 39131,3240 39130,97377 39130,10169 158614,15429 10177,22563 6767,3218 6767,23738 22563,36140 22563,8224 22563
67633,379288 67633
309476,12182 309476,65650 309476,12210 12182,28649 12182,4804 12182,10177 12210,12350 12210,4804 12210,10177 4804,12210 4804,12350 4804,9515 4804,23738 11342,79809 11342,8224 11342,12195 38722,67415 38722,27895 23738,8224 23738,11342 65650,12182 65650,23738 65650,2653 65650,38722 65650,15429 12350,51180 12350,15429 10177,85688 8224,12350 12195,51180 12195,67415 12195
990075
1108329,128383 1108329,41417 1108329,6209 1108329,6213 1108329,70444 1108329,4584 6213,6151 6213,887 6213,41417 128383,70444 128383,10435 41417,22563 10435,22564 10435,22566 10435,4584 6151,6213 6151,887 6151,23738 22563,36140 22563,8224 22563,210872 210871,273152 210871,35 210871,35061 210871,44514 210871,210871 35,210872 35,82920 35,210871 198653,35 198653,198653 887,210871 887,35 887
6311,20584 6311,46887 6311,8224 6311,85688 8224,1272 85688,13686 1272,4584 1272
218410,6213 218410,4584 6213,6151 6213,887 6213,4584 6151,6213 6151,887 6151,210872 210871,273152 210871,35 210871,35061 210871,44514 210871,210871 35,210872 35,82920 35,210871 198653,35 198653,198653 887,210871 887,35 887
682666,117 17476,13269 17476,6385 17476,887 17476,50336 13269,50337 13269,35922 50337,50336 50337,6818 50337,35922 50336,6818 50336,210872 210871,273152 210871,35 210871,35061 210871,44514 210871,210871 35,210872 35,82920 35,210871 198653,35 198653,198653 887,210871 887,35 887,194645 248823,28447 194645,22886 28447,6214 28447,73323 28447,95642 28447,114 341188,117 341188,28350 341188,28491 341188,7419 341188,114 28350,6213 28350,4584 6213,6151 6213,887 6213,13972 20534,6163 20534,6213 20534,20534 7419,6169 7419,6213 7419,17476 682666,18832 682666,248823 682666,341188 682666,6385 682666
421481
1103979,34315 1103979,34355 1103979,906 1103979,906 34355,910 34355,2696 5869,910 5869,910 5462,25702 910,5462 910,5869 910,77758 910,906 910
13193,28350 13193,28489 13193,6213 13193,114 28350,6213 28350,4584 6213,6151 6213,887 6213,4584 6151,6213 6151,887 6151,210872 210871,273152 210871,35 210871,35061 210871,44514 210871,210871 35,210872 35,82920 35,210871 198653,35 198653,198653 887,210871 887,35 887
17811
573978,35 573978,787016 573978,82920 573978,210871 35,210872 35,82920 35,210872 210871,273152 210871,35 210871,35061 210871,44514 210871,35 513189,573964 513189,82920 513189,35 787016,513189 787016,573964 787016,210871 273152,210872 273152,35 273152,82920 273152,35 573964,513189 573964
633585,31489 633585,9581 633585,633081 31489,31489 9581
18781
948846
1102550,1026 1102550,251756 1102550,4584 1102550,94641 1102550,62329 251756,575077 94641,210872 210871,273152 210871,35 210871,35061 210871,44514 210871,210871 35,210872 35,82920 35,210871 575077,35 575077
648121,648112 648121,648106 648112,648112 648106,648121 648106
689439,235678 689439,235679 689439,616336 689439,235678 235679,235683 235679,235679 235678,235683 235678
1129994,36131 77438,37888 77438,36802 37888,77438 37888,36620 189620,10531 36620,3220 36620,3240 36620,39130 36620,31353 10531,97377 3240,3240 39130,97377 39130,77438 106590,90470 106590,106590 1129994,189620 1129994,189856 1129994,77438 1129994,90470 1129994,189566 189856,36802 189856
28964,18770 28964,28957 28964
20178,20179 20178,91852 20178,91853 20178,117328 91852,20179 91852,64271 91852,943 91852,940 20180,941 20180,20178 91853,20179 91853,20180 91853,20193 91853,20180 943,28265 943,940 28265,941 28265,887 35490,20178 64271,35490 64271,941 940
35922,28957 35922,3229 35922,4335 35922,50336 35922,144408 3229,29492 3229,30817 3229,6184 3229,35922 50336,6818 50336,202639 144408,231198 144408,29492 144408,19621 6184,4584 6184,6213 6184,6214 6184,24966 202639,25702 202639,69198 231198,853114 19621,853115 19621,853116 19621,4584 6213,6151 6213,887 6213,29723 6818,300806 6818,52515 300806,300806 29723,35905 29723
644470,642798 644470,644448 644470,644494 644470,642894 642798,644448 644494,645870 644494,643221 642894,643221 644448,16819 643221,643239 643221,643485 643221,642894 645870,642894 643485,643221 643485,644577 643485,642621 16819,643221 16819,643239 16819
28265,940 28265,941 28265,941 940
135765,135766 135765,4649 135765,4649 135766
1111304,105899 1111304,195361 1111304,4329 1111304,6213 1111304,887 1111304,6213 195361,4584 6213,6151 6213,887 6213,27623 105899,27627 105899,28254 105899,4329 105899,4330 4329,4584 6151,6213 6151,887 6151,27623 28254,27627 28254,27631 28254,27632 28254,4329 28254,12638 4330,6913 4330,210872 210871,273152 210871,35 210871,35061 210871,44514 210871,210871 35,210872 35,82920 35,210871 198653,35 198653,198653 887,210871 887,35 887,28412 27631,3229 27631,6184 27631,6214 27631,70520 27631,210871 273152,210872 273152,35 273152,82920 273152
1115291,32688 1717,4330 1717,4335 1717,6913 1717,4330 32688,12638 4330,6913 4330,137849 17242,109323 137849,5086 137849,5086 109323,3187 5086,3191 5086,3192 5086,16008 3191,3192 3191,39890 3191,5086 3191,5086 3187,137849 1115291,1717 1115291,17242 1115291,280876 1115291,17242 280876,3187 280876
430574
976284,45188 45189,4804 45189,89547 45189,45189 45188,89547 45188,10177 4804,12210 4804,12350 4804,9515 4804,15429 12350,51180 12350,10177 12210,12350 12210,4804 12210,15429 10177,25772 1997,3233 1997,116528 25772,77758 25772,1997 3233,3236 3233,3240 3233,49811 3233,1997 49811,2440 49811,37483 2440,97377 3240,3233 976284,45188 976284,45189 976284,4804 976284,89547 976284,15429 89547,10177 15429,12195 51180,38722 51180,67415 51180,10177 9515,15429 9515
1153101,137359 1153101,1956 1153101,3223 1153101,1955 1956,35 1956,3828 1956,936 1956,210871 35,210872 35,82920 35,936 3828,940 3828,941 3828,943 3828,210872 210871,273152 210871,35 210871,35061 210871,44514 210871,941 940
1131745,1365 1131745,77758 1131745
20179
1128975,12576 575795,35 12576,6213 12576,83725 12576,887 12576,4584 6213,6151 6213,887 6213,210871 35,210872 35,82920 35,35 486840,35852 486840,210872 210871,273152 210871,35 210871,35061 210871,44514 210871,144701 1128975,486840 1128975,575795 1128975,22229 144701,35061 144701,144701 22229,35061 22229,35 141342,141342 35061,32083 35061,35 35061
628766,205196 628766,815073 205196,815096 205196,205196 815096,574264 815096
13195
70281
82087,58758 33895,576973 58758,58758 576973,144408 3229,29492 3229,30817 3229,6184 3229,202639 144408,231198 144408,29492 144408,19621 6184,4584 6184,6213 6184,6214 6184,24966 202639,25702 202639,69198 231198,853114 19621,853115 19621,853116 19621,4584 6213,6151 6213,887 6213,3229 82087,33895 82087,82090 82087,82098 82087,3229 82098,35 82098,210871 35,210872 35,82920 35,66805 82090,66809 82090,35 66805,89547 66805,210872 210871,273152 210871,35 210871,35061 210871,44514 210871
1152379,89547 1152379,15429 89547,10177 15429,15429 10177
1135082,19621 1135082,7047 1135082,733576 1135082,853114 19621,853115 19621,853116 19621,853115 853114,19621 853116,853114 853116,853115 853116
1119140,103482 1119140,1365 1119140,37541 1119140,35 103482,137380 37541,46491 37541,210871 35,210872 35,82920 35,46491 137380,210872 210871,273152 210871,35 210871,35061 210871,44514 210871
1131192,643069 1131192,14090 643069,16819 643069,16843 643069,642621 16819,643221 16819,643239 16819,126793 16843,16819 126793,16819 643221,643239 643221,643485 643221
33231
645084,153063 645084,642641 645084,645088 645084,38537 153063,561568 153063,561613 153063,153063 561568,561613 561568,153063 561613
684972,395553 684972,684986 684972,12330 395553,2702 395553,4330 395553,684986 395553,12638 4330,6913 4330,2702 12330,4330 684986
6152,4584 6151,6213 6151,887 6151,4584 6213,6151 6213,887 6213,210872 210871,273152 210871,35 210871,35061 210871,44514 210871,210871 35,210872 35,82920 35,210871 198653,35 198653,198653 887,210871 887,35 887,114 193742,4584 193742,6151 193742,6213 193742,193742 6152,6151 6152
1152858
1106370,24966 1106370,27531 1106370,3231 1106370,27530 27531,27543 27531,10169 3231,17798 3231,39127 3231,39131 3231,6334 3231,10169 6334,3231 6334,39131 6334,6767 6334,10177 10169,15429 10169,158614 10169,10169 17798,10169 39131,17798 39131,39130 39131,3240 39130,97377 39130,10169 158614,15429 10177
45605,240791 45605,32083 45605,35061 45605,19621 240791,35061 240791,45605 240791,35 141342,210871 35,210872 35,82920 35,141342 35061,32083 35061,35 35061,853114 19621,853115 19621,853116 19621,210872 210871,273152 210871,35 210871,35061 210871,44514 210871,853115 853114
643734,200630 643734,643735 643734,32083 200630
646412
506,504 506,89416 506,504 89416,506 89416
1130568,205196 1130568,815073 205196,815096 205196,205196 815096,574264 815096
1131639,390693 1131639,45605 1131639,240791 45605,32083 45605,35061 45605,19621 240791,35061 240791,45605 240791,35 141342,210871 35,210872 35,82920 35,141342 35061,32083 35061,35 35061,853114 19621,853115 19621,853116 19621
37541,137380 37541,46491 37541,46491 137380
58268,8594 58268
649731,1365 649731,23507 649731,1365 23502,23507 23502,3229 23502,330148 23502,6184 10981,23507 152731,43186 152731,10981 23507,1365 23507,152731 23507,23502 23507,144408 3229,29492 3229,30817 3229,6184 3229,19621 6184,4584 6184,6213 6184,6214 6184
27203
5966
6163,124064 6163,6213 6163,6220 6163,6224 6163,4584 6213,6151 6213,887 6213,114 124064,28542 124064,4584 124064,6213 124064,6214 124064,114 6220,124064 6220,28350 6220,28412 6220,6213 6220,114 28350,6213 28350,4584 6151,6213 6151,887 6151,6213 6215,6214 6215,887 6215,124064 6224,6213 6224,6214 6224,6215 6224,6220 6224,210872 210871,273152 210871,35 210871,35061 210871,44514 210871,210871 35,210872 35,82920 35,210871 198653,35 198653,198653 887,210871 887,35 887,117 6214,4584 6214,6151 6214,6213 6214
34979,13982 34979,34979 13982
1949,1952 1949,1953 1949,3097 1949,3112 1949,3097 1952,1959 3097,82664 3097,82666 3097,77826 3112,77829 3112,3112 77829,3112 77826,5600 77826
950052,1365 950052,19621 950052,853114 19621,853115 19621,853116 19621,853115 853114,19621 853116,853114 853116,853115 853116
593559,578845 593559,593560 593559,578845 593560,593559 593560
192734,45188 45189,4804 45189,89547 45189,45189 45188,89547 45188,10177 4804,12210 4804,12350 4804,9515 4804,15429 12350,51180 12350,10177 12210,12350 12210,4804 12210,15429 10177,1272 192734,45188 192734,45189 192734,13686 1272,4584 1272,22563 13686,27535 13686,40135 13686,6184 13686,23738 22563,36140 22563,8224 22563,51866 27535,8703 27535,19621 6184,4584 6184,6213 6184,6214 6184
1129683,12337 1129683,35 1129683,608326 1129683,70970 1129683,82920 1129683,141342 70970,608190 70970,608191 70970,82920 70970,210871 35,210872 35,82920 35,35 608326,82920 608326,35 141342,210872 210871,273152 210871,35 210871,35061 210871,44514 210871,141342 608191,575077 608191,608190 608191,210871 273152,210872 273152,35 273152,82920 273152
16008
64271,887 35490,210872 210871,273152 210871,35 210871,35061 210871,44514 210871,210871 35,210872 35,82920 35,210871 198653,35 198653,198653 887,210871 887,35 887,20179 20178,91852 20178,91853 20178,117328 91852,20179 91852,64271 91852,943 91852,940 20180,941 20180,20178 91853,20179 91853,20180 91853,20193 91853,20178 64271,35490 64271
1127657
233106
1128542
820662,171954 820662,573553 820662,573553 171954,67415 171954,10177 67415,12210 67415,12350 67415,15429 12350,51180 12350,10177 12210,12350 12210,4804 12210,15429 10177
1132731,57119 1132731,646900 1132731
335042,264556 335042
1131414
1132416
6935,101811 6935,63915 6935,12350 101811,23738 101811,15429 12350,51180 12350,27895 23738,8224 23738,22563 63915,36140 63915,23738 22563,36140 22563,8224 22563,12195 51180,38722 51180,67415 51180,85688 8224,22563 36140
89547,15429 89547,10177 15429,15429 10177
1106630,2654 1106630,27530 1106630,27543 1106630,31055 1106630,70281 1106630
12199,12350 20601,20602 20601,15429 12350,51180 12350,12350 20602,20601 20602,12195 51180,38722 51180,67415 51180,12198 12158,12350 12158,20601 12158,20602 12158,10177 12198,12350 12198,27612 12198,12198 27612,12350 27612,6125 27612,15429 10177,12158 12199,12198 12199,20601 12199,20602 12199
1106671,24966 1106671,92065 1106671,24966 92065,3229 92065,144408 3229,29492 3229,30817 3229,6184 3229,202639 144408,231198 144408,29492 144408,19621 6184,4584 6184,6213 6184,6214 6184
25791
82664,1959 82664
591016,1272 591016,2440 591016,13686 1272,4584 1272,37483 2440,22563 13686,27535 13686,40135 13686,6184 13686,64519 37483,23738 22563,36140 22563,8224 22563,51866 27535,8703 27535,19621 6184,4584 6184,6213 6184,6214 6184,887 64519
593240,227178 593240,35 593240,578845 593240,593155 593240,44455 227178,210871 35,210872 35,82920 35,62329 593155,210872 210871,273152 210871,35 210871,35061 210871,44514 210871,41714 44455,35 41714,44455 41714,210871 273152,210872 273152,35 273152,82920 273152
235683
1106764,61417 1106764,94416 1106764,61417 94416
1120197,2695 1120197,5348 1120197,2696 2695,2698 2695,342802 2695,5348 2695,2696 5348,5348 2696,2695 342802,2696 342802,2698 342802,5348 342802,2695 2698,2696 2698
13208,13205 13208,13212 13208
43639,2665 43639,237489 2665,237521 2665,8581 2665,1365 237521,135464 237489,2665 237489
359067,14531 56167,17798 56167,53942 56167,10169 17798,10177 10169,15429 10169,158614 10169,56167 239810,239810 359067,56167 359067,6343 359067
1110546,178718 1110546,178727 1110546,33904 1110546,35 178727,33895 33904,35 33904,503893 33904,210871 35,210872 35,82920 35,58758 33895,210872 210871,273152 210871,35 210871,35061 210871,44514 210871,134219 503893,35 503893
62329,427606 62329,35 427606,210871 35,210872 35,82920 35,210872 210871,273152 210871,35 210871,35061 210871,44514 210871
4553
1140230,230879 1140230,2658 1140230,230879 2658,2665 2658,696345 2658,237489 2665,237521 2665,8581 2665,1365 237521,135464 237489,2665 237489,205192 578337,230879 578337,2665 578337,99030 578337,230879 696345,2658 696345,2665 696345,578337 696345
120817
593813,33895 593813,33907 593813,35 593813,94639 593813,58758 33895,14062 33907,35 33907,97390 33907,97645 33907,210871 35,210872 35,82920 35,210872 210871,273152 210871,35 210871,35061 210871,44514 210871,576973 58758,58758 576973,35 97645,210871 273152,210872 273152,35 273152,82920 273152
20584
1102567,1481 1102567,4878 1102567,1481 4878
6941,1272 6923,2440 6923,72908 6923,13686 1272,4584 1272,37483 2440,2440 72908,22563 13686,27535 13686,40135 13686,6184 13686,64519 37483,1272 93923,6923 93923,72908 93923,3218 6941,6923 6941,93923 6941
662250
1129368
1154042,24966 1154042,65212 1154042
1136814,1688 1136814,33907 1136814,35 1136814,35 1688,58758 1688,14062 33907,35 33907,97390 33907,97645 33907,210871 35,210872 35,82920 35,210872 210871,273152 210871,35 210871,35061 210871,44514 210871,576973 58758,58758 576973,35 97645,210871 273152,210872 273152,35 273152,82920 273152
23116,24966 23116,253762 23116,27627 23116,65212 23116
6213,4584 6213,6151 6213,887 6213,4584 6151,6213 6151,887 6151,210872 210871,273152 210871,35 210871,35061 210871,44514 210871,210871 35,210872 35,82920 35,210871 198653,35 198653,198653 887,210871 887,35 887,210871 273152,210872 273152,35 273152,82920 273152
608292,8865 608292,8874 608292,8875 608292,35 8865,210871 35,210872 35,82920 35,12576 8875,6209 8875,8865 8875,8872 8875,8874 8875,35 12576,6213 12576,83725 12576,887 12576,210872 210871,273152 210871,35 210871,35061 210871,44514 210871,4584 6213,6151 6213,887 6213
27243
33907,14062 33907,35 33907,97390 33907,97645 33907,210871 35,210872 35,82920 35,35 97645,210872 210871,273152 210871,35 210871,35061 210871,44514 210871,210871 273152,210872 273152,35 273152,82920 273152
1116044,134314 1116044,23070 1116044,137130 23070,23069 23070,65074 23070,74698 23070,87915 23070,134315 23069,134320 23069,74700 23069,89416 137130,137130 65074,89416 65074,65074 65057,23070 74698,65057 74698,65074 74698,23070 87915,65074 87915
78511,33818 78552,33823 78552,33823 33818,78552 33818,78555 33818,78557 33818,9586 33818,33818 78557,33823 78557,78552 78557,78555 78557,141342 78511,35 78511,78552 78511,78557 78511,35 141342,210871 35,210872 35,82920 35,210872 210871,273152 210871,35 210871,35061 210871,44514 210871,210871 273152,210872 273152,35 273152,82920 273152
1106547,4584 6151,6213 6151,887 6151,4584 6213,6151 6213,887 6213,210872 210871,273152 210871,35 210871,35061 210871,44514 210871,210871 35,210872 35,82920 35,210871 198653,35 198653,198653 887,210871 887,35 887,114 28287,28290 28287,4584 28287,56708 28287,56709 28287,12576 28290,35 28290,35 12576,6213 12576,83725 12576,887 12576,12576 56709,28287 56709,28290 56709,56708 56709,28287 1106547,6151 1106547,6213 1106547
1120019
577227,35 577227,210871 35,210872 35,82920 35,210872 210871,273152 210871,35 210871,35061 210871,44514 210871,210871 273152,210872 273152,35 273152,82920 273152
643597,202639 643597,643695 643597,24966 202639,25702 202639,15076 25702,24043 15076,32276 15076
1140543,120084 1140543,120817 1140543,255628 1140543,523010 1140543,739816 1140543,135464 120084,1365 120084,255628 120084,264556 120084
1129443
1120858,5348 2696,2696 5348,2696 5869,910 5869,15076 25702,24043 15076,32276 15076,910 5462,25702 910,5462 910,5869 910,77758 910,906 910,2696 1120858,5348 1120858,910 1120858
1112075,134219 1112075,6346 1112075
1153945,1026 1153945,1034 1153945,1026 1034,1033 1034,1035 1034,35852 1035,45605 1035,35 1033,41714 1033,45605 1033,35 41714,44455 41714,210871 35,210872 35,82920 35
29723,29723 35905,910 35905,300806 29723,35905 29723,2696 5869,910 5869,910 5462,25702 910,5462 910,5869 910,77758 910,906 910,52515 300806,3229 52515,91038 52515,144408 3229,29492 3229,30817 3229,6184 3229
1125386,1955 1125386,238401 1125386,3231 1125386,35 1125386,210871 35,210872 35,82920 35,10169 3231,17798 3231,39127 3231,39131 3231,6334 3231,210872 210871,273152 210871,35 210871,35061 210871,44514 210871,10169 6334,3231 6334,39131 6334,6767 6334,10177 10169,15429 10169,158614 10169,210871 273152,210872 273152,35 273152,82920 273152,10169 17798,10169 39131,17798 39131,39130 39131,3240 39130,97377 39130,10169 158614,15429 10177
8766,1213 8766,8594 1213
27612,15429 12350,51180 12350,12195 51180,38722 51180,67415 51180,12195 38722,67415 38722,12350 12195,51180 12195,67415 12195,10177 15429,15429 10177,12210 6125,12350 6125,1246 6125,2653 6125,59626 6125,10177 12210,12350 12210,4804 12210,10177 4804,12210 4804,12350 4804,9515 4804,12198 27612,12350 27612,6125 27612,10177 12198,12350 12198,27612 12198
1120020,13885 13917,4584 13917,4584 13885,90888 13885,4584 6213,6151 6213,887 6213,4584 6151,6213 6151,887 6151,210872 210871,273152 210871,35 210871,35061 210871,44514 210871,210871 35,210872 35,82920 35,210871 198653,35 198653,198653 887,210871 887,35 887,13917 1120020,4584 1120020,6213 1120020
24043
636098,10169 636098,1272 636098,3231 636098,10169 3231,17798 3231,39127 3231,39131 3231,6334 3231,13686 1272,4584 1272,10177 10169,15429 10169,158614 10169,10169 6334,3231 6334,39131 6334,6767 6334,22563 13686,27535 13686,40135 13686,6184 13686,10169 158614,15429 10177,10169 17798,10169 39131,17798 39131,39130 39131,3240 39130,97377 39130,23738 22563,36140 22563,8224 22563,51866 27535,8703 27535,19621 6184,4584 6184,6213 6184,6214 6184,10177 15429
654177,10435 112378,1272 112378,27895 112378,36140 112378,40886 112378,22563 10435,22564 10435,22566 10435,13686 1272,4584 1272,22563 36140,23738 22563,36140 22563,8224 22563,22563 13686,27535 13686,40135 13686,6184 13686,22563 3220,85688 8224,27895 23738,8224 23738,112378 145215,3220 145215,40886 145215,63915 145215,22563 63915,36140 63915,112378 654177,145215 654177,3220 654177,40886 654177
1128985,44455 227178,41714 44455,35 41714,44455 41714,210871 35,210872 35,82920 35,227178 1128985,35 1128985,44455 1128985,54132 1128985,210872 210871,273152 210871,35 210871,35061 210871,44514 210871,210871 273152,210872 273152,35 273152,82920 273152
8581,135464 8581,69198 8581
135130,12576 135130,35 135130,56115 135130,35 12576,6213 12576,83725 12576,887 12576,210871 35,210872 35,82920 35,56112 56115,83725 56115,4584 6213,6151 6213,887 6213,210872 210871,273152 210871,35 210871,35061 210871,44514 210871,12576 56112,83725 56112,12576 83725,56112 83725,6741 83725,4584 6151,6213 6151,887 6151,210871 198653,35 198653,198653 887,210871 887,35 887,210871 273152,210872 273152,35 273152,82920 273152
642798,642894 642798,643221 642894,16819 643221,643239 643221,643485 643221,642894 643485,643221 643485,644577 643485,642621 16819,643221 16819,643239 16819
1134031,8591 709113,8594 709113,709113 1134031,8594 8591
1153879
285675,25184 285675,285687 285675,307336 285675,25181 25184,27174 25184,3229 25184,3231 25184,174418 307336,3243 307336,3229 25181,59798 25181,144408 3229,29492 3229,30817 3229,6184 3229,10169 3231,17798 3231,39127 3231,39131 3231,6334 3231,25181 27174,3229 27174,59798 27174,174425 174418,32276 174418,202639 144408,231198 144408,29492 144408,19621 6184,4584 6184,6213 6184,6214 6184,10169 6334,3231 6334,39131 6334,6767 6334,10177 10169,15429 10169,158614 10169
592996
1130931,1997 154982,8079 154982,25772 1997,3233 1997,116528 25772,77758 25772,1997 3233,3236 3233,3240 3233,49811 3233,27249 8079,23738 27249,36140 27249,46468 27249,144408 3229,29492 3229,30817 3229,6184 3229,202639 144408,231198 144408,29492 144408,19621 6184,4584 6184,6213 6184,6214 6184,24966 202639,25702 202639,69198 231198,853114 19621,853115 19621,853116 19621,4584 6213,6151 6213,887 6213,154982 1130931,3229 1130931
38829,20179 20178,91852 20178,91853 20178,117328 91852,20179 91852,64271 91852,943 91852,940 20180,941 20180,20178 91853,20179 91853,20180 91853,20193 91853,887 35490,20178 64271,35490 64271,117328 38829,20178 38829,64271 38829
137956,58268 137956,8591 137956,8594 58268,8594 8591
74937
522338
578669,28851 578669,35 28851,210871 35,210872 35,82920 35,210872 210871,273152 210871,35 210871,35061 210871,44514 210871
1152761,263498 1152761,35061 1152761,8872 1152761,35 263498,35061 263498,210871 35,210872 35,82920 35,35 141342,141342 35061,32083 35061,35 35061,210872 210871,273152 210871,35 210871,35061 210871,44514 210871
1112026,51866 27535,8703 27535,27535 1112026,51879 51866,8703 51866,10435 8703,10798 8703,4649 8703,85688 8703,22563 10435,22564 10435,22566 10435
1131464,123825 649739,19621 649739,853114 19621,853115 19621,853116 19621,19621 123825,649731 123825,853115 853114,123825 649730,19621 649730,19621 853116,853114 853116,853115 853116,1365 649731,23507 649731,1365 23502,23507 23502,3229 23502,330148 23502,6184 10981,23507 152731,43186 152731,10981 23507,1365 23507,152731 23507,23502 23507,123825 1131464,19621 1131464,649730 1131464,649731 1131464,649739 1131464
195792,62329 251756,427606 62329,35 427606,210871 35,210872 35,82920 35,251756 195792,62329 195792
1061127,2440 1061127,37483 2440,64519 37483,887 64519
117316,38205 117316,54129 117316,575077 117316,210871 38205,35 38205,887 38205,35 54129,210871 35,210872 35,82920 35,210872 210871,273152 210871,35 210871,35061 210871,44514 210871,210871 575077,35 575077,210871 273152,210872 273152,35 273152,82920 273152,210871 198653,35 198653,198653 887,210871 887,35 887
118424
459206
41732
12198,15429 12350,51180 12350,12195 51180,38722 51180,67415 51180,12195 38722,67415 38722,12350 12195,51180 12195,67415 12195,10177 15429,15429 10177,12210 6125,12350 6125,1246 6125,2653 6125,59626 6125,10177 12210,12350 12210,4804 12210,12198 27612,12350 27612,6125 27612,10177 12198,12350 12198,27612 12198
140005
1152821
79817,18777 79817,79809 79817,11342 79809,24966 79809,358866 79809,358887 79809,5086 79809,23738 11342,79809 11342,8224 11342,79809 358866,3187 5086,3191 5086,3192 5086,16008 3191,3192 3191,39890 3191,5086 3191,5086 3187,85688 8224,27895 23738,8224 23738
62333,19621 62347,3229 62347,853114 19621,853115 19621,853116 19621,144408 3229,29492 3229,30817 3229,6184 3229,62347 62333,853115 853114,202639 144408,231198 144408,29492 144408,19621 6184,4584 6184,6213 6184,6214 6184
1128201,35 576795,574264 576795,576725 576795,210871 35,210872 35,82920 35,576795 1128201,1688 576725,35 576725,35 1688,58758 1688,35 574264,210872 210871,273152 210871,35 210871,35061 210871,44514 210871
1131752,35 1131752,577227 1131752,35 577227,210871 35,210872 35,82920 35,210872 210871,273152 210871,35 210871,35061 210871,44514 210871,210871 273152,210872 273152,35 273152,82920 273152
1155073,6923 20857,1272 6923,2440 6923,72908 6923,13686 1272,4584 1272,37483 2440,2440 72908,22563 13686,27535 13686,40135 13686,6184 13686,64519 37483,72908 954315,83461 954315,63486 83461,20857 1155073,6923 1155073,954315 1155073
1137140
1130356
851968,230879 851968,278394 851968
1128974,1786 35797,36140 35797,4330 35797,6784 35797,22563 1786,27895 1786,46547 1786,12638 4330,6913 4330,22563 36140,23738 22563,36140 22563,8224 22563,251756 195792,62329 195792,62329 251756,195792 1128974,35797 1128974
49843,75121 22431,8224 22431,267003 75121,85688 75121,85688 8224,434 267003,1272 85688,13686 1272,4584 1272,11335 49843,22431 49843,2440 49843,3218 49843,8224 49843,37483 2440,64519 37483,887 64519
1152194,24966 1152194,910 1152194,2696 5869,910 5869,910 5462,25702 910,5462 910,5869 910,77758 910,906 910,5348 2696,15076 25702,24043 15076,32276 15076
1133417,108974 1133417,189620 1133417,36620 189620,10531 36620,3220 36620,3240 36620,39130 36620,31353 10531,97377 3240,3240 39130,97377 39130
114
1118209,12350 20601,20602 20601,15429 12350,51180 12350,12350 20602,20601 20602,12195 51180,38722 51180,67415 51180,12210 6125,12350 6125,1246 6125,2653 6125,59626 6125,10177 12210,12350 12210,4804 12210,12198 27612,12350 27612,6125 27612,10177 12198,12350 12198,27612 12198,15429 10177,20601 1118209,27203 1118209,27612 1118209
80491
563613,194609 563613
1119623,111770 1119623,375825 1119623,421481 375825
853114,853115 853114
62389,8224 62389,85688 8224,1272 85688,13686 1272,4584 1272
1114442,141342 40,35 141342,210871 35,210872 35,82920 35,853114 19621,853115 19621,853116 19621,853115 853114,19621 853116,853114 853116,853115 853116,19621 1114442,262108 1114442,262121 1114442,262178 1114442,40 1114442
118079,40131 118079,40135 118079,202639 40131,24966 202639,25702 202639
141160,123556 141160,50354 123556,123556 50354
1132443,641976 672070,672071 672070,145134 641976,24966 641976,3229 641976,24966 145134,144408 3229,29492 3229,30817 3229,6184 3229,641976 672071,672070 672071,6130 671269,672064 6130,672070 6130,672071 6130,671269 1132443,671293 1132443,672070 1132443,672071 1132443,24966 671293,40151 671293,2354 40151,137790 2354,74749 2354
1120866
1114239,144679 1114239,58436 1114239,30895 144679,58454 144679,10796 30895,1272 30895,3243 30895,59798 30895,8224 30895,85688 8224,10798 10796,6213 10796,887 10796,13686 1272,4584 1272
578898,108047 578898,254923 108047,28336 108047,38205 108047,54129 108047,108047 28336,117315 28336,54129 28336,1272 254923,35 254923,415693 254923,210871 38205,35 38205,887 38205,35 54129,210871 35,210872 35,82920 35,117316 117315,54129 117315,13686 1272,4584 1272,287787 415693,35 415693,84021 415693,210872 210871,273152 210871,35 210871,35061 210871,44514 210871
108974
936
103515,35 103515,8865 103515,210871 35,210872 35,82920 35,35 8865,210872 210871,273152 210871,35 210871,35061 210871,44514 210871,210871 273152,210872 273152,35 273152,82920 273152
237521,1365 237521
578365
444191,17363 444191,3229 444191,144408 3229,29492 3229,30817 3229,6184 3229,202639 144408,231198 144408,29492 144408,19621 6184,4584 6184,6213 6184,6214 6184,24966 202639,25702 202639,69198 231198,853114 19621,853115 19621,853116 19621,4584 6213,6151 6213,887 6213
27895
89335,8703 89335,10435 8703,10798 8703,4649 8703,85688 8703,22563 10435,22564 10435,22566 10435,23738 22563,36140 22563,8224 22563,1272 85688,13686 1272,4584 1272
510718,162664 510718,18777 510718,4329 510718,4330 4329,3191 162664,39890 162664,12638 4330,6913 4330,16008 3191,3192 3191,39890 3191,5086 3191,51049 39890
1130847,110041 287787,35 287787,210871 35,210872 35,82920 35,210872 210871,273152 210871,35 210871,35061 210871,44514 210871,287787 634938,35 634938,287787 1130847,35 1130847,634938 1130847,210871 273152,210872 273152,35 273152,82920 273152
917493,123556 141160,50354 123556,141160 917493
590022,149669 589923,36802 589923,77438 589923,117 149669,189708 149669,39890 149669,6214 149669,36131 77438,37888 77438,36802 37888,77438 37888,51049 39890,117 189708,36802 590022,589923 590022,77438 590022
16461,3229 16461,43186 16461,144408 3229,29492 3229,30817 3229,6184 3229,202639 144408,231198 144408,29492 144408,19621 6184,4584 6184,6213 6184,6214 6184,24966 202639,25702 202639,69198 231198,853114 19621,853115 19621,853116 19621,4584 6213,6151 6213,887 6213
95188,887 35490,210872 210871,273152 210871,35 210871,35061 210871,44514 210871,210871 35,210872 35,82920 35,210871 198653,35 198653,198653 887,210871 887,35 887,20179 20178,91852 20178,91853 20178,117328 91852,20179 91852,64271 91852,943 91852,20178 64271,35490 64271,117328 95188,20179 95188,35490 95188,64271 95188
