650807 1131549 1.0
22431 49844 1.0
46491 1152290 1.0
230884 1131607 1.0
124734 25805 1.0
108963 1095507 1.0
202639 672064 1.0
14549 1103038 1.0
368657 400455 1.0
20584 20592 1.0
54550 5600 1.0
94229 1111733 1.0
20534 23774 1.0
124224 6898 1.0
10177 67415 1.0
2658 578347 1.0
16437 430329 1.0
8224 65653 1.0
628667 628668 1.0
237521 2665 1.0
10796 417017 1.0
114 64484 1.0
189566 189856 1.0
28350 1109957 1.0
189566 1153014 1.0
28640 1059953 1.0
241133 1113459 1.0
39199 39210 1.0
12199 1119471 1.0
51180 50381 1.0
24974 34315 1.0
15429 12197 1.0
10177 164 1.0
12350 12195 1.0
739816 1140543 1.0
70520 36167 1.0
135130 574710 1.0
28350 28227 1.0
39199 66982 1.0
205192 1132968 1.0
145215 429805 1.0
93755 175576 1.0
399339 1120731 1.0
154047 1112106 1.0
2658 236759 1.0
20534 70442 1.0
683294 682508 1.0
683355 683404 1.0
367312 746058 1.0
55770 521207 1.0
12198 12158 1.0
22431 49847 1.0
14529 1103038 1.0
23738 1153064 1.0
4330 299197 1.0
114 191404 1.0
24043 15076 1.0
8224 11342 1.0
12330 1153861 1.0
66751 693143 1.0
42848 1104379 1.0
90470 1129994 1.0
6224 6163 1.0
358887 79809 1.0
23774 1107455 1.0
112378 1121459 1.0
20923 294030 1.0
887 299195 1.0
32276 84695 1.0
910 675649 1.0
116084 568045 1.0
25702 202639 1.0
31353 286562 1.0
4330 1109439 1.0
434 267003 1.0
4330 684986 1.0
12182 1117249 1.0
25702 147870 1.0
12165 1112099 1.0
22563 107252 1.0
24476 1103499 1.0
27623 686030 1.0
20179 95188 1.0
12576 574710 1.0
506 1106546 1.0
12439 105057 1.0
23738 11325 1.0
82664 1106236 1.0
24974 131042 1.0
1246 1102400 1.0
4330 428610 1.0
6775 350319 1.0
906 1114352 1.0
643069 1131192 1.0
50354 14807 1.0
2665 751408 1.0
72406 1105764 1.0
2665 1130676 1.0
4330 1152917 1.0
12169 1119471 1.0
135464 8581 1.0
270600 1114838 1.0
20601 12199 1.0
8961 1103610 1.0
112378 141868 1.0
593201 594649 1.0
644494 644470 1.0
4637 164 1.0
314459 1121603 1.0
1953 1949 1.0
28249 628668 1.0
1481 1153891 1.0
8865 8875 1.0
15889 15892 1.0
8874 1120643 1.0
55403 1128531 1.0
27627 105899 1.0
575077 608190 1.0
6913 703953 1.0
114 6220 1.0
77108 1138043 1.0
6925 57948 1.0
10531 1102850 1.0
12182 1153183 1.0
1481 1114864 1.0
6184 10981 1.0
593559 593560 1.0
4584 782486 1.0
12350 1131611 1.0
12576 1104999 1.0
8224 1111788 1.0
230879 1133428 1.0
573553 1129608 1.0
28287 308529 1.0
37888 77438 1.0
11339 30901 1.0
20602 42207 1.0
1952 1949 1.0
38722 51180 1.0
12330 156977 1.0
6214 6196 1.0
15429 9515 1.0
427606 1131634 1.0
593942 1153896 1.0
169280 1132083 1.0
35778 108983 1.0
12330 949217 1.0
575077 94641 1.0
31353 686559 1.0
8224 601567 1.0
28287 1385 1.0
4584 124064 1.0
1272 1135125 1.0
77438 1153262 1.0
12182 12211 1.0
133615 55403 1.0
1246 57764 1.0
815073 205196 1.0
1959 170798 1.0
1272 1108167 1.0
135130 416455 1.0
38480 1104182 1.0
12347 72101 1.0
117 28278 1.0
51934 14545 1.0
13195 1120731 1.0
54132 593921 1.0
38722 81350 1.0
4329 510718 1.0
370366 928873 1.0
28202 1114629 1.0
171954 1135750 1.0
28487 1153056 1.0
287787 634938 1.0
71736 1152259 1.0
887 35490 1.0
6913 428610 1.0
15429 35854 1.0
6196 28387 1.0
6213 1111230 1.0
12576 56709 1.0
20179 91852 1.0
6209 8213 1.0
154023 1112106 1.0
6213 1106406 1.0
66990 1117501 1.0
137359 1108728 1.0
13656 1120431 1.0
696343 1133428 1.0
910 1126044 1.0
20584 235776 1.0
43165 1131195 1.0
264556 120084 1.0
16476 12359 1.0
27632 28254 1.0
57773 235670 1.0
11326 11339 1.0
33325 1110256 1.0
3218 1153264 1.0
12182 28641 1.0
28278 1107312 1.0
4804 164 1.0
217115 1112319 1.0
519318 1125906 1.0
24974 1104258 1.0
3112 470511 1.0
12576 56119 1.0
235683 235670 1.0
13205 1105148 1.0
15429 219239 1.0
227178 593240 1.0
128 1114125 1.0
7419 1105764 1.0
711994 1134197 1.0
44455 227178 1.0
161221 1153922 1.0
6213 195361 1.0
3097 1952 1.0
117 28202 1.0
578365 578306 1.0
156977 390889 1.0
22564 22566 1.0
906 1136397 1.0
145176 40124 1.0
28542 206259 1.0
131318 411005 1.0
77829 470511 1.0
20972 1116181 1.0
6213 1128267 1.0
83847 1117501 1.0
2665 1130808 1.0
3112 77829 1.0
6213 55968 1.0
23738 27250 1.0
61417 1106764 1.0
6216 1113739 1.0
67415 1135746 1.0
24966 92065 1.0
65653 1112319 1.0
4329 46468 1.0
7532 80515 1.0
36140 46500 1.0
4584 28278 1.0
593022 1128946 1.0
6213 1106966 1.0
85688 75121 1.0
114 1126029 1.0
205196 815096 1.0
6214 13960 1.0
15892 1118388 1.0
75695 911198 1.0
28491 341188 1.0
57922 57948 1.0
20601 25805 1.0
7032 52847 1.0
887 161221 1.0
13193 755217 1.0
23774 7432 1.0
12631 12638 1.0
6913 4330 1.0
18770 531348 1.0
66782 1105505 1.0
114 28485 1.0
110041 1152358 1.0
114 38480 1.0
906 910 1.0
6213 1117942 1.0
114 55968 1.0
8224 1132815 1.0
645016 1154071 1.0
1272 85452 1.0
282700 1115375 1.0
195792 593210 1.0
8591 1154525 1.0
149139 1123215 1.0
8581 75695 1.0
6214 23258 1.0
11335 1153264 1.0
108974 66794 1.0
25702 1153897 1.0
28491 153598 1.0
189566 90470 1.0
240321 1132459 1.0
56112 83725 1.0
3243 854434 1.0
626530 626574 1.0
6771 65653 1.0
910 1152194 1.0
648112 648121 1.0
910 13136 1.0
288107 1123215 1.0
626999 911198 1.0
10796 6217 1.0
56115 127033 1.0
17208 32872 1.0
4330 119956 1.0
56112 56119 1.0
4804 989397 1.0
10796 46536 1.0
578845 593560 1.0
31336 686532 1.0
6898 78994 1.0
237489 2665 1.0
6913 1105011 1.0
28640 28641 1.0
12350 12210 1.0
263553 662416 1.0
98693 1152358 1.0
887 114308 1.0
6151 1385 1.0
27623 27632 1.0
40886 112378 1.0
156977 1153861 1.0
7419 1109581 1.0
67415 12195 1.0
35778 1108389 1.0
100961 60169 1.0
12350 12158 1.0
46468 27249 1.0
175909 112787 1.0
149669 589923 1.0
648112 1131421 1.0
6213 7419 1.0
25805 1110028 1.0
368431 30901 1.0
16476 16474 1.0
628815 1130567 1.0
20584 389715 1.0
126868 126867 1.0
36131 77438 1.0
8224 49843 1.0
166989 1121063 1.0
1272 112378 1.0
12247 1119471 1.0
35797 1128974 1.0
134219 447224 1.0
28504 1139928 1.0
23258 168410 1.0
12182 1118764 1.0
6163 28202 1.0
132821 695284 1.0
115188 1107728 1.0
191222 708945 1.0
43698 31349 1.0
24966 131318 1.0
62329 195792 1.0
11342 79809 1.0
33325 429781 1.0
54132 594387 1.0
910 1118848 1.0
124064 6224 1.0
644448 644494 1.0
195361 1111304 1.0
28471 91975 1.0
11339 44017 1.0
180399 385572 1.0
180301 1110628 1.0
12182 157761 1.0
31769 67246 1.0
15889 1152564 1.0
116081 116087 1.0
44455 568857 1.0
8865 1129570 1.0
887 64519 1.0
61417 94416 1.0
91853 1116397 1.0
6209 181782 1.0
226698 1122304 1.0
6784 350319 1.0
45603 1104647 1.0
108974 108962 1.0
28350 1129243 1.0
39127 592830 1.0
8872 395075 1.0
64271 1152244 1.0
910 636511 1.0
1953 1153728 1.0
240321 1136397 1.0
33301 33303 1.0
397488 1134865 1.0
174425 636511 1.0
8872 1104647 1.0
13686 1272 1.0
38722 1106172 1.0
36167 20528 1.0
117 38480 1.0
12350 6125 1.0
424 1135125 1.0
25791 45212 1.0
6213 434 1.0
1272 520471 1.0
400356 1120777 1.0
593240 593210 1.0
114 1117942 1.0
39127 1128935 1.0
27623 686015 1.0
644361 645016 1.0
31479 20592 1.0
178209 195150 1.0
5462 910 1.0
154023 154047 1.0
39127 46476 1.0
18251 1106052 1.0
39165 118682 1.0
27895 112378 1.0
43186 16461 1.0
7532 7537 1.0
73327 1153728 1.0
6784 562123 1.0
2665 1113035 1.0
235679 57773 1.0
1481 13960 1.0
73327 1105810 1.0
12155 1126350 1.0
114 6170 1.0
12631 78994 1.0
20923 289885 1.0
4584 188471 1.0
134128 1117760 1.0
887 976334 1.0
235683 235679 1.0
117 28471 1.0
12210 67415 1.0
102884 9513 1.0
46491 389715 1.0
48764 1104647 1.0
3112 77826 1.0
106590 1095507 1.0
202520 446271 1.0
73712 1112194 1.0
28350 6220 1.0
39127 592826 1.0
230879 751408 1.0
75318 1121569 1.0
6213 1107355 1.0
650807 1131565 1.0
101263 1139928 1.0
4584 1130600 1.0
593328 87363 1.0
6784 6775 1.0
205192 578337 1.0
16476 1123087 1.0
118435 118436 1.0
25702 675649 1.0
23116 576257 1.0
118424 118436 1.0
56112 1104999 1.0
147870 1132434 1.0
16461 1105603 1.0
10796 30895 1.0
28287 567005 1.0
6214 6224 1.0
23738 27249 1.0
42221 27199 1.0
251756 1102550 1.0
114 28387 1.0
202639 242637 1.0
630890 1130678 1.0
466170 66794 1.0
14549 592830 1.0
4584 193742 1.0
248425 594387 1.0
4584 28287 1.0
20528 1103676 1.0
10177 4804 1.0
642641 645084 1.0
114 7432 1.0
38829 1116397 1.0
4330 753265 1.0
22563 22566 1.0
92065 1106671 1.0
141171 1121569 1.0
7532 1153097 1.0
79809 1153275 1.0
6213 20526 1.0
578337 696345 1.0
287787 1130847 1.0
195792 1128974 1.0
12631 662416 1.0
27623 1104182 1.0
103430 1154074 1.0
67245 67246 1.0
83725 56119 1.0
12198 27612 1.0
75969 592830 1.0
20526 1118092 1.0
6213 1108329 1.0
131122 212930 1.0
15429 57948 1.0
31353 686532 1.0
24966 1104449 1.0
166825 1118388 1.0
117 149669 1.0
887 20972 1.0
696345 696342 1.0
6213 299197 1.0
1237 1106112 1.0
28290 1107674 1.0
189856 1129994 1.0
12197 111866 1.0
8875 608292 1.0
151708 1120786 1.0
4584 628815 1.0
20924 521207 1.0
12350 4804 1.0
6213 6210 1.0
117328 95188 1.0
62676 14083 1.0
28350 241133 1.0
17201 17208 1.0
59626 249858 1.0
6784 35797 1.0
39210 66982 1.0
17201 1118245 1.0
54132 1128985 1.0
1272 85688 1.0
6214 124064 1.0
15429 217115 1.0
6213 293271 1.0
294126 649944 1.0
13652 83746 1.0
57932 6925 1.0
2702 12330 1.0
108962 108963 1.0
124064 6220 1.0
610529 1153946 1.0
95594 7430 1.0
12576 229635 1.0
8874 1153816 1.0
684986 684972 1.0
37888 1152633 1.0
16476 1129621 1.0
3097 129045 1.0
1717 1135108 1.0
198866 73327 1.0
145384 95589 1.0
174418 307336 1.0
20602 1108167 1.0
51180 12350 1.0
114 434 1.0
6216 1116347 1.0
12330 395553 1.0
12195 1131611 1.0
57922 1118658 1.0
24966 1105344 1.0
27606 124734 1.0
56119 1104999 1.0
80656 13656 1.0
8594 709113 1.0
1272 27230 1.0
40886 429805 1.0
626531 1130454 1.0
15429 210309 1.0
7537 1153097 1.0
124734 1108167 1.0
1272 1123867 1.0
230879 578309 1.0
193932 1111240 1.0
12211 12165 1.0
91852 20178 1.0
31353 31349 1.0
48768 1104647 1.0
160732 75969 1.0
72101 1118347 1.0
171954 1110256 1.0
46547 107251 1.0
92589 1131137 1.0
112378 145215 1.0
18770 28964 1.0
69198 8581 1.0
39127 116087 1.0
25702 1136397 1.0
10796 601567 1.0
1919 1108389 1.0
521207 521269 1.0
46491 137380 1.0
75972 592830 1.0
28491 1152910 1.0
230879 230884 1.0
10531 1129442 1.0
114 1118245 1.0
910 1114118 1.0
31479 39165 1.0
6910 169279 1.0
6214 345340 1.0
6898 1123188 1.0
43186 1135894 1.0
593544 1128982 1.0
6213 1113182 1.0
36140 57764 1.0
114 136665 1.0
36140 63915 1.0
46491 46547 1.0
108983 108962 1.0
7532 1121603 1.0
6213 672064 1.0
230879 1132948 1.0
264556 289085 1.0
64271 38829 1.0
7047 2663 1.0
4584 6184 1.0
216877 1117618 1.0
98693 575331 1.0
156794 1109581 1.0
41417 1108329 1.0
123556 14807 1.0
10177 68495 1.0
205196 628766 1.0
7537 409255 1.0
52847 1131471 1.0
91853 1110579 1.0
6125 28641 1.0
1949 3101 1.0
72056 1135122 1.0
20601 42207 1.0
6216 1123553 1.0
36802 37888 1.0
8872 197054 1.0
24966 65212 1.0
169279 1132083 1.0
634904 634975 1.0
24476 1106546 1.0
20602 12247 1.0
64319 111866 1.0
910 58552 1.0
6913 1116336 1.0
10531 1107567 1.0
28287 56709 1.0
18770 531351 1.0
910 1116569 1.0
1272 1120962 1.0
6214 93320 1.0
31479 14549 1.0
169280 1154103 1.0
255233 33303 1.0
6767 69397 1.0
1481 1108267 1.0
6213 58540 1.0
12350 12198 1.0
114 1111052 1.0
39127 116081 1.0
99023 578309 1.0
34315 1103979 1.0
32083 1120962 1.0
575077 594649 1.0
60169 399370 1.0
38722 1135746 1.0
15889 1153891 1.0
23738 22563 1.0
8224 6639 1.0
148341 1109208 1.0
57773 1154524 1.0
44017 1106492 1.0
6215 6224 1.0
119712 1114118 1.0
3218 35070 1.0
2658 1131607 1.0
114 1120170 1.0
145384 7430 1.0
27241 1106492 1.0
103531 656048 1.0
22563 12439 1.0
22563 13686 1.0
12350 67415 1.0
36140 350373 1.0
2658 1130808 1.0
230879 2658 1.0
10435 22566 1.0
67415 38722 1.0
59626 217115 1.0
65212 23116 1.0
568857 1153816 1.0
35490 95188 1.0
62389 1107325 1.0
63915 145215 1.0
3097 1949 1.0
9716 1153262 1.0
13654 83746 1.0
27623 105899 1.0
6213 628815 1.0
12165 1107567 1.0
5959 1102625 1.0
5959 545647 1.0
108983 683404 1.0
608190 70970 1.0
28287 387795 1.0
91975 1113459 1.0
230879 1132486 1.0
23774 1106406 1.0
114 28287 1.0
248425 1113831 1.0
22563 63915 1.0
69198 411005 1.0
36162 1132815 1.0
8865 395075 1.0
644494 1131314 1.0
24974 40125 1.0
232606 25413 1.0
235683 57773 1.0
11335 11325 1.0
75674 686015 1.0
56115 56119 1.0
4330 137873 1.0
15429 12350 1.0
6213 1107455 1.0
10177 12198 1.0
35778 73146 1.0
25805 385251 1.0
56119 127033 1.0
205196 1130586 1.0
179702 1121569 1.0
289885 1115701 1.0
12182 28640 1.0
6898 431206 1.0
2665 230884 1.0
130 13960 1.0
15429 1104007 1.0
39210 66986 1.0
4804 25805 1.0
6767 1114864 1.0
626530 626531 1.0
13652 13656 1.0
504 89416 1.0
28254 686015 1.0
648121 1131420 1.0
8224 55403 1.0
95594 95589 1.0
593942 1129015 1.0
4553 1102548 1.0
27203 1118209 1.0
12631 1154103 1.0
7537 1131348 1.0
573553 820662 1.0
39127 52835 1.0
20179 20178 1.0
1717 1115291 1.0
114 91975 1.0
739280 746058 1.0
127033 1108267 1.0
358866 79809 1.0
1272 97892 1.0
8224 30895 1.0
117328 91852 1.0
24966 145176 1.0
56708 308529 1.0
6213 628668 1.0
6213 12576 1.0
59626 124734 1.0
174425 174418 1.0
108974 1125469 1.0
13212 1105148 1.0
13195 1107312 1.0
28504 7430 1.0
73327 1153166 1.0
101261 101263 1.0
62329 251756 1.0
13658 13656 1.0
44017 206524 1.0
656231 103531 1.0
24966 197452 1.0
12195 1107319 1.0
8224 22431 1.0
114 1106112 1.0
12350 6539 1.0
85299 299197 1.0
12359 16451 1.0
22563 6771 1.0
27895 23738 1.0
12330 400356 1.0
73712 52003 1.0
8224 49844 1.0
22563 389715 1.0
77515 9513 1.0
263553 6910 1.0
887 170798 1.0
17242 280876 1.0
11335 582511 1.0
887 1111304 1.0
910 1140040 1.0
506 1102364 1.0
6209 212930 1.0
6209 28485 1.0
14807 264347 1.0
6163 1111052 1.0
253762 23116 1.0
13212 411005 1.0
31353 1129608 1.0
135464 237489 1.0
75121 1105887 1.0
97390 1152358 1.0
44455 1128985 1.0
84020 1106492 1.0
424 218666 1.0
230879 1130808 1.0
118873 1115959 1.0
20924 1113934 1.0
221302 1153891 1.0
6784 1116629 1.0
506 89416 1.0
14545 1103038 1.0
22563 36140 1.0
31479 289885 1.0
40125 1104258 1.0
2665 2658 1.0
20601 12158 1.0
114 1103315 1.0
31769 67245 1.0
38829 1152244 1.0
23738 1153148 1.0
1999 1131471 1.0
31483 39165 1.0
193742 6152 1.0
6311 69397 1.0
56115 63832 1.0
910 131042 1.0
6163 130 1.0
22563 1121459 1.0
12576 1107674 1.0
6913 1135108 1.0
29738 155277 1.0
2665 578347 1.0
12198 164 1.0
193918 1111240 1.0
66794 1102646 1.0
644363 645016 1.0
253971 1129621 1.0
13658 987188 1.0
117 1109581 1.0
107251 389715 1.0
6213 1123553 1.0
27623 686061 1.0
575292 1131734 1.0
117 39403 1.0
10435 112378 1.0
145215 141868 1.0
89416 1106546 1.0
395725 1135115 1.0
910 1105344 1.0
14807 1111240 1.0
31479 294030 1.0
12182 219239 1.0
260121 1114352 1.0
56708 56709 1.0
152227 1139928 1.0
90470 106590 1.0
83847 1130678 1.0
27606 111866 1.0
31479 114189 1.0
77438 589923 1.0
32083 1153933 1.0
35778 519318 1.0
644843 1131274 1.0
10177 124734 1.0
6213 6155 1.0
145215 654177 1.0
10796 31097 1.0
3218 49843 1.0
27230 23545 1.0
594039 1129015 1.0
245288 1122460 1.0
116084 195150 1.0
117 6170 1.0
78994 662572 1.0
46470 1105450 1.0
1717 50381 1.0
6213 1113614 1.0
33325 12960 1.0
43639 469504 1.0
114 130 1.0
46547 389715 1.0
31483 118682 1.0
240321 428610 1.0
19045 593210 1.0
626574 1154012 1.0
578309 578347 1.0
45212 120013 1.0
15076 25702 1.0
23738 101662 1.0
4330 11093 1.0
6214 1126029 1.0
10177 1112574 1.0
504 506 1.0
52003 52000 1.0
56112 1107674 1.0
12350 16451 1.0
3243 307336 1.0
82666 3097 1.0
8875 1152676 1.0
31353 1123576 1.0
7047 54844 1.0
395540 1130676 1.0
219239 12247 1.0
28412 27631 1.0
227178 1128946 1.0
910 576257 1.0
4584 1116347 1.0
6213 28485 1.0
13208 1105148 1.0
8581 1120059 1.0
6213 399339 1.0
358866 358894 1.0
1272 1102625 1.0
57948 1114526 1.0
10796 1110947 1.0
117 75674 1.0
80656 13652 1.0
2665 1132968 1.0
23116 41666 1.0
696345 696346 1.0
52847 1153811 1.0
24966 95719 1.0
1246 1104007 1.0
56112 63832 1.0
25805 1108167 1.0
7419 1118245 1.0
116084 116087 1.0
6214 188471 1.0
589923 590022 1.0
8224 22563 1.0
13972 1126050 1.0
52003 1112194 1.0
887 334153 1.0
10435 41417 1.0
709518 1134056 1.0
32688 69418 1.0
12182 5038 1.0
46500 57764 1.0
114 1107455 1.0
197452 424 1.0
645452 645016 1.0
23738 1118764 1.0
22431 49843 1.0
675756 675649 1.0
12182 1106418 1.0
75972 1105932 1.0
2658 696342 1.0
2665 578309 1.0
33301 1022969 1.0
648121 648106 1.0
77438 1129994 1.0
44455 387795 1.0
340078 928873 1.0
67415 1110256 1.0
579008 248425 1.0
2658 1130676 1.0
6196 976334 1.0
12182 28632 1.0
423816 48781 1.0
70444 70441 1.0
129045 1108363 1.0
358887 358894 1.0
8872 229635 1.0
385572 1120084 1.0
75969 1153811 1.0
709113 1134031 1.0
32276 15076 1.0
13205 13208 1.0
95188 1110579 1.0
54844 1104946 1.0
1949 129042 1.0
662416 1123188 1.0
14062 98693 1.0
4330 1112929 1.0
114 58540 1.0
307656 270085 1.0
50354 289088 1.0
63549 1105344 1.0
112378 654177 1.0
24476 1153024 1.0
20178 91853 1.0
16843 1152259 1.0
227178 1128985 1.0
83746 294239 1.0
579008 593921 1.0
693143 695284 1.0
8224 1153866 1.0
1717 733167 1.0
22564 10435 1.0
17242 1115291 1.0
12210 12182 1.0
4330 118436 1.0
10796 1135358 1.0
62676 312409 1.0
6213 13960 1.0
6214 97892 1.0
157805 6539 1.0
42221 989397 1.0
7047 14549 1.0
6214 399339 1.0
594011 1153896 1.0
117 341188 1.0
36162 197452 1.0
195792 19045 1.0
12195 1112099 1.0
8875 395075 1.0
264556 335042 1.0
15429 175576 1.0
137849 17242 1.0
216878 711527 1.0
6224 28387 1.0
16470 1129621 1.0
6151 1130567 1.0
94416 1106764 1.0
64271 91852 1.0
118873 987188 1.0
4330 1136393 1.0
82666 1106236 1.0
1272 1135358 1.0
6213 1106547 1.0
8581 2665 1.0
34979 1106418 1.0
56112 56115 1.0
28504 365294 1.0
32872 1118245 1.0
733167 1154276 1.0
14090 643069 1.0
739816 1135894 1.0
10796 93320 1.0
4584 6214 1.0
160732 1128853 1.0
3218 6639 1.0
2665 1132486 1.0
2665 578306 1.0
408885 1154173 1.0
4330 1103676 1.0
75695 1113035 1.0
340078 949217 1.0
179706 141171 1.0
887 87363 1.0
36131 17208 1.0
114 1105394 1.0
6184 1120731 1.0
80491 80515 1.0
162664 118682 1.0
910 1129111 1.0
1786 35797 1.0
162664 39165 1.0
6910 1132083 1.0
117 32872 1.0
111866 249858 1.0
8594 1132809 1.0
70444 1107215 1.0
197054 1125092 1.0
1481 399173 1.0
14529 1119987 1.0
103430 75318 1.0
66751 1135750 1.0
2702 72056 1.0
12350 101811 1.0
60159 60169 1.0
28254 686061 1.0
6213 28350 1.0
688849 1133010 1.0
6238 84459 1.0
24966 1152194 1.0
427606 1138968 1.0
102879 9513 1.0
12330 107569 1.0
152227 152226 1.0
562940 1127619 1.0
135464 120084 1.0
560936 562123 1.0
74921 1105877 1.0
6169 1106406 1.0
523010 1140543 1.0
39127 75972 1.0
63835 95586 1.0
36802 589923 1.0
74920 1105877 1.0
12337 16451 1.0
93273 248119 1.0
6913 1152917 1.0
45052 1131266 1.0
8224 1128531 1.0
4330 390889 1.0
1959 73327 1.0
8594 8591 1.0
66990 1152490 1.0
27203 1106418 1.0
13136 160705 1.0
6639 178209 1.0
145315 649944 1.0
184157 95435 1.0
85688 8224 1.0
262178 85449 1.0
4584 1031453 1.0
66751 573535 1.0
235679 689439 1.0
576257 594649 1.0
11335 1127657 1.0
27631 55968 1.0
20602 12199 1.0
45212 1105764 1.0
910 1108834 1.0
39127 277263 1.0
28412 6220 1.0
8224 49847 1.0
683360 683404 1.0
82664 3097 1.0
117 28387 1.0
6784 560936 1.0
20534 1106966 1.0
6125 27612 1.0
910 1104379 1.0
12350 20602 1.0
824245 1139009 1.0
6151 6214 1.0
6213 1105764 1.0
6925 1118658 1.0
390693 1131639 1.0
31336 1129442 1.0
49843 49847 1.0
128383 1108329 1.0
287787 634904 1.0
56115 62718 1.0
1481 521207 1.0
12638 662416 1.0
230879 696343 1.0
17201 1107140 1.0
95586 95589 1.0
10981 1102873 1.0
887 1113614 1.0
365294 7430 1.0
120084 1140543 1.0
2658 99023 1.0
28290 63832 1.0
40886 654177 1.0
4329 105899 1.0
35797 100961 1.0
2665 1122704 1.0
77438 590022 1.0
6214 1130600 1.0
120817 1140543 1.0
189856 1129518 1.0
578365 578309 1.0
575077 579008 1.0
6151 193742 1.0
5959 582511 1.0
56112 127033 1.0
27199 148399 1.0
8594 232605 1.0
4330 1110438 1.0
114 124064 1.0
2658 1135899 1.0
117328 38829 1.0
189566 36802 1.0
20924 289885 1.0
12337 57764 1.0
77438 106590 1.0
2658 395540 1.0
198866 1153728 1.0
24966 79809 1.0
293271 293285 1.0
8224 6311 1.0
1952 3101 1.0
31353 1129442 1.0
75121 22431 1.0
155738 157761 1.0
395725 1153933 1.0
152227 987197 1.0
85449 1152290 1.0
27895 1786 1.0
28287 128540 1.0
27895 1132706 1.0
28385 118558 1.0
28504 131315 1.0
240321 69392 1.0
230879 851968 1.0
101811 1153064 1.0
6220 6163 1.0
10531 1130634 1.0
65650 309476 1.0
35490 1116410 1.0
27249 368431 1.0
575077 608191 1.0
24530 1109581 1.0
648112 1131420 1.0
69198 231198 1.0
287787 634975 1.0
1272 20593 1.0
12576 1105221 1.0
27627 23116 1.0
2658 696346 1.0
36140 105057 1.0
79817 1131466 1.0
23738 101811 1.0
75674 1109957 1.0
34355 1103979 1.0
24966 1106671 1.0
248395 1113828 1.0
77438 1152633 1.0
31353 31336 1.0
287787 634902 1.0
37888 1125469 1.0
20601 1121537 1.0
321004 1117049 1.0
646289 6913 1.0
6184 399339 1.0
12238 101263 1.0
6151 1107355 1.0
77108 77112 1.0
1272 157805 1.0
1953 1153166 1.0
230879 696346 1.0
56708 28287 1.0
130 39403 1.0
81350 1106172 1.0
49843 49844 1.0
12576 63832 1.0
27627 28254 1.0
423816 1134865 1.0
107569 1120777 1.0
45052 27250 1.0
202520 1115701 1.0
15076 708945 1.0
100701 1107041 1.0
4330 328370 1.0
6210 1120731 1.0
6169 170338 1.0
129042 129045 1.0
307336 708945 1.0
1959 1153728 1.0
13686 1385 1.0
6214 6215 1.0
27623 28254 1.0
58540 181782 1.0
46501 57764 1.0
11335 545647 1.0
11342 65650 1.0
20584 1106849 1.0
318071 1153014 1.0
6155 1126029 1.0
13982 34979 1.0
4330 35797 1.0
280876 1115291 1.0
20602 12158 1.0
6214 95589 1.0
9515 4804 1.0
12182 65650 1.0
189708 149669 1.0
28254 1118092 1.0
6213 1116347 1.0
85324 628751 1.0
11093 39199 1.0
133628 1108570 1.0
12198 1126350 1.0
628458 628459 1.0
28387 1107312 1.0
6784 60170 1.0
10531 31349 1.0
46491 51834 1.0
2665 630817 1.0
28290 1104999 1.0
6539 1102646 1.0
12631 6898 1.0
107251 107252 1.0
70970 593329 1.0
592830 1128935 1.0
8224 1153148 1.0
4330 1717 1.0
108983 310653 1.0
653628 1133930 1.0
89416 1153024 1.0
12350 1104007 1.0
504 1112650 1.0
13208 131318 1.0
56709 416455 1.0
62329 1131565 1.0
28202 325497 1.0
27623 75674 1.0
175909 1153891 1.0
12330 1152490 1.0
644448 1131314 1.0
169279 1154103 1.0
22563 1103394 1.0
114 1106406 1.0
2665 99023 1.0
24043 928873 1.0
230879 1140230 1.0
108974 1133417 1.0
520471 1125953 1.0
2665 205192 1.0
6213 755217 1.0
114966 1125258 1.0
22563 1120962 1.0
188471 628500 1.0
593104 593921 1.0
46887 6311 1.0
23738 189574 1.0
120817 1109873 1.0
12182 155736 1.0
65650 1105450 1.0
367312 1119211 1.0
2665 1132948 1.0
56115 1104999 1.0
46491 1120169 1.0
174418 636511 1.0
6214 1105764 1.0
6639 568045 1.0
593155 593240 1.0
114 8213 1.0
155736 155738 1.0
593209 593210 1.0
42209 27199 1.0
12182 309476 1.0
906 1103979 1.0
9716 6539 1.0
36162 20528 1.0
28487 8213 1.0
14529 239829 1.0
6639 116084 1.0
12197 1119471 1.0
32276 636500 1.0
4329 1110768 1.0
133615 1153866 1.0
52000 1104809 1.0
112099 1114777 1.0
10435 208345 1.0
2658 230884 1.0
124224 169279 1.0
65650 1118764 1.0
17201 95435 1.0
4330 12946 1.0
12195 38722 1.0
358884 358894 1.0
108983 159897 1.0
20924 1115701 1.0
137380 1108728 1.0
46887 1153106 1.0
6214 27631 1.0
40886 1131728 1.0
230879 578337 1.0
127033 416455 1.0
43698 1129442 1.0
64519 63835 1.0
2658 751408 1.0
11335 49843 1.0
48764 1125092 1.0
233106 12275 1.0
28649 155738 1.0
684986 395553 1.0
6238 10793 1.0
114 128 1.0
6220 6224 1.0
8224 368431 1.0
3218 1120169 1.0
24966 1154042 1.0
906 1140040 1.0
24966 1105433 1.0
12638 4330 1.0
31483 1131137 1.0
4330 151708 1.0
4584 1120020 1.0
12182 429781 1.0
12576 135130 1.0
70444 128383 1.0
46501 1153275 1.0
28504 95589 1.0
13917 1120020 1.0
8224 62389 1.0
73327 1153724 1.0
32083 1113995 1.0
23738 84020 1.0
230879 99030 1.0
4584 293285 1.0
31353 43698 1.0
3218 1152290 1.0
733534 1135122 1.0
22563 1123926 1.0
16437 395725 1.0
504 1102364 1.0
626530 1154012 1.0
233106 630890 1.0
86258 1106418 1.0
20923 1116530 1.0
226698 1112767 1.0
70444 1108329 1.0
141596 40125 1.0
52003 1104809 1.0
1272 30895 1.0
562940 61417 1.0
628751 628764 1.0
6184 1136422 1.0
40135 118079 1.0
12638 263553 1.0
4330 4329 1.0
114 6155 1.0
3243 30901 1.0
94641 594387 1.0
24974 6771 1.0
117328 1115166 1.0
28385 1125895 1.0
8224 133615 1.0
6125 12211 1.0
137359 1118286 1.0
4330 395553 1.0
12576 83725 1.0
7532 314459 1.0
145384 1153287 1.0
79809 79817 1.0
531348 531351 1.0
13654 119686 1.0
84020 1106298 1.0
66990 390889 1.0
74937 74921 1.0
42221 57948 1.0
131042 40125 1.0
23116 40124 1.0
8875 1129570 1.0
684531 684372 1.0
278394 627024 1.0
145176 1112723 1.0
166825 1110024 1.0
6213 1129096 1.0
683294 1132857 1.0
208345 55801 1.0
7032 323128 1.0
70520 27631 1.0
203646 1116569 1.0
12347 16451 1.0
6213 1111052 1.0
141868 429805 1.0
206524 48075 1.0
28254 105899 1.0
92589 39165 1.0
12350 152227 1.0
5869 910 1.0
36802 590022 1.0
6213 13193 1.0
28964 1125402 1.0
75969 1105932 1.0
6913 1131230 1.0
117 6214 1.0
12194 27199 1.0
57764 711527 1.0
159897 310653 1.0
360028 1118823 1.0
80656 13654 1.0
147870 1109185 1.0
887 6215 1.0
28542 124064 1.0
42221 248119 1.0
389715 107252 1.0
6125 385251 1.0
35490 1104031 1.0
216877 334153 1.0
202639 1123087 1.0
218410 134128 1.0
4584 1272 1.0
458439 1123493 1.0
4584 6213 1.0
114 1106172 1.0
10177 68505 1.0
910 12439 1.0
12210 57948 1.0
133615 1128531 1.0
40886 141868 1.0
24966 19697 1.0
7032 137873 1.0
242637 1113541 1.0
19045 593329 1.0
6214 1106172 1.0
232606 232605 1.0
28290 308529 1.0
56115 1129573 1.0
13658 119686 1.0
12199 12247 1.0
20602 95225 1.0
648106 648112 1.0
3243 1110947 1.0
85452 1120169 1.0
20178 38829 1.0
23738 65650 1.0
18815 1104449 1.0
4584 6210 1.0
40886 1121459 1.0
575292 1138968 1.0
7430 95586 1.0
42848 1116835 1.0
6169 1130567 1.0
166989 25805 1.0
887 10796 1.0
628500 1130600 1.0
17208 184157 1.0
74937 74920 1.0
114 39403 1.0
887 299197 1.0
5600 77826 1.0
154047 1133846 1.0
127033 574710 1.0
3101 70441 1.0
263553 1117219 1.0
12210 1112574 1.0
6216 96847 1.0
189856 683404 1.0
114 23258 1.0
108962 159897 1.0
43698 686532 1.0
100935 1120643 1.0
111770 1119623 1.0
754594 1136040 1.0
36802 130 1.0
6213 241133 1.0
4584 1102550 1.0
578845 593240 1.0
94641 1102550 1.0
85299 23258 1.0
3112 1152564 1.0
39199 66990 1.0
400356 66990 1.0
3243 1113739 1.0
179702 1152859 1.0
28412 6217 1.0
235678 689439 1.0
12337 395725 1.0
237489 1120059 1.0
202522 446271 1.0
10796 1113934 1.0
31353 1107567 1.0
409255 1153097 1.0
10177 12210 1.0
17208 95435 1.0
35797 60170 1.0
13654 1115959 1.0
38722 5038 1.0
289085 689152 1.0
25702 1108834 1.0
910 28278 1.0
248431 1113831 1.0
4330 1132459 1.0
12576 416455 1.0
19697 40124 1.0
6910 1152150 1.0
8865 785678 1.0
278403 627024 1.0
6311 1114864 1.0
1272 30901 1.0
10177 15429 1.0
341188 1117942 1.0
230884 1135899 1.0
12638 6910 1.0
27623 1126029 1.0
6213 6224 1.0
8865 608292 1.0
6214 6155 1.0
38722 65650 1.0
118873 1109566 1.0
30895 30901 1.0
101811 101662 1.0
35797 60169 1.0
66990 1153861 1.0
8224 1110426 1.0
6216 976334 1.0
6151 6155 1.0
35797 627024 1.0
31349 686532 1.0
4804 102884 1.0
235679 235670 1.0
8224 1108728 1.0
79809 91581 1.0
12195 1132285 1.0
101263 1112099 1.0
6910 662416 1.0
628751 950986 1.0
430574 1105622 1.0
626999 139547 1.0
126868 1108258 1.0
28350 6210 1.0
2658 282700 1.0
14083 1103016 1.0
17201 184157 1.0
46547 1786 1.0
6213 17208 1.0
12210 6125 1.0
23116 1105433 1.0
27203 148399 1.0
1272 284414 1.0
31479 1115701 1.0
70442 70441 1.0
28227 20526 1.0
162664 531351 1.0
2665 696346 1.0
7419 1113182 1.0
627024 911198 1.0
255628 1135589 1.0
56709 1128959 1.0
95188 1116410 1.0
8594 1154525 1.0
350319 193932 1.0
19045 593328 1.0
205196 628751 1.0
567005 1127810 1.0
6213 128 1.0
12158 148399 1.0
887 134128 1.0
187260 1110950 1.0
851968 1140231 1.0
578306 578347 1.0
4330 69392 1.0
44455 128540 1.0
644843 645016 1.0
6213 628667 1.0
6151 6213 1.0
6214 628500 1.0
3112 1949 1.0
65650 5038 1.0
579008 594387 1.0
11339 45061 1.0
22563 10435 1.0
6238 1123991 1.0
70442 1107215 1.0
733576 1135082 1.0
14090 1103016 1.0
191222 191216 1.0
240321 675649 1.0
175909 221302 1.0
40886 145215 1.0
1246 42207 1.0
4330 1104449 1.0
25791 28202 1.0
126867 1108258 1.0
52835 1115471 1.0
77826 470511 1.0
99023 578347 1.0
22564 1103394 1.0
4330 1136397 1.0
4584 6196 1.0
12337 16474 1.0
114 6196 1.0
8874 395075 1.0
656048 1131828 1.0
6213 6184 1.0
20924 1108267 1.0
10531 31353 1.0
6925 57922 1.0
51180 1107319 1.0
71736 1152991 1.0
135130 1105221 1.0
4584 128 1.0
40135 13686 1.0
162664 510718 1.0
80515 1121603 1.0
12195 12165 1.0
578337 1132486 1.0
178209 116084 1.0
32083 200630 1.0
8591 709113 1.0
16843 643069 1.0
114308 63835 1.0
99023 578306 1.0
136665 23258 1.0
39127 116084 1.0
682508 1132857 1.0
134128 1113614 1.0
48781 1120643 1.0
6213 10796 1.0
83847 66986 1.0
13654 987188 1.0
32083 31769 1.0
34315 40125 1.0
66794 1105505 1.0
219976 1116410 1.0
15889 1118388 1.0
6213 1120020 1.0
22875 1110947 1.0
10177 9515 1.0
235678 235679 1.0
65212 1154042 1.0
27612 1118209 1.0
24966 23116 1.0
12576 56112 1.0
28649 155736 1.0
644448 644470 1.0
28350 13193 1.0
230884 751408 1.0
180399 1120084 1.0
114 193742 1.0
37888 1108389 1.0
6163 20534 1.0
27199 248119 1.0
123556 50354 1.0
52007 1104809 1.0
28489 6210 1.0
208345 1114777 1.0
4584 976334 1.0
60170 399370 1.0
114 28350 1.0
28249 1116347 1.0
2665 696345 1.0
906 34355 1.0
7419 1107312 1.0
10435 1103394 1.0
2665 1131607 1.0
16437 16474 1.0
3097 1106236 1.0
131315 411005 1.0
28227 6169 1.0
4329 28254 1.0
178209 568045 1.0
6215 1120170 1.0
4584 13917 1.0
10177 12197 1.0
4330 949217 1.0
22431 1110426 1.0
79809 31863 1.0
129045 1121313 1.0
12631 1123188 1.0
5462 1129111 1.0
1481 521269 1.0
4584 168410 1.0
58552 1113828 1.0
66751 1138043 1.0
17208 1153262 1.0
6213 1109957 1.0
654519 1131754 1.0
6163 1106966 1.0
114 976334 1.0
75694 214472 1.0
20178 64271 1.0
13212 358884 1.0
14529 1114864 1.0
1272 65653 1.0
130 345340 1.0
56709 308529 1.0
235683 235678 1.0
20601 124734 1.0
10177 27606 1.0
6213 299195 1.0
573553 1135750 1.0
134199 164885 1.0
202639 643597 1.0
12238 12165 1.0
64484 1105394 1.0
8872 1125092 1.0
153598 1113459 1.0
202639 40131 1.0
13972 20534 1.0
20534 1111052 1.0
152226 1102400 1.0
335042 289085 1.0
27627 686061 1.0
6213 1385 1.0
6213 218410 1.0
12330 1120777 1.0
39127 1105932 1.0
17821 245955 1.0
49720 49753 1.0
129042 1121313 1.0
4330 1108834 1.0
10531 686532 1.0
108962 310653 1.0
35778 108962 1.0
1246 6125 1.0
44017 48075 1.0
230879 236759 1.0
910 160705 1.0
12198 12199 1.0
6767 6925 1.0
134128 1113182 1.0
13658 1120431 1.0
56119 63832 1.0
521269 1125993 1.0
112378 1131728 1.0
6238 1130356 1.0
12576 1071981 1.0
739816 1140548 1.0
6224 345340 1.0
6213 1103315 1.0
13193 17208 1.0
662250 1132073 1.0
235683 1154524 1.0
6213 1130567 1.0
1999 1102442 1.0
560936 91581 1.0
734406 1135115 1.0
24966 63549 1.0
5959 152226 1.0
22563 94229 1.0
15429 41666 1.0
6152 299195 1.0
4804 1112574 1.0
17201 32872 1.0
20584 1118823 1.0
817774 820661 1.0
216878 1117618 1.0
6767 1106103 1.0
35778 1125469 1.0
28202 1128267 1.0
1272 52835 1.0
12247 148399 1.0
166989 1110028 1.0
205192 99030 1.0
6213 6163 1.0
24974 1112723 1.0
94229 1123087 1.0
6196 81350 1.0
32276 39199 1.0
97390 100935 1.0
1959 82664 1.0
52000 52007 1.0
27895 105057 1.0
4330 168410 1.0
12576 62718 1.0
85688 6539 1.0
32276 636511 1.0
8581 1132968 1.0
9515 9513 1.0
12576 127033 1.0
4584 36167 1.0
910 94953 1.0
178209 75972 1.0
28491 782486 1.0
28249 1129096 1.0
22431 6639 1.0
545647 582511 1.0
36140 112378 1.0
79809 1131466 1.0
3243 368431 1.0
593104 1129015 1.0
46547 1118823 1.0
910 340078 1.0
27631 20528 1.0
80515 314459 1.0
31863 358894 1.0
34979 1104007 1.0
6213 20534 1.0
12169 989397 1.0
7047 1135082 1.0
170798 656231 1.0
64271 73327 1.0
240321 1132434 1.0
12158 12199 1.0
9716 28674 1.0
12195 51180 1.0
20924 294030 1.0
7537 141171 1.0
230879 696342 1.0
12350 157805 1.0
578337 99023 1.0
6213 1117760 1.0
255628 1140543 1.0
75693 214472 1.0
12195 1107567 1.0
910 755217 1.0
134199 447224 1.0
12350 20601 1.0
14062 97390 1.0
94641 1129018 1.0
56115 135130 1.0
2665 578337 1.0
96851 96847 1.0
2665 395540 1.0
95198 1110579 1.0
15889 221302 1.0
4329 1111304 1.0
4330 1114352 1.0
56115 1107674 1.0
80491 314459 1.0
24966 40124 1.0
27627 27632 1.0
27606 249858 1.0
13658 294239 1.0
49847 49844 1.0
6910 431206 1.0
75972 1128935 1.0
262178 1138968 1.0
41417 128383 1.0
4330 120013 1.0
6898 6910 1.0
6209 38480 1.0
594011 593942 1.0
20601 12247 1.0
35778 1919 1.0
28489 13193 1.0
910 1122460 1.0
32276 174418 1.0
578337 696346 1.0
12359 1131634 1.0
55770 208345 1.0
80491 7532 1.0
83725 62718 1.0
13966 13960 1.0
1717 1116336 1.0
593329 87363 1.0
6213 28227 1.0
36140 35797 1.0
135464 1135589 1.0
6196 1120731 1.0
28290 56709 1.0
12350 68495 1.0
334153 1117618 1.0
593104 593942 1.0
31353 1063773 1.0
8591 167205 1.0
85299 575292 1.0
23738 73146 1.0
56119 1105221 1.0
75695 1120059 1.0
10177 249858 1.0
13212 131318 1.0
35797 1116629 1.0
205196 1130568 1.0
28287 1107355 1.0
128 39403 1.0
739280 367312 1.0
1953 1153724 1.0
289088 689152 1.0
95225 42207 1.0
6910 1123188 1.0
114 341188 1.0
1272 1128256 1.0
13686 1107355 1.0
6169 7419 1.0
267824 1153195 1.0
13212 214472 1.0
40131 118079 1.0
12238 1112099 1.0
6213 1113459 1.0
28504 1153287 1.0
232605 25413 1.0
14545 14549 1.0
64271 95188 1.0
6213 1111304 1.0
48781 1134865 1.0
15889 1110024 1.0
1481 1113934 1.0
35490 64271 1.0
40124 1104258 1.0
6184 13686 1.0
27627 686015 1.0
36802 189856 1.0
85324 299197 1.0
12576 8875 1.0
6214 149669 1.0
131317 411005 1.0
8224 23738 1.0
230879 205192 1.0
6214 6184 1.0
6767 235776 1.0
25702 910 1.0
81350 892139 1.0
7419 1117760 1.0
96847 594025 1.0
25702 1118848 1.0
134219 1112075 1.0
3218 66782 1.0
116084 75972 1.0
431206 662572 1.0
66782 51834 1.0
2658 696345 1.0
20584 20593 1.0
65212 1105433 1.0
5600 255233 1.0
116021 12960 1.0
28290 28287 1.0
887 6213 1.0
20592 20593 1.0
35797 1050679 1.0
2702 395553 1.0
117 206259 1.0
163235 1109873 1.0
62329 593155 1.0
24966 202639 1.0
1481 1102567 1.0
592826 1128935 1.0
3218 417017 1.0
12576 28290 1.0
6213 23774 1.0
47839 1124837 1.0
91853 1116410 1.0
573553 171954 1.0
421481 375825 1.0
14062 1152358 1.0
230879 696345 1.0
99030 578337 1.0
108962 1095507 1.0
6196 1153056 1.0
20601 1108167 1.0
137380 85449 1.0
32688 1717 1.0
6169 1114629 1.0
6346 1106103 1.0
20584 6311 1.0
28487 206259 1.0
65653 1105450 1.0
325314 1122704 1.0
231198 1153922 1.0
887 19045 1.0
578845 593559 1.0
16843 1152991 1.0
6910 1154103 1.0
42221 42209 1.0
27631 28254 1.0
6220 134128 1.0
12631 6910 1.0
887 12576 1.0
264347 1153183 1.0
28649 12182 1.0
16437 51831 1.0
375825 1119623 1.0
193742 1111230 1.0
75121 417017 1.0
12169 4637 1.0
5600 33303 1.0
16451 118436 1.0
12337 16470 1.0
2658 1140230 1.0
4584 1113739 1.0
626530 1130454 1.0
119686 987188 1.0
75969 1128935 1.0
575077 593544 1.0
218410 1152663 1.0
27895 1122580 1.0
12197 68495 1.0
20602 1121537 1.0
427606 1050679 1.0
96851 594387 1.0
67415 164 1.0
12576 1129573 1.0
4330 69418 1.0
6213 134128 1.0
10531 43698 1.0
6213 6215 1.0
189856 683355 1.0
578337 236759 1.0
6213 38480 1.0
39127 1128881 1.0
227178 96847 1.0
78994 662279 1.0
189623 683355 1.0
2702 1120777 1.0
6214 38480 1.0
23258 18251 1.0
129042 1108363 1.0
32083 688361 1.0
12350 1107319 1.0
16437 16470 1.0
20584 1111788 1.0
910 1105530 1.0
205196 628764 1.0
643695 643597 1.0
6209 168410 1.0
5462 119956 1.0
20923 1115701 1.0
11337 1128256 1.0
39127 1128927 1.0
128 91975 1.0
31353 1135746 1.0
6346 1112075 1.0
22563 6767 1.0
3218 1119987 1.0
887 6151 1.0
3243 30895 1.0
4804 77515 1.0
159897 683355 1.0
634938 1130847 1.0
197452 1135894 1.0
67292 1105530 1.0
24966 27627 1.0
108974 108963 1.0
248425 1121398 1.0
1272 560936 1.0
20526 1103315 1.0
292277 578845 1.0
2665 1115375 1.0
17208 1152633 1.0
7032 1110438 1.0
116081 277263 1.0
154023 1133846 1.0
70970 593068 1.0
114 1114125 1.0
128540 387795 1.0
1952 1107215 1.0
630817 1130676 1.0
145315 294126 1.0
44121 1104435 1.0
24966 1123576 1.0
195150 568045 1.0
12210 4804 1.0
55968 892139 1.0
696345 236759 1.0
66990 39210 1.0
910 242637 1.0
73327 1106236 1.0
28287 1106547 1.0
117 189708 1.0
32083 6771 1.0
4804 1153262 1.0
910 67292 1.0
6209 8875 1.0
231198 1153195 1.0
626531 626574 1.0
40124 1112723 1.0
97390 98693 1.0
100935 1134865 1.0
46491 107252 1.0
156977 1152490 1.0
20179 91853 1.0
147870 636500 1.0
13212 170338 1.0
608190 608191 1.0
55770 1114777 1.0
162664 531348 1.0
42207 219239 1.0
12638 6898 1.0
251756 195792 1.0
267824 69198 1.0
1481 1106052 1.0
22875 1113934 1.0
70444 70442 1.0
28487 95586 1.0
4804 157761 1.0
8872 8875 1.0
94641 1153897 1.0
235679 1154524 1.0
75318 141171 1.0
19697 131318 1.0
64319 249858 1.0
6213 91975 1.0
4584 628500 1.0
110041 287787 1.0
182093 197054 1.0
2658 1132948 1.0
12198 95225 1.0
12359 242637 1.0
13212 13208 1.0
59626 6125 1.0
45603 1125092 1.0
7537 1113534 1.0
910 684372 1.0
171954 1138755 1.0
105899 1111304 1.0
6184 27631 1.0
4584 1130567 1.0
13658 1115959 1.0
287787 1130856 1.0
107569 1107385 1.0
12350 27612 1.0
39127 195150 1.0
6213 6220 1.0
137849 1115291 1.0
91581 358894 1.0
416867 1121537 1.0
6213 193742 1.0
235678 235670 1.0
28964 1125944 1.0
232606 1132809 1.0
66794 1153031 1.0
219218 1112417 1.0
13652 13654 1.0
46491 1118823 1.0
85688 97892 1.0
135464 1133004 1.0
67415 171954 1.0
18774 73146 1.0
20534 1103315 1.0
85449 1120169 1.0
6213 28471 1.0
6913 431206 1.0
7032 1109439 1.0
4584 6151 1.0
36802 1108389 1.0
10796 1153148 1.0
8874 608292 1.0
31336 31349 1.0
3218 277263 1.0
46887 45212 1.0
523010 1126044 1.0
12439 340078 1.0
23116 1111978 1.0
634902 634975 1.0
3218 1106492 1.0
31863 91581 1.0
6163 96847 1.0
20534 7419 1.0
15889 175909 1.0
3218 1110426 1.0
6214 28278 1.0
397488 1120643 1.0
20601 1118209 1.0
255628 120084 1.0
36140 27249 1.0
20528 1103315 1.0
7532 141171 1.0
23738 11342 1.0
27627 686030 1.0
4330 32688 1.0
6213 124064 1.0
7537 314459 1.0
39165 1131137 1.0
278394 851968 1.0
66751 695284 1.0
2663 1119671 1.0
24966 131042 1.0
25805 1121063 1.0
124064 6163 1.0
128 20526 1.0
179702 141171 1.0
395553 684972 1.0
95594 1153287 1.0
13686 1120431 1.0
38771 1104191 1.0
15429 77515 1.0
28487 128 1.0
205196 1112929 1.0
4330 1135108 1.0
73146 1108389 1.0
5600 1022969 1.0
139738 1108834 1.0
906 1105344 1.0
12210 77515 1.0
910 12946 1.0
4330 46468 1.0
216878 334153 1.0
7430 1153287 1.0
114 28471 1.0
6213 153598 1.0
12439 323128 1.0
6125 1107572 1.0
15429 1114526 1.0
248395 58552 1.0
399370 60159 1.0
6214 1115886 1.0
6213 6214 1.0
35797 399370 1.0
5600 1117833 1.0
20601 95225 1.0
20602 12155 1.0
36140 12439 1.0
751408 1135899 1.0
28485 168410 1.0
28350 1113459 1.0
164885 447224 1.0
3097 3101 1.0
1919 1109581 1.0
79809 1121659 1.0
28485 23258 1.0
12638 1123188 1.0
27895 1103676 1.0
28385 1106112 1.0
6196 58540 1.0
36131 1152633 1.0
6209 1108329 1.0
10531 31336 1.0
48781 397488 1.0
6213 28202 1.0
4804 68505 1.0
370366 1140040 1.0
12631 1152150 1.0
93318 1126050 1.0
157761 219239 1.0
573535 693143 1.0
6213 161221 1.0
210309 1111978 1.0
28350 341188 1.0
6163 134128 1.0
2665 43639 1.0
23258 1106052 1.0
54132 579008 1.0
616336 689439 1.0
6925 1114526 1.0
4584 6155 1.0
427606 62329 1.0
83725 56115 1.0
1272 552469 1.0
573553 1138970 1.0
62718 127033 1.0
11335 35070 1.0
654177 1131728 1.0
20534 1107455 1.0
6784 100961 1.0
74937 1105877 1.0
114 755217 1.0
1237 1102400 1.0
1999 6771 1.0
15429 9513 1.0
41666 943087 1.0
3218 6767 1.0
67415 51180 1.0
46887 1111788 1.0
106590 1129994 1.0
171954 820662 1.0
6311 235776 1.0
6775 1111240 1.0
22563 1786 1.0
6163 1113739 1.0
12182 1059953 1.0
36140 323128 1.0
267003 75121 1.0
85452 1152290 1.0
22566 1103394 1.0
6213 28278 1.0
6169 20526 1.0
6213 1129243 1.0
20601 20602 1.0
6910 1117219 1.0
910 34355 1.0
2658 1115375 1.0
12238 1107567 1.0
230884 1132486 1.0
6151 6152 1.0
28350 628668 1.0
93273 989397 1.0
19045 87363 1.0
7047 212930 1.0
6913 1717 1.0
608191 70970 1.0
3243 1103610 1.0
114 28227 1.0
27627 116021 1.0
5869 1110520 1.0
205196 950986 1.0
22563 107251 1.0
22563 22564 1.0
57948 1118658 1.0
20923 20924 1.0
46491 107251 1.0
13195 755217 1.0
12182 12165 1.0
648106 1131421 1.0
15429 1107572 1.0
4804 12182 1.0
15892 1116146 1.0
7419 341188 1.0
75695 139547 1.0
6151 1106547 1.0
46887 235776 1.0
24043 1111265 1.0
8874 8875 1.0
228990 228992 1.0
9515 102879 1.0
1481 1111614 1.0
28350 628667 1.0
910 1110520 1.0
1959 3097 1.0
