644577 643485 1.0
134060 481073 1.0
35 593091 1.0
943 3828 1.0
162075 737204 1.0
1365 1120866 1.0
6334 1116268 1.0
35 259702 1.0
459206 1123530 1.0
4335 116790 1.0
561674 1127541 1.0
642798 1131172 1.0
3187 1110000 1.0
1365 26850 1.0
143323 217139 1.0
503883 646809 1.0
240791 503871 1.0
5348 1120197 1.0
6344 1112665 1.0
2440 1108551 1.0
2440 18615 1.0
646809 1154076 1.0
35335 59772 1.0
84021 1133047 1.0
239800 95718 1.0
3220 120039 1.0
74749 1113852 1.0
1365 171225 1.0
348305 193352 1.0
126793 1131270 1.0
133563 1120049 1.0
35 44368 1.0
8079 1103737 1.0
49482 7297 1.0
40 1114442 1.0
503893 1153577 1.0
735303 735311 1.0
2696 1118083 1.0
97377 39130 1.0
54129 578780 1.0
5348 99025 1.0
20821 372862 1.0
6378 1122425 1.0
3095 110162 1.0
753264 767763 1.0
34257 192870 1.0
567018 1127812 1.0
77758 1131745 1.0
16485 286500 1.0
137868 1131300 1.0
57119 593060 1.0
35 206371 1.0
126920 126927 1.0
126920 103543 1.0
3236 601561 1.0
2440 582343 1.0
2440 1153254 1.0
35 289780 1.0
124828 1108169 1.0
5064 1129106 1.0
85352 577086 1.0
35 503883 1.0
23507 217852 1.0
33907 1103960 1.0
22386 38846 1.0
642621 16819 1.0
35 15670 1.0
189572 1134348 1.0
87417 289779 1.0
644427 1131257 1.0
74427 1116974 1.0
753047 767763 1.0
17798 1152308 1.0
50337 13269 1.0
5055 1119751 1.0
17476 28456 1.0
608326 1129683 1.0
153063 561568 1.0
22386 1107010 1.0
20193 30973 1.0
35 694759 1.0
47682 47683 1.0
6343 521252 1.0
10169 211875 1.0
38537 646195 1.0
559804 714289 1.0
94639 593105 1.0
633721 1130915 1.0
45533 1116974 1.0
83449 218682 1.0
180187 1131719 1.0
34266 90655 1.0
7272 1136446 1.0
3229 1152673 1.0
592973 592986 1.0
28957 88356 1.0
213246 1122642 1.0
89547 976284 1.0
65074 65057 1.0
20180 943 1.0
633081 40605 1.0
103482 1128990 1.0
94639 593859 1.0
75983 1115790 1.0
46452 1153091 1.0
108047 578646 1.0
51049 242663 1.0
16471 273949 1.0
645571 645897 1.0
2354 154134 1.0
10169 63477 1.0
5069 1120563 1.0
643221 1131305 1.0
33904 1110546 1.0
28851 578669 1.0
6334 46431 1.0
3229 35922 1.0
643221 1131335 1.0
3229 82087 1.0
40605 633721 1.0
63812 1125393 1.0
5454 1128425 1.0
3231 39124 1.0
35061 503871 1.0
6130 671269 1.0
84021 18582 1.0
5966 68463 1.0
1365 1116594 1.0
23070 134316 1.0
1365 90888 1.0
82920 1152421 1.0
8696 104840 1.0
34257 90655 1.0
192850 272720 1.0
119761 284025 1.0
3085 83449 1.0
124952 1123756 1.0
33895 33904 1.0
85352 1129027 1.0
3231 1106330 1.0
2654 1121867 1.0
34961 22883 1.0
153063 440815 1.0
210871 35 1.0
3233 192850 1.0
31105 175291 1.0
503893 646837 1.0
118259 118260 1.0
563613 1129572 1.0
5194 133566 1.0
3095 110163 1.0
28447 194645 1.0
41714 190697 1.0
642894 1131236 1.0
3191 3192 1.0
459214 1123530 1.0
74821 1131149 1.0
51879 51866 1.0
1365 1154169 1.0
35905 1152272 1.0
18536 1106854 1.0
2695 1108169 1.0
377303 1129572 1.0
714260 714879 1.0
3231 636098 1.0
10183 6378 1.0
58758 69284 1.0
19621 42847 1.0
503877 1154076 1.0
22886 1107367 1.0
134315 23069 1.0
61069 975567 1.0
16819 644093 1.0
714256 1154233 1.0
35 41714 1.0
34257 87482 1.0
194609 31927 1.0
187354 1117786 1.0
49660 66594 1.0
58436 1114239 1.0
2440 6917 1.0
262121 1114442 1.0
35922 390896 1.0
3231 167670 1.0
6130 1154123 1.0
25181 1154251 1.0
54129 578649 1.0
31927 31932 1.0
3229 1154251 1.0
10169 3231 1.0
642894 646286 1.0
193352 612306 1.0
18615 582343 1.0
39890 1123689 1.0
8703 51909 1.0
22835 39904 1.0
5055 167656 1.0
95597 95579 1.0
284023 1152959 1.0
5086 129896 1.0
3192 5086 1.0
45605 1033 1.0
3187 129896 1.0
763010 1136447 1.0
561789 1127551 1.0
3191 642827 1.0
15987 1127530 1.0
35 561238 1.0
578646 1153900 1.0
45188 1130929 1.0
137956 13024 1.0
141160 133553 1.0
34082 1119216 1.0
102938 143676 1.0
687401 273949 1.0
594483 1129040 1.0
102939 143676 1.0
144408 3229 1.0
143476 1112686 1.0
35 573964 1.0
2654 463825 1.0
5348 2695 1.0
763009 1136447 1.0
51049 1134320 1.0
6814 300071 1.0
73162 714748 1.0
5064 385067 1.0
940 3828 1.0
7867 315789 1.0
3828 207395 1.0
34257 1114398 1.0
643221 1131236 1.0
34257 1122642 1.0
1365 648232 1.0
51909 502574 1.0
3240 964248 1.0
32260 62274 1.0
141342 1119708 1.0
641976 672070 1.0
671293 1132443 1.0
31489 40605 1.0
459213 1123530 1.0
6814 315266 1.0
346243 521251 1.0
3229 100197 1.0
35 577227 1.0
19621 948299 1.0
6818 37884 1.0
3231 1102761 1.0
20193 144330 1.0
101660 1107095 1.0
194617 1124844 1.0
33231 300071 1.0
671052 1132406 1.0
941 28265 1.0
6378 28473 1.0
787016 573978 1.0
35 103482 1.0
578646 1128319 1.0
31489 633585 1.0
54131 459214 1.0
175548 1120049 1.0
22835 1110563 1.0
35061 1113438 1.0
576362 286500 1.0
17798 56167 1.0
2653 321861 1.0
1694 39474 1.0
23070 87915 1.0
42156 1152179 1.0
110162 110163 1.0
5075 5064 1.0
28957 103537 1.0
93555 284023 1.0
45533 1104495 1.0
82920 81714 1.0
38205 595056 1.0
1688 694759 1.0
5348 256106 1.0
97645 593091 1.0
346292 1152958 1.0
141347 1119708 1.0
75983 1106568 1.0
19621 649739 1.0
582349 1128437 1.0
159084 241821 1.0
34257 34266 1.0
133550 133566 1.0
54131 593859 1.0
3191 561364 1.0
641976 1131150 1.0
126920 645897 1.0
644441 1131258 1.0
134316 142268 1.0
103543 126912 1.0
82098 82087 1.0
34263 1122642 1.0
523574 714289 1.0
133550 1109891 1.0
649739 1131464 1.0
1365 1135137 1.0
35 1133338 1.0
187354 372862 1.0
35 254923 1.0
459216 1123530 1.0
34708 120039 1.0
642894 646334 1.0
2654 1104851 1.0
2440 136768 1.0
3932 5075 1.0
131117 152219 1.0
189571 189572 1.0
16819 644334 1.0
35 289779 1.0
137790 10186 1.0
8617 52784 1.0
3240 1110531 1.0
117315 28336 1.0
20193 1119180 1.0
40151 49660 1.0
1956 1111899 1.0
10169 711598 1.0
135766 449841 1.0
194617 1129572 1.0
8703 173884 1.0
72908 1127863 1.0
16819 646195 1.0
240791 650834 1.0
51866 22883 1.0
5086 561364 1.0
39890 521855 1.0
33412 211875 1.0
35 35061 1.0
35922 396412 1.0
265203 86359 1.0
578650 1153853 1.0
6334 1153169 1.0
35 54129 1.0
87915 1153786 1.0
3231 8699 1.0
144330 63486 1.0
103528 103529 1.0
35852 1035 1.0
28359 35863 1.0
3229 133550 1.0
3231 263279 1.0
672070 6130 1.0
2653 59045 1.0
8619 175291 1.0
375605 1119505 1.0
141342 78511 1.0
5194 140569 1.0
31489 9581 1.0
35 1154459 1.0
58268 899119 1.0
63931 6939 1.0
35 263498 1.0
943 1152896 1.0
35 46431 1.0
3217 238099 1.0
463 58454 1.0
35 33904 1.0
6334 1152307 1.0
3192 105865 1.0
445938 315266 1.0
2695 2698 1.0
561595 561582 1.0
936 129558 1.0
8703 59244 1.0
51052 51045 1.0
25772 1997 1.0
54129 1136791 1.0
20821 1127851 1.0
671269 1154123 1.0
124952 1126011 1.0
714260 559804 1.0
118559 1121739 1.0
136766 348437 1.0
3220 1128430 1.0
14428 73119 1.0
18781 86840 1.0
54131 459213 1.0
6334 200480 1.0
35061 210871 1.0
61312 1105231 1.0
3232 20942 1.0
35905 1152162 1.0
58268 137956 1.0
73162 189774 1.0
1956 1153150 1.0
16008 523394 1.0
51049 1154232 1.0
23507 13717 1.0
10183 1120713 1.0
162075 1109830 1.0
8703 89335 1.0
10186 86840 1.0
10169 39131 1.0
19621 948147 1.0
936 1111899 1.0
35 66805 1.0
1365 1114153 1.0
6334 1152448 1.0
39890 714289 1.0
151430 1115670 1.0
218682 22874 1.0
714289 714208 1.0
18536 424540 1.0
853115 19621 1.0
3192 129896 1.0
1955 1110390 1.0
19231 1153736 1.0
35 513189 1.0
2698 256106 1.0
35922 390894 1.0
1365 93555 1.0
3229 1131748 1.0
2440 1107095 1.0
39130 36620 1.0
3229 948299 1.0
261040 1117184 1.0
40151 1153703 1.0
6923 308003 1.0
853114 19621 1.0
10798 8703 1.0
1033 1107062 1.0
57119 595056 1.0
35 640617 1.0
2654 197783 1.0
65074 714748 1.0
578669 1128978 1.0
182094 1131550 1.0
2653 107177 1.0
289779 289780 1.0
20857 1127863 1.0
35 81722 1.0
57119 592975 1.0
175548 105856 1.0
144701 1112911 1.0
22241 1107418 1.0
440815 645571 1.0
17476 1105033 1.0
2698 99025 1.0
653441 1134346 1.0
217139 154134 1.0
2354 1130539 1.0
27530 1128542 1.0
1365 49482 1.0
69284 69296 1.0
22229 595193 1.0
467383 1128977 1.0
35 286500 1.0
577227 1131752 1.0
78557 78549 1.0
633081 632874 1.0
116528 3237 1.0
35 576725 1.0
77758 180373 1.0
561364 642827 1.0
5069 385067 1.0
39890 559804 1.0
28389 353541 1.0
27174 180373 1.0
58758 1128208 1.0
35343 1118332 1.0
35852 41732 1.0
34263 90655 1.0
19621 1128846 1.0
604073 1129494 1.0
213246 34263 1.0
302545 1152858 1.0
513189 1125597 1.0
20193 566488 1.0
3084 1107171 1.0
3232 1123068 1.0
246618 1113742 1.0
3223 1153150 1.0
3220 36620 1.0
23507 649731 1.0
18615 4660 1.0
936 1107010 1.0
3229 396412 1.0
159085 1152711 1.0
27543 1106630 1.0
82920 1153280 1.0
2653 175291 1.0
87417 801170 1.0
3223 167656 1.0
45188 192734 1.0
3191 129897 1.0
6818 50336 1.0
566653 566664 1.0
40151 1152448 1.0
103537 126912 1.0
18777 445938 1.0
22386 3932 1.0
95642 1107367 1.0
72805 899085 1.0
82920 608326 1.0
3231 63486 1.0
3187 5086 1.0
232860 1113084 1.0
63931 136768 1.0
28447 1120444 1.0
523574 653441 1.0
40151 288 1.0
2695 1120197 1.0
35 1131360 1.0
1956 101143 1.0
141324 1113438 1.0
574009 594900 1.0
148170 1128997 1.0
18773 88356 1.0
210871 273152 1.0
1997 3233 1.0
178727 1110546 1.0
35 103515 1.0
27243 1104851 1.0
38537 642847 1.0
4649 411092 1.0
31489 227286 1.0
35 1152421 1.0
643221 644093 1.0
646412 1131330 1.0
38845 1107010 1.0
289780 1128453 1.0
521855 519353 1.0
34257 1106771 1.0
6939 1116922 1.0
41714 144212 1.0
1365 1106287 1.0
57119 28456 1.0
35 263279 1.0
31489 632874 1.0
85352 66556 1.0
486840 595063 1.0
1365 7276 1.0
134320 23069 1.0
641956 1131150 1.0
82920 1154459 1.0
3191 105865 1.0
561610 561595 1.0
559804 653441 1.0
62274 94713 1.0
18834 1152740 1.0
58436 87417 1.0
3220 346243 1.0
47682 1125393 1.0
1026 1153945 1.0
145134 129287 1.0
941 940 1.0
132806 45599 1.0
940 20180 1.0
45533 1115456 1.0
38537 1131277 1.0
28447 1107367 1.0
4649 8703 1.0
68224 1105574 1.0
20193 1138091 1.0
137130 23070 1.0
100197 447250 1.0
19231 30934 1.0
41714 61069 1.0
66805 82090 1.0
10169 6334 1.0
10798 212777 1.0
210871 595157 1.0
853114 853155 1.0
45189 272720 1.0
8821 1102761 1.0
116553 246618 1.0
39130 521252 1.0
2696 1108050 1.0
1365 853150 1.0
284023 346292 1.0
29492 1112426 1.0
63812 1105360 1.0
82090 82087 1.0
738941 162080 1.0
231249 1125492 1.0
936 207395 1.0
35 1129683 1.0
86359 1152944 1.0
58268 13024 1.0
162080 1109830 1.0
51879 22883 1.0
134307 134316 1.0
714208 189774 1.0
19621 763009 1.0
35 18582 1.0
6385 6378 1.0
2440 151430 1.0
37483 63931 1.0
143801 284025 1.0
642681 644441 1.0
1956 263486 1.0
22886 28447 1.0
35 1153280 1.0
35922 390922 1.0
182094 650814 1.0
8079 154982 1.0
35 1153065 1.0
35 54131 1.0
5348 1120858 1.0
68115 47684 1.0
645046 646334 1.0
3233 66594 1.0
20857 1155073 1.0
642621 1131258 1.0
3191 423463 1.0
35922 50337 1.0
3235 1114222 1.0
647447 577331 1.0
1365 1119140 1.0
3229 1105718 1.0
3229 1103960 1.0
35 38205 1.0
35 1956 1.0
18777 94713 1.0
6334 68463 1.0
153063 561581 1.0
175256 1133196 1.0
1997 154982 1.0
45605 1035 1.0
646809 1131374 1.0
13269 17476 1.0
11148 193354 1.0
2695 342802 1.0
672070 1154123 1.0
8699 104840 1.0
27535 34961 1.0
35 33907 1.0
4274 1119078 1.0
116545 578645 1.0
40151 1152307 1.0
47682 47684 1.0
643221 646286 1.0
77758 613409 1.0
6782 1123068 1.0
285687 285675 1.0
38846 1128407 1.0
78511 575402 1.0
613409 1129907 1.0
65074 142268 1.0
2440 23546 1.0
68224 582139 1.0
647315 1154076 1.0
78552 78511 1.0
4335 32698 1.0
10169 63486 1.0
51045 242663 1.0
78557 78511 1.0
178718 1110546 1.0
19621 950052 1.0
286513 1131557 1.0
41714 594047 1.0
3231 49660 1.0
594047 1129629 1.0
108047 578649 1.0
6385 17476 1.0
25181 1152277 1.0
142268 1110209 1.0
35 1033 1.0
1365 1132922 1.0
4335 1136310 1.0
10174 10186 1.0
51052 242663 1.0
6935 1115670 1.0
6334 1152975 1.0
49811 3233 1.0
35 178727 1.0
42156 340299 1.0
643221 642894 1.0
45189 1132385 1.0
3217 1000012 1.0
5086 109323 1.0
1817 1114502 1.0
30817 631052 1.0
33412 124296 1.0
1365 1135368 1.0
78555 78557 1.0
415693 254923 1.0
35061 682815 1.0
65057 74698 1.0
643239 644093 1.0
307015 1131198 1.0
153063 561610 1.0
194609 1129572 1.0
33818 78549 1.0
3237 964248 1.0
5966 1106388 1.0
18777 1112686 1.0
3229 641976 1.0
13885 42847 1.0
3191 129896 1.0
9581 1130780 1.0
89547 45188 1.0
672070 1132443 1.0
39890 653441 1.0
36145 272720 1.0
5086 440815 1.0
16485 1109891 1.0
4335 62417 1.0
18834 1152944 1.0
34266 1122642 1.0
63486 83461 1.0
582139 1128425 1.0
135798 1108656 1.0
31927 194617 1.0
4335 1140547 1.0
46452 582343 1.0
19621 7276 1.0
82920 1129367 1.0
2696 5348 1.0
578646 1128291 1.0
3085 5062 1.0
1365 1102407 1.0
34257 1115456 1.0
853116 853155 1.0
56167 239810 1.0
74700 134307 1.0
6741 1153160 1.0
134314 1116044 1.0
513189 787016 1.0
853115 853155 1.0
40605 884094 1.0
19621 240791 1.0
503877 1153577 1.0
7297 7276 1.0
18777 33013 1.0
16485 105856 1.0
219446 567018 1.0
3236 3233 1.0
4660 582343 1.0
582139 1130680 1.0
35 66563 1.0
561809 562067 1.0
561611 561595 1.0
54129 117315 1.0
289781 1128453 1.0
35 1153943 1.0
45605 190706 1.0
65074 1117920 1.0
578650 578649 1.0
561595 561581 1.0
91038 52515 1.0
671269 1154124 1.0
62607 294145 1.0
11148 1131719 1.0
376704 1119654 1.0
33895 82087 1.0
18619 1153091 1.0
16008 308920 1.0
642920 1131184 1.0
58453 87417 1.0
3229 1128868 1.0
90655 1122642 1.0
34257 34263 1.0
93555 143801 1.0
14531 56167 1.0
33895 593813 1.0
44514 606479 1.0
1956 83449 1.0
18832 18833 1.0
66594 8821 1.0
1365 1152821 1.0
123825 23448 1.0
27174 25184 1.0
66556 141324 1.0
35922 194223 1.0
601462 1129368 1.0
41714 182094 1.0
592996 1128943 1.0
814836 1138619 1.0
263069 1131116 1.0
38205 61069 1.0
1688 1153065 1.0
642894 643239 1.0
78508 1120138 1.0
3240 36620 1.0
3220 8832 1.0
16819 646286 1.0
315789 1139195 1.0
6318 20833 1.0
523574 523394 1.0
39126 88356 1.0
8619 36145 1.0
45533 1106771 1.0
193347 1129835 1.0
74821 1131150 1.0
2653 350362 1.0
675847 1132505 1.0
3229 1140289 1.0
10798 252715 1.0
33818 78557 1.0
591017 1128856 1.0
62417 1107558 1.0
194609 1128868 1.0
1951 3095 1.0
289780 1153784 1.0
95588 95579 1.0
35 307015 1.0
641976 672071 1.0
10169 20850 1.0
642593 1131163 1.0
95642 28447 1.0
35 1119708 1.0
116528 25772 1.0
126909 103543 1.0
16819 1131236 1.0
644577 1131301 1.0
6923 6941 1.0
144679 1114239 1.0
38205 592975 1.0
193352 193354 1.0
103515 1129778 1.0
35 289781 1.0
89547 66805 1.0
145134 641976 1.0
66564 66563 1.0
17476 33013 1.0
35922 1152904 1.0
5966 1110390 1.0
5966 1114502 1.0
18781 18785 1.0
210872 273152 1.0
41714 1110515 1.0
574264 576795 1.0
35 593813 1.0
643221 1131312 1.0
177998 1110515 1.0
9708 136768 1.0
8703 308232 1.0
73162 1134348 1.0
385067 272345 1.0
45605 975567 1.0
3231 25184 1.0
300806 29723 1.0
35061 1152761 1.0
210871 1128151 1.0
2696 1108169 1.0
617378 1130069 1.0
6935 1120650 1.0
194609 126128 1.0
73162 519353 1.0
35 198443 1.0
20193 1116839 1.0
35 578780 1.0
74427 34257 1.0
561581 561582 1.0
189774 1134346 1.0
22229 1103383 1.0
36145 1116268 1.0
22229 190697 1.0
6334 20850 1.0
503883 1154076 1.0
1955 1956 1.0
632874 40583 1.0
29492 131117 1.0
17477 1103162 1.0
36145 1105672 1.0
32260 94713 1.0
318187 1116922 1.0
6935 1106388 1.0
35 1129027 1.0
20193 1153889 1.0
384428 1120019 1.0
5055 1107861 1.0
89308 103528 1.0
35 1154176 1.0
45533 87482 1.0
3231 259126 1.0
59798 1154251 1.0
173863 116790 1.0
521251 1125992 1.0
82920 35 1.0
642681 644093 1.0
85352 1127430 1.0
89547 1132385 1.0
2440 49811 1.0
54129 1128291 1.0
513189 573964 1.0
35922 1152272 1.0
3229 33412 1.0
16008 189577 1.0
19621 184918 1.0
94639 593813 1.0
73162 559804 1.0
19621 853116 1.0
189655 714748 1.0
61069 1107062 1.0
289781 289780 1.0
307015 335733 1.0
60682 63477 1.0
14428 14431 1.0
1365 950052 1.0
633585 40605 1.0
642930 1131184 1.0
3232 66594 1.0
4649 135765 1.0
2354 40151 1.0
23070 74698 1.0
45188 45189 1.0
631015 631052 1.0
321861 1117089 1.0
2440 72908 1.0
116545 116553 1.0
58454 87417 1.0
20193 1130657 1.0
521252 1125992 1.0
739707 950305 1.0
643221 126927 1.0
13717 1110531 1.0
2440 591017 1.0
6814 390896 1.0
206371 69296 1.0
137868 1110000 1.0
22229 22241 1.0
18777 116790 1.0
503883 646836 1.0
4649 135766 1.0
3231 68463 1.0
198653 1130539 1.0
2696 256106 1.0
562067 1127566 1.0
1365 139865 1.0
128203 128202 1.0
258259 168958 1.0
34257 1153003 1.0
33231 1105531 1.0
93923 6941 1.0
54131 578780 1.0
3223 167670 1.0
10169 49660 1.0
14428 1103969 1.0
6334 1153703 1.0
27543 27531 1.0
154982 129897 1.0
159084 1152711 1.0
561613 561568 1.0
1365 949318 1.0
72908 954315 1.0
35061 263498 1.0
54129 117316 1.0
2440 591016 1.0
1035 1034 1.0
576973 1128208 1.0
37483 217852 1.0
59798 1152277 1.0
523574 1154229 1.0
82920 1125492 1.0
35 1103960 1.0
74749 10186 1.0
52784 1104851 1.0
33895 1103960 1.0
14430 14429 1.0
189655 714260 1.0
135765 6917 1.0
89335 59244 1.0
159085 241821 1.0
159084 159085 1.0
642894 646357 1.0
642894 1131301 1.0
714256 189572 1.0
8703 27535 1.0
240791 1113438 1.0
601462 1129367 1.0
2696 1114192 1.0
178718 69296 1.0
89547 1152379 1.0
44514 210871 1.0
594511 1153900 1.0
10169 636098 1.0
252715 601561 1.0
632796 884094 1.0
3229 96335 1.0
28851 54131 1.0
33823 78552 1.0
45189 976284 1.0
23069 74700 1.0
39890 1154229 1.0
31489 633721 1.0
645088 1131277 1.0
2654 1106630 1.0
7297 763010 1.0
35 593105 1.0
210872 210871 1.0
14429 1119216 1.0
35 148170 1.0
85352 561238 1.0
18777 173863 1.0
51866 27535 1.0
152731 23507 1.0
14531 1152308 1.0
5348 1123239 1.0
3229 49482 1.0
8703 502574 1.0
35 1114331 1.0
231249 1127913 1.0
123825 447250 1.0
39131 3231 1.0
1365 23448 1.0
7276 763181 1.0
141160 1109891 1.0
66596 362926 1.0
84021 415693 1.0
154982 1130927 1.0
78555 1120138 1.0
3236 3237 1.0
28957 1105531 1.0
8703 1105428 1.0
175256 682815 1.0
6923 187354 1.0
210871 59715 1.0
22883 22876 1.0
2696 1123239 1.0
124952 189721 1.0
100197 193931 1.0
198443 190697 1.0
3095 83449 1.0
35 190697 1.0
27535 173884 1.0
51879 1114664 1.0
15984 189577 1.0
85352 1114331 1.0
3222 1132157 1.0
576973 58758 1.0
65074 74698 1.0
210871 198653 1.0
40 1109017 1.0
594047 650834 1.0
3236 167670 1.0
66556 1129778 1.0
3231 63477 1.0
77758 25772 1.0
155158 397590 1.0
215912 31932 1.0
87417 289781 1.0
503883 647447 1.0
3232 1106330 1.0
35 415693 1.0
642894 645870 1.0
142268 1117920 1.0
2653 4660 1.0
578646 1153899 1.0
28026 5064 1.0
1365 188318 1.0
1365 1110998 1.0
6814 293974 1.0
5454 1105574 1.0
124952 1119742 1.0
35 82098 1.0
74427 87482 1.0
33818 1120138 1.0
137130 65074 1.0
103482 27510 1.0
6935 308003 1.0
2440 1120650 1.0
644441 644334 1.0
1365 948846 1.0
2440 1117786 1.0
123825 42847 1.0
250566 1113926 1.0
31489 632935 1.0
284023 1152958 1.0
38205 1128997 1.0
39890 1154232 1.0
3223 1153101 1.0
3229 189577 1.0
35 503893 1.0
259772 1114336 1.0
566664 3085 1.0
2696 2698 1.0
110163 110164 1.0
136768 136766 1.0
23502 184918 1.0
83449 22874 1.0
29723 35905 1.0
566653 3085 1.0
3231 6334 1.0
3233 1103737 1.0
644577 1131305 1.0
27535 1112026 1.0
89547 237376 1.0
133553 1120049 1.0
87482 34266 1.0
263482 263486 1.0
126927 644093 1.0
27530 1106630 1.0
74427 34266 1.0
35 1128227 1.0
26850 1114605 1.0
8832 1102761 1.0
83826 1106287 1.0
13213 1152143 1.0
5064 1121176 1.0
643221 644577 1.0
54129 578645 1.0
198653 1113551 1.0
2653 1116842 1.0
16485 1104787 1.0
6343 359067 1.0
449841 1123093 1.0
82920 573978 1.0
649731 1131464 1.0
486840 1128975 1.0
6935 18615 1.0
654339 1131741 1.0
617575 1130080 1.0
192870 1111186 1.0
561581 646440 1.0
5348 1114192 1.0
1365 1136442 1.0
3828 310530 1.0
3229 90888 1.0
18811 20920 1.0
18777 103537 1.0
2654 1116842 1.0
576725 576795 1.0
4335 62274 1.0
8703 104840 1.0
19621 1106287 1.0
210872 593260 1.0
14431 1103031 1.0
33904 1103960 1.0
35061 48766 1.0
73162 653441 1.0
17798 39131 1.0
6818 1121254 1.0
3231 46431 1.0
35 1153853 1.0
22386 1128407 1.0
582343 1128437 1.0
1688 576725 1.0
672071 6130 1.0
210871 1117476 1.0
6917 449841 1.0
592993 1128943 1.0
59798 1152673 1.0
1997 49811 1.0
35 1127430 1.0
23070 134307 1.0
20193 1130653 1.0
50337 396412 1.0
50336 390894 1.0
35061 22229 1.0
48766 595056 1.0
753047 753070 1.0
3229 1130915 1.0
1365 1120211 1.0
642847 642681 1.0
103515 246618 1.0
633081 1130780 1.0
6814 158172 1.0
101143 101145 1.0
22241 1128369 1.0
103482 1114388 1.0
8703 1102751 1.0
143323 1130539 1.0
141342 40 1.0
65074 1110209 1.0
444191 1154068 1.0
645046 1131301 1.0
3229 52515 1.0
2653 1116268 1.0
35 78511 1.0
35 190706 1.0
3229 447250 1.0
25772 641956 1.0
592993 593105 1.0
51049 51045 1.0
592993 1128978 1.0
3229 390922 1.0
116545 578649 1.0
78555 33818 1.0
162080 1135345 1.0
87417 289780 1.0
3231 1107067 1.0
36145 1104055 1.0
762980 1136447 1.0
19621 23448 1.0
1365 184918 1.0
650814 1131550 1.0
14531 60682 1.0
20193 1153877 1.0
198653 1152896 1.0
1365 950305 1.0
20193 1153879 1.0
193347 193354 1.0
578646 578645 1.0
35 801170 1.0
17476 682666 1.0
135766 135765 1.0
575795 1128975 1.0
210872 35 1.0
27510 1110998 1.0
3229 35343 1.0
86359 1152740 1.0
71904 239800 1.0
82920 307015 1.0
35 1688 1.0
34257 1111186 1.0
86359 18834 1.0
35 574462 1.0
1365 1117653 1.0
35335 168958 1.0
212097 1112071 1.0
5194 133563 1.0
143323 3084 1.0
5348 342802 1.0
108047 578898 1.0
3229 1108209 1.0
39890 523394 1.0
633585 633721 1.0
3232 20850 1.0
8079 1121867 1.0
158172 445938 1.0
123825 649739 1.0
38205 606647 1.0
31105 1105672 1.0
1365 39904 1.0
307015 643199 1.0
2696 2695 1.0
645046 646357 1.0
36620 189620 1.0
107177 1119751 1.0
33412 34708 1.0
34082 1103969 1.0
105856 193931 1.0
35 85352 1.0
3229 1128839 1.0
688824 1133008 1.0
640617 259702 1.0
10183 1114336 1.0
41714 1033 1.0
27530 27531 1.0
753047 1136631 1.0
77758 1129907 1.0
188318 1110998 1.0
767763 1136631 1.0
3191 5086 1.0
8617 36145 1.0
315789 1138027 1.0
593060 1128977 1.0
23070 1116044 1.0
144701 1128997 1.0
503883 577331 1.0
368605 1153003 1.0
33907 1136814 1.0
110162 110164 1.0
82920 1119708 1.0
10169 1107067 1.0
3231 66594 1.0
85352 1154459 1.0
10169 17798 1.0
123825 649730 1.0
6343 1125992 1.0
6741 9708 1.0
134316 1117920 1.0
340299 74427 1.0
16008 158098 1.0
48555 48550 1.0
95718 32698 1.0
714289 189571 1.0
179180 1126037 1.0
58454 144679 1.0
35 265203 1.0
27514 1152143 1.0
6741 1130637 1.0
190698 190697 1.0
1213 8766 1.0
36145 52784 1.0
103482 27514 1.0
85352 1153943 1.0
78511 9586 1.0
2440 1061127 1.0
643199 1131198 1.0
1997 1109542 1.0
137868 1154068 1.0
7297 763181 1.0
54129 28336 1.0
10798 1154500 1.0
45189 1106401 1.0
66556 66563 1.0
93555 1152958 1.0
3232 1128536 1.0
7272 7276 1.0
307015 39474 1.0
18536 86923 1.0
51866 34961 1.0
380341 60560 1.0
16819 1131167 1.0
20193 566653 1.0
16485 1120049 1.0
144408 219446 1.0
45189 192850 1.0
2698 1114192 1.0
50336 13269 1.0
18781 1108175 1.0
4335 1121254 1.0
27510 1128990 1.0
118259 230300 1.0
330208 99025 1.0
3229 27174 1.0
6818 390896 1.0
29723 6818 1.0
3233 1125467 1.0
38205 117316 1.0
13717 37998 1.0
33231 293974 1.0
19621 1131464 1.0
446610 300071 1.0
1365 1108050 1.0
31927 1129572 1.0
503893 33904 1.0
2654 1107861 1.0
74427 1106771 1.0
87915 1110209 1.0
22229 1128369 1.0
2354 74749 1.0
31055 1106630 1.0
133567 133566 1.0
66596 8821 1.0
35852 1113438 1.0
17476 1103162 1.0
38205 1129610 1.0
1365 340075 1.0
17798 3231 1.0
5062 28026 1.0
59798 27174 1.0
94639 62634 1.0
78557 1120138 1.0
3229 1109392 1.0
51866 1119078 1.0
108047 1128319 1.0
430711 671052 1.0
51879 51909 1.0
45605 503871 1.0
144701 1136342 1.0
90888 13885 1.0
33907 593091 1.0
10430 1120713 1.0
14429 14431 1.0
10183 10430 1.0
1688 84021 1.0
621555 1130243 1.0
648369 1131414 1.0
41714 190706 1.0
167670 1123068 1.0
116545 1128291 1.0
35 1133196 1.0
261040 110164 1.0
642894 643485 1.0
644577 1131334 1.0
578669 1128943 1.0
116552 246618 1.0
6923 20857 1.0
192870 1114398 1.0
35 1137466 1.0
1035 1107062 1.0
35 594047 1.0
35 574009 1.0
97645 33907 1.0
5194 1152714 1.0
48550 133563 1.0
45605 682815 1.0
58758 33895 1.0
6318 1121057 1.0
35 249421 1.0
73119 14431 1.0
210871 1129629 1.0
513189 576691 1.0
39890 242663 1.0
17811 63486 1.0
35061 45605 1.0
756061 1136447 1.0
116545 246618 1.0
646913 1131359 1.0
8079 39124 1.0
35 576795 1.0
738941 1135455 1.0
81714 81722 1.0
263498 1153860 1.0
3229 1152277 1.0
646900 1132731 1.0
6334 444240 1.0
10169 259126 1.0
139865 1110563 1.0
82920 576691 1.0
31927 1124844 1.0
6818 50337 1.0
4335 35922 1.0
86923 1114184 1.0
8687 38000 1.0
6385 1103162 1.0
3229 62347 1.0
40 116552 1.0
1688 1694 1.0
645870 1131301 1.0
289779 801170 1.0
35 1127913 1.0
189655 559804 1.0
48550 227286 1.0
35 646809 1.0
153063 561613 1.0
190698 1114502 1.0
126926 126909 1.0
561593 1131223 1.0
10183 259772 1.0
1688 69284 1.0
39890 1154233 1.0
39890 51045 1.0
67584 1127566 1.0
19621 7297 1.0
7272 763181 1.0
3229 1106568 1.0
18832 682666 1.0
219446 249421 1.0
853115 853116 1.0
254923 108047 1.0
50336 50337 1.0
752684 1135955 1.0
102939 102938 1.0
111676 89308 1.0
38537 153063 1.0
28851 595157 1.0
33907 593813 1.0
187354 1127851 1.0
34257 1116974 1.0
78511 735303 1.0
646900 646913 1.0
194617 215912 1.0
259701 1114331 1.0
5086 1105698 1.0
1365 23502 1.0
40151 1152975 1.0
168332 86359 1.0
1688 152483 1.0
642681 1131236 1.0
672071 1132443 1.0
521183 1125992 1.0
3229 919885 1.0
649731 123825 1.0
154982 1130931 1.0
39890 3191 1.0
105856 273949 1.0
578650 1128291 1.0
643239 126927 1.0
6130 1154124 1.0
3229 1126037 1.0
2653 197783 1.0
51909 1105428 1.0
561789 562067 1.0
573964 787016 1.0
42156 1118120 1.0
671269 1132443 1.0
33231 1132887 1.0
54129 17477 1.0
284023 119761 1.0
1034 1153945 1.0
5055 1121867 1.0
6334 1107067 1.0
166420 1119751 1.0
3217 86840 1.0
15987 653441 1.0
16819 643003 1.0
2698 342802 1.0
3231 8821 1.0
50838 25794 1.0
144701 595063 1.0
9708 1130539 1.0
1688 1134022 1.0
40605 40583 1.0
503877 1131374 1.0
29492 29708 1.0
10169 158614 1.0
129287 907845 1.0
97377 211432 1.0
337766 110162 1.0
397590 1120650 1.0
82920 1128198 1.0
248823 682666 1.0
6741 51909 1.0
633081 31489 1.0
1956 1118302 1.0
33895 1154176 1.0
3828 1152896 1.0
16008 3191 1.0
14429 73119 1.0
714256 1154232 1.0
17476 1122425 1.0
18832 1122425 1.0
35 1152508 1.0
65057 519353 1.0
19621 83826 1.0
152483 593091 1.0
671269 1132461 1.0
9708 1153003 1.0
263482 1118302 1.0
137790 128203 1.0
65074 134307 1.0
31083 48066 1.0
127940 243274 1.0
137868 642827 1.0
3229 157401 1.0
38205 593060 1.0
3229 48550 1.0
5062 5069 1.0
1365 157401 1.0
9581 633585 1.0
135766 6917 1.0
103482 1119140 1.0
6923 93923 1.0
38205 1153942 1.0
50337 390894 1.0
633030 633031 1.0
15987 3192 1.0
133566 1152714 1.0
3236 1125467 1.0
154982 1121867 1.0
1365 1131647 1.0
132806 593260 1.0
22386 38839 1.0
3229 654326 1.0
3232 521251 1.0
38537 137868 1.0
15987 158098 1.0
643221 643239 1.0
42156 1116594 1.0
573964 576691 1.0
240791 45605 1.0
6130 675847 1.0
28265 943 1.0
15984 308920 1.0
6741 348437 1.0
35 28851 1.0
35 46079 1.0
17488 1103162 1.0
5064 5069 1.0
22229 593105 1.0
643239 1131312 1.0
89308 101145 1.0
136767 136766 1.0
90888 340075 1.0
25181 25184 1.0
3233 976284 1.0
35 1129778 1.0
753047 1136634 1.0
137790 2354 1.0
25772 1104769 1.0
34266 34263 1.0
62634 243483 1.0
54129 594543 1.0
3229 23502 1.0
54129 108047 1.0
763010 762980 1.0
82920 259702 1.0
1365 1131745 1.0
3233 509379 1.0
143323 84021 1.0
66564 141324 1.0
10798 20193 1.0
58758 1128204 1.0
6343 200480 1.0
54131 243483 1.0
753070 767763 1.0
4649 1127851 1.0
227286 1115790 1.0
74821 1120252 1.0
642894 1131180 1.0
20193 566664 1.0
126926 103543 1.0
18313 249421 1.0
3229 1130927 1.0
38846 38845 1.0
16008 642827 1.0
31489 632796 1.0
642894 645046 1.0
25181 27174 1.0
68224 1130680 1.0
27531 1106370 1.0
102061 509315 1.0
54131 141324 1.0
6378 1129208 1.0
67584 562067 1.0
643239 16819 1.0
9586 1120138 1.0
35 1128945 1.0
3229 1131647 1.0
35 48766 1.0
35 647447 1.0
593091 593248 1.0
84021 509233 1.0
523394 714975 1.0
1688 1103985 1.0
594511 1153899 1.0
134314 134316 1.0
642894 642798 1.0
594119 1129021 1.0
72908 6923 1.0
210871 81714 1.0
37483 2440 1.0
1365 330148 1.0
101143 596075 1.0
1365 1110494 1.0
189571 714748 1.0
633585 884094 1.0
592973 592975 1.0
575795 595063 1.0
5075 1120563 1.0
578646 578649 1.0
561611 561610 1.0
289945 48550 1.0
35 69296 1.0
35 66556 1.0
73162 714260 1.0
35 1117476 1.0
27174 35343 1.0
148170 1109199 1.0
157401 1118017 1.0
27246 1110390 1.0
15670 12558 1.0
103543 126927 1.0
87915 142268 1.0
642681 644334 1.0
35922 1105116 1.0
1365 1152143 1.0
74975 38846 1.0
3231 1106370 1.0
82920 1129683 1.0
243483 459214 1.0
4335 95718 1.0
35 573978 1.0
254923 444240 1.0
3229 444191 1.0
63931 1117786 1.0
263486 1114512 1.0
11148 1129835 1.0
27510 1152143 1.0
56167 1152308 1.0
503883 1153577 1.0
70281 1106630 1.0
56167 359067 1.0
82920 84021 1.0
330148 23502 1.0
85352 152483 1.0
67584 1127558 1.0
643221 643485 1.0
8703 101145 1.0
430711 1132416 1.0
144701 22229 1.0
5055 129897 1.0
561674 562067 1.0
1026 1034 1.0
13885 31043 1.0
14430 34082 1.0
19621 123825 1.0
654326 1131741 1.0
18619 4660 1.0
8703 1119078 1.0
3233 1114222 1.0
3231 39126 1.0
18812 510715 1.0
2696 342802 1.0
193352 1131719 1.0
19621 1114442 1.0
1955 1125386 1.0
39130 346243 1.0
118559 1108209 1.0
672071 1132461 1.0
19621 631052 1.0
29492 400473 1.0
2440 1114512 1.0
643239 1131334 1.0
10183 10186 1.0
16819 1131312 1.0
54129 1128319 1.0
25184 285675 1.0
69284 206371 1.0
29492 1122574 1.0
119761 143801 1.0
85352 1153280 1.0
27174 96335 1.0
86359 1133469 1.0
3240 39130 1.0
35863 134060 1.0
52515 300806 1.0
6786 1106789 1.0
33818 78552 1.0
15987 523394 1.0
1365 22835 1.0
3192 642827 1.0
16008 1105531 1.0
936 38845 1.0
2653 102406 1.0
54131 59715 1.0
2654 1152075 1.0
13717 38000 1.0
34708 102406 1.0
61073 975567 1.0
39130 39131 1.0
529165 1126315 1.0
3192 561364 1.0
65057 1125909 1.0
38205 592986 1.0
3231 200480 1.0
62347 62333 1.0
1955 110163 1.0
27531 763009 1.0
7272 7297 1.0
31083 1123068 1.0
33231 158172 1.0
2354 10186 1.0
579108 1128314 1.0
54131 66563 1.0
33895 1153577 1.0
133563 105856 1.0
3095 218682 1.0
118260 230300 1.0
66564 593859 1.0
2440 1000012 1.0
35905 1152904 1.0
3222 964248 1.0
714289 1154230 1.0
763010 1136449 1.0
259702 1131116 1.0
8617 175291 1.0
16819 643221 1.0
1365 77758 1.0
45533 34266 1.0
18811 1106401 1.0
35 1131557 1.0
189571 521855 1.0
45188 350362 1.0
14429 1103031 1.0
93555 284025 1.0
103515 1153853 1.0
29492 3229 1.0
1997 129897 1.0
3229 35863 1.0
35 592973 1.0
6818 1105531 1.0
154982 1130934 1.0
19231 18619 1.0
853155 853118 1.0
33231 315266 1.0
30817 3229 1.0
2440 136766 1.0
249421 1127812 1.0
84021 263279 1.0
34257 368605 1.0
28957 189577 1.0
35 231249 1.0
19621 1114153 1.0
1365 83826 1.0
35 86359 1.0
137868 1131277 1.0
194609 215912 1.0
16471 1114992 1.0
63931 13717 1.0
2696 99025 1.0
5966 86840 1.0
509379 1125393 1.0
84021 98698 1.0
35 647408 1.0
424540 48555 1.0
41216 1104300 1.0
249421 567018 1.0
35 593260 1.0
578898 578646 1.0
3240 3233 1.0
631015 396412 1.0
6941 372862 1.0
116512 1107808 1.0
63931 136766 1.0
633081 632796 1.0
241821 1152711 1.0
591016 1128856 1.0
9559 1102794 1.0
3229 949511 1.0
601462 1129369 1.0
3191 310742 1.0
35 141342 1.0
941 20180 1.0
10798 10183 1.0
127940 1114364 1.0
194645 248823 1.0
50838 1126503 1.0
2440 63931 1.0
3229 1132418 1.0
35 1136814 1.0
22229 459216 1.0
941 3828 1.0
27530 66594 1.0
503883 647413 1.0
16819 126793 1.0
72908 93923 1.0
18615 1000012 1.0
126927 646286 1.0
3085 30973 1.0
33231 445938 1.0
58758 1688 1.0
51909 173884 1.0
35 141347 1.0
3229 118559 1.0
82920 1127913 1.0
39890 714975 1.0
4335 755082 1.0
14430 1119216 1.0
238099 1127851 1.0
50807 1104749 1.0
1688 1136814 1.0
35 273152 1.0
16008 189572 1.0
335733 643199 1.0
3220 39124 1.0
45605 144212 1.0
7296 763181 1.0
19621 1135137 1.0
177998 583318 1.0
37879 1105116 1.0
154982 1133028 1.0
155158 8687 1.0
28265 1152436 1.0
190706 182094 1.0
763009 1136449 1.0
263482 1114512 1.0
35 486840 1.0
2653 1119751 1.0
714289 1154232 1.0
8699 1102751 1.0
35922 50336 1.0
49482 1112369 1.0
1033 1034 1.0
1365 1128839 1.0
78552 9586 1.0
14428 34082 1.0
35922 1152162 1.0
3192 310742 1.0
63486 96845 1.0
5055 1104851 1.0
379288 67633 1.0
36620 120039 1.0
22869 22876 1.0
762980 1136446 1.0
35 198653 1.0
3229 1130931 1.0
126927 645897 1.0
13024 899119 1.0
2440 1119295 1.0
23507 1109392 1.0
121792 1152394 1.0
3229 7022 1.0
89547 45189 1.0
141324 503877 1.0
27243 59045 1.0
238401 1125386 1.0
1365 649731 1.0
6318 1119295 1.0
210872 606479 1.0
29723 300071 1.0
1365 1114605 1.0
503883 646913 1.0
136767 348437 1.0
71904 95718 1.0
3222 1103737 1.0
1688 39474 1.0
35 735303 1.0
66805 509315 1.0
220420 1128227 1.0
28957 94713 1.0
37483 1130539 1.0
35 1123756 1.0
29492 144408 1.0
35 594543 1.0
194609 563613 1.0
141342 35061 1.0
6814 37884 1.0
1688 44368 1.0
39131 6334 1.0
643003 1131189 1.0
14429 1103969 1.0
8687 1102751 1.0
48555 133563 1.0
779960 1137140 1.0
103515 1127913 1.0
108047 1153899 1.0
22229 243483 1.0
17476 1129208 1.0
184918 171225 1.0
3222 1114222 1.0
521183 521251 1.0
74975 38845 1.0
35 45599 1.0
646900 1131359 1.0
35922 1140547 1.0
14428 1103031 1.0
3231 104840 1.0
19621 330148 1.0
28026 5069 1.0
522338 1132864 1.0
14428 14429 1.0
74698 134307 1.0
18811 1112686 1.0
1035 1110515 1.0
140005 86840 1.0
35 175291 1.0
2354 1113852 1.0
3229 1154169 1.0
56167 1117184 1.0
6741 49895 1.0
14430 73119 1.0
39126 1107067 1.0
22241 1103383 1.0
954315 1155073 1.0
27510 188318 1.0
18773 167656 1.0
519353 1125909 1.0
6782 463825 1.0
16008 189571 1.0
300806 396412 1.0
612306 1131719 1.0
35 787016 1.0
642621 1131164 1.0
93555 119761 1.0
61069 1129610 1.0
19621 649730 1.0
33823 1119004 1.0
3231 3237 1.0
575402 1129778 1.0
73323 28447 1.0
6344 200480 1.0
1688 647413 1.0
189571 1154232 1.0
563613 31927 1.0
47570 385067 1.0
57119 592986 1.0
2653 167656 1.0
73162 1134320 1.0
35 132806 1.0
31489 40583 1.0
3229 25184 1.0
85352 593091 1.0
1365 949511 1.0
1365 1114388 1.0
263279 1114502 1.0
6935 238099 1.0
2440 1106388 1.0
5348 1118083 1.0
3191 1106789 1.0
3229 25181 1.0
14430 14431 1.0
6385 28473 1.0
4335 1104300 1.0
179180 139865 1.0
193347 1131719 1.0
2653 1152075 1.0
82920 1153943 1.0
853114 853116 1.0
4274 1105428 1.0
1997 1108551 1.0
503883 1131374 1.0
133567 1152714 1.0
33823 33818 1.0
66563 96845 1.0
194223 390922 1.0
576691 1128198 1.0
66563 1123530 1.0
3233 272720 1.0
646809 646913 1.0
644093 1131236 1.0
103528 1107171 1.0
103529 1107171 1.0
3231 1153169 1.0
5348 1108050 1.0
49482 217984 1.0
49660 3237 1.0
65057 134307 1.0
273949 1114992 1.0
300806 6818 1.0
45188 976284 1.0
35 1109199 1.0
177993 1110515 1.0
1688 1131360 1.0
108047 1153853 1.0
144701 1128975 1.0
25794 582343 1.0
153063 561593 1.0
219446 1127812 1.0
641956 1131149 1.0
30817 1120211 1.0
18834 18833 1.0
59798 25181 1.0
763010 1136446 1.0
35 1153577 1.0
14429 34082 1.0
198653 3084 1.0
137790 74749 1.0
22241 595193 1.0
35 1128314 1.0
642681 1131167 1.0
38205 108047 1.0
643221 1131257 1.0
20193 5062 1.0
35061 144701 1.0
199571 46431 1.0
29492 152219 1.0
23069 23070 1.0
103515 1128314 1.0
3223 1132157 1.0
576795 1128201 1.0
37541 260979 1.0
6814 1117348 1.0
6385 682666 1.0
20193 1108597 1.0
6935 101660 1.0
45189 192734 1.0
8703 353541 1.0
158812 1127812 1.0
5064 272345 1.0
3220 40922 1.0
33907 1134022 1.0
289781 801170 1.0
30817 75691 1.0
6318 1108656 1.0
2653 1104055 1.0
40151 1104261 1.0
561674 561581 1.0
672070 1154124 1.0
6786 714975 1.0
6741 411092 1.0
7867 1138027 1.0
14430 1103969 1.0
6814 445938 1.0
36620 1128430 1.0
2654 211906 1.0
6130 1132461 1.0
25772 1126503 1.0
3229 82098 1.0
672070 672071 1.0
49811 463825 1.0
8617 1116268 1.0
40151 671293 1.0
35 1103985 1.0
35 1131752 1.0
89547 1116328 1.0
3220 167670 1.0
217984 1112369 1.0
35061 1153860 1.0
123825 1131464 1.0
133553 105856 1.0
35061 240791 1.0
49482 631052 1.0
3191 1127530 1.0
57119 647408 1.0
10183 47570 1.0
3187 129897 1.0
57119 1153942 1.0
643221 645897 1.0
561809 1127558 1.0
1365 436796 1.0
56167 1119178 1.0
35 594900 1.0
103515 1113742 1.0
4649 6917 1.0
97377 3240 1.0
20193 3085 1.0
9559 252725 1.0
5064 1120563 1.0
85352 1152421 1.0
143323 154134 1.0
51049 39890 1.0
35 1119505 1.0
132806 48766 1.0
4274 1114664 1.0
210871 38205 1.0
153063 561595 1.0
646900 1131360 1.0
577331 1128227 1.0
141160 917493 1.0
35 646837 1.0
65074 87915 1.0
5194 133550 1.0
35 116552 1.0
35 84021 1.0
10430 3095 1.0
5966 1107861 1.0
6818 1128425 1.0
2440 212777 1.0
65074 134316 1.0
162080 739707 1.0
35852 486840 1.0
1365 1129443 1.0
59798 96335 1.0
22386 310530 1.0
22229 1107418 1.0
3231 1113926 1.0
35 1125386 1.0
59045 1121867 1.0
194609 1154520 1.0
753070 753264 1.0
642920 642930 1.0
190706 144212 1.0
25181 1152673 1.0
1026 1105231 1.0
37541 1119140 1.0
35 27510 1.0
18812 20920 1.0
7041 1120880 1.0
649730 1131464 1.0
17363 444191 1.0
3231 1125386 1.0
194617 31932 1.0
35 1128204 1.0
28230 1123756 1.0
643735 643734 1.0
4335 239800 1.0
184918 330148 1.0
2696 1120858 1.0
85352 574462 1.0
5086 354004 1.0
35 1112911 1.0
400473 131117 1.0
35 335733 1.0
39890 189571 1.0
644427 644577 1.0
189774 714879 1.0
853118 1140289 1.0
8766 409725 1.0
20193 112813 1.0
15987 714289 1.0
179180 1110563 1.0
256106 1114192 1.0
34708 211432 1.0
10798 18619 1.0
853115 853114 1.0
46079 69284 1.0
3220 1115677 1.0
1365 1131748 1.0
1365 7297 1.0
936 3828 1.0
756061 1136110 1.0
63486 509379 1.0
152731 1109392 1.0
1213 409725 1.0
57119 606647 1.0
643221 1131334 1.0
2440 6923 1.0
561789 561674 1.0
71336 1105718 1.0
38537 1131270 1.0
3229 1125082 1.0
210872 1129610 1.0
94639 141324 1.0
70281 1105672 1.0
62417 41216 1.0
95642 990075 1.0
3231 1128536 1.0
116552 116553 1.0
193352 193347 1.0
5062 5064 1.0
35 98698 1.0
50980 73972 1.0
85352 640617 1.0
44368 1128227 1.0
74975 1128407 1.0
59798 180373 1.0
606479 1129610 1.0
105865 193931 1.0
22886 1120444 1.0
57119 1132731 1.0
54129 578646 1.0
646913 647413 1.0
66556 54131 1.0
74975 3932 1.0
1365 948299 1.0
262108 1114442 1.0
34961 31043 1.0
15984 714975 1.0
2654 52784 1.0
259702 1114331 1.0
22386 207395 1.0
35 1128453 1.0
78557 9586 1.0
40151 1132418 1.0
116545 1128319 1.0
74427 368605 1.0
3828 1956 1.0
23502 23507 1.0
642894 1131312 1.0
936 3084 1.0
117316 117315 1.0
5966 8699 1.0
16471 1104787 1.0
66556 593859 1.0
190698 198443 1.0
467383 116553 1.0
17811 1107136 1.0
82920 98698 1.0
3191 1131267 1.0
15984 158098 1.0
561809 1131300 1.0
654326 654339 1.0
87417 1128453 1.0
753047 753264 1.0
8696 1102751 1.0
3191 308920 1.0
78552 78557 1.0
642894 1131335 1.0
103515 459214 1.0
35335 35343 1.0
4983 7867 1.0
5075 5069 1.0
310530 38839 1.0
28957 35922 1.0
19621 49482 1.0
175548 753070 1.0
8703 51866 1.0
213279 197783 1.0
940 28265 1.0
39890 714256 1.0
73162 714879 1.0
10169 39126 1.0
103515 575402 1.0
18532 86923 1.0
27535 308232 1.0
68224 1128425 1.0
139865 1108841 1.0
3192 423463 1.0
3217 167670 1.0
941 129558 1.0
592996 1128978 1.0
8079 192850 1.0
9586 33818 1.0
133550 140569 1.0
18619 18615 1.0
85352 682815 1.0
108047 1107418 1.0
1956 1817 1.0
53942 1117184 1.0
19621 62347 1.0
16008 1131165 1.0
756061 1136446 1.0
576362 1129629 1.0
82920 273152 1.0
35 1113438 1.0
37884 300071 1.0
193352 1129835 1.0
260979 1114388 1.0
73162 521855 1.0
33231 1121254 1.0
39131 1106330 1.0
177115 5069 1.0
10798 601561 1.0
9708 136766 1.0
5454 1130680 1.0
1688 1133338 1.0
239810 359067 1.0
4649 449841 1.0
1365 1105062 1.0
53942 56167 1.0
263498 1152761 1.0
83461 954315 1.0
219446 1112426 1.0
289781 1153784 1.0
61069 28456 1.0
65074 23070 1.0
289780 801170 1.0
936 1956 1.0
644577 645897 1.0
35 97645 1.0
1026 1129798 1.0
162075 162080 1.0
591016 591017 1.0
35 1131116 1.0
763009 1136446 1.0
152483 583318 1.0
14430 1103031 1.0
133563 133566 1.0
212107 1112071 1.0
35 259701 1.0
66809 82090 1.0
82920 513189 1.0
1956 1153101 1.0
646334 646357 1.0
35 574264 1.0
108047 578645 1.0
5062 1120563 1.0
653441 189774 1.0
22386 38845 1.0
83449 22869 1.0
33823 78549 1.0
153063 1131223 1.0
46079 1152569 1.0
714256 714260 1.0
193347 612306 1.0
642681 646286 1.0
137790 1113852 1.0
25181 96335 1.0
416964 127940 1.0
3222 167656 1.0
1365 340299 1.0
31489 1130780 1.0
35 69284 1.0
592975 592986 1.0
354004 1118546 1.0
103515 54131 1.0
22874 22876 1.0
22229 1112911 1.0
175291 52784 1.0
63812 1121057 1.0
85352 576691 1.0
35 608326 1.0
671269 1132418 1.0
19621 628888 1.0
108047 28336 1.0
59715 96845 1.0
6923 1155073 1.0
714256 714748 1.0
16008 3192 1.0
3229 83826 1.0
193354 1129835 1.0
33823 78557 1.0
643734 643777 1.0
3231 20850 1.0
6818 293974 1.0
3220 1125992 1.0
286513 177993 1.0
34263 87482 1.0
5086 423463 1.0
1365 23507 1.0
124952 1126012 1.0
6935 1000012 1.0
