40151 1152307 1.0
36131 77438 1.0
289781 1153784 1.0
108974 66794 1.0
103543 126912 1.0
6344 200480 1.0
9515 4804 1.0
7430 1153287 1.0
66794 1153031 1.0
4804 102884 1.0
6334 68463 1.0
33412 124296 1.0
232606 25413 1.0
263498 1153860 1.0
235679 689439 1.0
75972 1128935 1.0
106590 1129994 1.0
9586 33818 1.0
20923 294030 1.0
133563 1120049 1.0
59798 1152277 1.0
12182 28641 1.0
32083 6771 1.0
1237 1106112 1.0
3220 120039 1.0
8872 1152761 1.0
46547 389715 1.0
1481 521269 1.0
22563 1121459 1.0
33231 158172 1.0
8872 1153860 1.0
12182 4660 1.0
235679 57773 1.0
189774 1134346 1.0
22563 10435 1.0
40151 1152975 1.0
264556 335042 1.0
14429 1103031 1.0
52003 52000 1.0
13717 37998 1.0
35061 263498 1.0
10169 211875 1.0
4804 989397 1.0
153063 1131223 1.0
15429 57948 1.0
175548 689152 1.0
36140 12439 1.0
10435 1103394 1.0
92589 39165 1.0
56167 359067 1.0
365294 7430 1.0
3231 39126 1.0
15984 308920 1.0
446610 300071 1.0
101263 1139928 1.0
289779 801170 1.0
3220 1130634 1.0
3233 192850 1.0
33823 78552 1.0
5966 86840 1.0
10169 6334 1.0
3222 964248 1.0
112378 1131728 1.0
3231 1106330 1.0
40151 1152448 1.0
1481 4878 1.0
5966 68463 1.0
31479 14549 1.0
145215 429805 1.0
189774 714879 1.0
27895 1132706 1.0
6209 118260 1.0
210309 1111978 1.0
62607 294145 1.0
6939 1116922 1.0
753070 767763 1.0
46491 46547 1.0
4660 5038 1.0
1481 1117184 1.0
106590 1095507 1.0
31483 39165 1.0
145384 1153287 1.0
14430 34082 1.0
22563 3220 1.0
51049 242663 1.0
709518 1134056 1.0
40886 145215 1.0
10177 15429 1.0
12182 1153183 1.0
59798 30895 1.0
6334 20850 1.0
39127 49660 1.0
105856 289085 1.0
10177 12197 1.0
3217 167670 1.0
1035 1034 1.0
6209 118259 1.0
188318 1110998 1.0
34708 211432 1.0
6814 445938 1.0
3231 328370 1.0
3233 272720 1.0
74937 74920 1.0
8079 1121867 1.0
235683 235678 1.0
73119 14431 1.0
189620 1129994 1.0
153063 561593 1.0
289780 1153784 1.0
159085 1152711 1.0
27895 1103676 1.0
39890 1123689 1.0
6814 158172 1.0
3233 66594 1.0
10169 636098 1.0
753070 753264 1.0
155738 157761 1.0
3231 63477 1.0
240791 1113438 1.0
62274 94713 1.0
203646 1116569 1.0
60682 63477 1.0
40886 1131728 1.0
36162 1132815 1.0
40886 429805 1.0
28632 32260 1.0
289885 1115701 1.0
50838 25794 1.0
18615 4660 1.0
6925 57922 1.0
10177 164 1.0
604073 1129494 1.0
16485 105856 1.0
33818 1120138 1.0
3231 200480 1.0
6209 95579 1.0
33818 1123087 1.0
559804 653441 1.0
16485 1123087 1.0
12182 157761 1.0
4804 164 1.0
3231 1113926 1.0
3240 39130 1.0
27510 188318 1.0
126926 103543 1.0
133563 105856 1.0
10435 112378 1.0
28957 88356 1.0
3223 167670 1.0
40886 112378 1.0
15429 77515 1.0
8832 1102761 1.0
523574 1154229 1.0
58453 87417 1.0
1999 39126 1.0
44514 253971 1.0
189856 1129994 1.0
63915 6939 1.0
14428 14429 1.0
144679 1114239 1.0
75693 214472 1.0
5055 1121867 1.0
12182 12165 1.0
235683 1154524 1.0
22563 12439 1.0
8079 39124 1.0
39165 39126 1.0
93273 989397 1.0
153063 561613 1.0
39890 1154232 1.0
78511 9586 1.0
263482 1114512 1.0
112378 654177 1.0
219218 1112417 1.0
561593 1131223 1.0
3231 167670 1.0
240791 503871 1.0
66782 1105505 1.0
16008 308920 1.0
3220 1131728 1.0
22563 22564 1.0
160732 1128853 1.0
48555 133563 1.0
43186 16461 1.0
39131 1131728 1.0
561595 561582 1.0
28964 1125944 1.0
28957 189577 1.0
3240 36620 1.0
153063 561581 1.0
1481 1102567 1.0
3231 66594 1.0
22563 1120962 1.0
78555 33818 1.0
116081 116087 1.0
263498 1152761 1.0
61312 1105231 1.0
46491 389715 1.0
753047 767763 1.0
15987 523394 1.0
59798 1152673 1.0
40886 141868 1.0
53942 56167 1.0
1481 1111614 1.0
14429 1103969 1.0
39127 1128881 1.0
3231 39124 1.0
14545 1103038 1.0
235678 235679 1.0
192850 272720 1.0
10435 208345 1.0
3231 8821 1.0
27514 1152143 1.0
3231 1131471 1.0
95588 95579 1.0
189655 559804 1.0
189566 36802 1.0
10169 114189 1.0
14531 592830 1.0
46491 1118823 1.0
1481 1108267 1.0
15429 35854 1.0
45603 1104647 1.0
70281 1105672 1.0
53942 1117184 1.0
3231 1102761 1.0
561611 561610 1.0
17208 1152633 1.0
6334 1107067 1.0
711994 1134197 1.0
13717 38000 1.0
22563 36140 1.0
17798 1119987 1.0
40151 1104261 1.0
32083 1120962 1.0
116528 3237 1.0
11339 45061 1.0
51052 51045 1.0
108963 1095507 1.0
162664 39165 1.0
6767 1106103 1.0
241821 1152711 1.0
263482 263486 1.0
4804 68505 1.0
202522 446271 1.0
646412 1131330 1.0
45189 272720 1.0
159084 1152711 1.0
189571 1154232 1.0
189572 1134348 1.0
14549 1103038 1.0
108974 1133417 1.0
16461 1105603 1.0
189721 1129518 1.0
12182 309476 1.0
78555 78557 1.0
430711 1132416 1.0
264556 289085 1.0
3231 1153169 1.0
46547 1118823 1.0
289088 689152 1.0
6334 200480 1.0
235678 235670 1.0
73712 52003 1.0
36131 1152633 1.0
32083 45605 1.0
45188 976284 1.0
10169 259126 1.0
16008 189577 1.0
589923 590022 1.0
50838 1126503 1.0
124296 51834 1.0
8821 1153811 1.0
118259 230300 1.0
77438 1152633 1.0
39127 116081 1.0
75694 214472 1.0
31479 114189 1.0
28649 12182 1.0
51049 1134320 1.0
141160 133553 1.0
22563 107251 1.0
57948 1114526 1.0
15984 158098 1.0
28640 28641 1.0
127940 243274 1.0
18773 88356 1.0
6767 69397 1.0
16476 16474 1.0
27895 112378 1.0
3231 49660 1.0
12210 4804 1.0
6935 1000012 1.0
63931 6939 1.0
57773 1154524 1.0
17798 56167 1.0
40151 1153703 1.0
39890 521855 1.0
36162 1152448 1.0
28957 66794 1.0
14529 1119987 1.0
17798 3231 1.0
3231 104840 1.0
17201 17208 1.0
16471 16474 1.0
45605 1131639 1.0
3231 259126 1.0
103537 126912 1.0
49660 3237 1.0
159084 159085 1.0
39127 75972 1.0
3231 1128536 1.0
6814 1125469 1.0
5055 167656 1.0
18773 167656 1.0
6767 6925 1.0
30895 1152277 1.0
4660 582343 1.0
121792 1152394 1.0
61073 975567 1.0
8079 105057 1.0
33231 293974 1.0
610529 1153946 1.0
20923 20924 1.0
153063 561568 1.0
559804 714289 1.0
103482 27514 1.0
118260 230300 1.0
73162 1134320 1.0
66794 1105505 1.0
1481 1119295 1.0
10169 1107067 1.0
36140 46500 1.0
32083 200630 1.0
3231 3237 1.0
20924 1115701 1.0
1999 1123068 1.0
16008 1131165 1.0
10169 20850 1.0
162664 118682 1.0
14430 73119 1.0
466170 66794 1.0
33818 78557 1.0
14429 34082 1.0
17201 1107140 1.0
75969 592830 1.0
9515 9513 1.0
9586 1120138 1.0
15429 9515 1.0
58436 87417 1.0
63915 6935 1.0
1481 200480 1.0
5055 1107861 1.0
389715 107252 1.0
160732 75969 1.0
116081 277263 1.0
6935 18615 1.0
44514 606479 1.0
39890 1154233 1.0
289780 1128453 1.0
12182 429781 1.0
37888 1152633 1.0
103482 1128990 1.0
289781 1128453 1.0
302545 1152858 1.0
15987 714289 1.0
189571 189572 1.0
102879 9513 1.0
1034 1153945 1.0
39130 36620 1.0
1999 6771 1.0
1481 399173 1.0
30895 1154251 1.0
253971 1129621 1.0
1237 102938 1.0
39890 1154229 1.0
626574 1154012 1.0
28504 365294 1.0
523574 714289 1.0
561611 561595 1.0
626531 1130454 1.0
78555 1120138 1.0
34082 1119216 1.0
45188 45189 1.0
45052 1131266 1.0
56167 1117184 1.0
235679 1154524 1.0
28964 1125402 1.0
235683 57773 1.0
1026 1034 1.0
17798 1152308 1.0
753047 753265 1.0
189566 189856 1.0
616336 689439 1.0
28957 94713 1.0
653628 1133930 1.0
318071 1153014 1.0
739280 367312 1.0
40886 654177 1.0
37888 293974 1.0
3231 68463 1.0
12169 4637 1.0
17208 32872 1.0
45052 27250 1.0
112378 145215 1.0
6343 200480 1.0
34082 1103969 1.0
3235 1114222 1.0
8079 27250 1.0
12165 1112099 1.0
626531 626574 1.0
1237 143676 1.0
3220 69397 1.0
1026 1105231 1.0
6334 1153703 1.0
561595 561581 1.0
39165 118682 1.0
12210 1112574 1.0
263482 1118302 1.0
63915 145215 1.0
102938 143676 1.0
153063 561610 1.0
39890 714256 1.0
270456 203646 1.0
3231 20850 1.0
18781 18785 1.0
262121 1114442 1.0
48764 1125092 1.0
39127 592830 1.0
75969 1128935 1.0
50807 1104749 1.0
232606 232605 1.0
141868 429805 1.0
4878 1102567 1.0
582343 1128437 1.0
1026 1129798 1.0
16008 189571 1.0
73162 189774 1.0
3235 65653 1.0
59798 1154251 1.0
35852 41732 1.0
12182 94713 1.0
14531 56167 1.0
51052 242663 1.0
145215 654177 1.0
671052 1132406 1.0
167670 1123068 1.0
6814 315266 1.0
39890 714289 1.0
39127 116087 1.0
36140 112378 1.0
93755 175576 1.0
90470 1129994 1.0
1999 1131471 1.0
33412 211875 1.0
12210 6125 1.0
39127 1128935 1.0
16008 189572 1.0
4804 1153262 1.0
9559 1102794 1.0
45189 1132385 1.0
57922 57948 1.0
4804 1108175 1.0
46491 107252 1.0
6767 1114864 1.0
8079 192850 1.0
6925 1118658 1.0
36802 590022 1.0
14428 73119 1.0
14429 73119 1.0
11326 11339 1.0
75972 1105932 1.0
12182 219239 1.0
14549 592830 1.0
16008 1105531 1.0
12210 77515 1.0
18781 86840 1.0
235683 235670 1.0
753047 1136634 1.0
57948 1118658 1.0
39131 1106330 1.0
37888 77438 1.0
63915 38000 1.0
48555 48550 1.0
3236 167670 1.0
189566 1153014 1.0
714260 714879 1.0
626530 626574 1.0
458439 1123493 1.0
189620 1133417 1.0
594483 1129040 1.0
107251 389715 1.0
6334 46431 1.0
1481 1113934 1.0
12210 57948 1.0
73162 559804 1.0
14531 1152308 1.0
28504 7430 1.0
22563 22566 1.0
3231 6334 1.0
101261 101263 1.0
12182 1059953 1.0
367312 1119211 1.0
101263 1112099 1.0
20923 289885 1.0
10177 10169 1.0
16485 1109891 1.0
10169 3231 1.0
95594 7430 1.0
273949 1114992 1.0
36620 120039 1.0
33823 33818 1.0
12210 12182 1.0
45188 192734 1.0
127940 1114364 1.0
687401 273949 1.0
714256 714748 1.0
77438 106590 1.0
15987 653441 1.0
1026 1153945 1.0
20924 289885 1.0
87417 289780 1.0
28957 103537 1.0
10177 12210 1.0
4804 12182 1.0
714260 559804 1.0
3222 1114222 1.0
20924 294030 1.0
14531 1103038 1.0
36802 37888 1.0
293974 1125469 1.0
107177 1119751 1.0
114189 88356 1.0
58454 87417 1.0
189571 521855 1.0
141160 1131345 1.0
31483 1131137 1.0
12182 12211 1.0
39127 46476 1.0
39130 39131 1.0
78557 9586 1.0
8079 1103737 1.0
8821 1102761 1.0
40151 671293 1.0
32260 94713 1.0
18615 1000012 1.0
6925 1114526 1.0
46547 1786 1.0
52007 1104809 1.0
12182 1117249 1.0
10169 49660 1.0
10169 63477 1.0
3222 1132157 1.0
6771 65653 1.0
51049 1154232 1.0
51049 39890 1.0
6814 1117348 1.0
39131 6334 1.0
10169 17798 1.0
360028 1118823 1.0
27895 105057 1.0
35061 45605 1.0
263486 1114512 1.0
5055 1119751 1.0
16485 1120049 1.0
33818 78549 1.0
33412 34708 1.0
208345 55801 1.0
14430 1119216 1.0
235678 689439 1.0
12182 28632 1.0
95594 95589 1.0
66596 362926 1.0
39890 714975 1.0
52000 52007 1.0
561610 561595 1.0
45603 1125092 1.0
3240 1131137 1.0
14429 14431 1.0
17208 184157 1.0
78552 9586 1.0
289781 801170 1.0
15429 10169 1.0
10169 1123867 1.0
20528 1103676 1.0
27895 1786 1.0
15431 35854 1.0
159084 241821 1.0
199571 46431 1.0
654177 1131728 1.0
145215 141868 1.0
561581 561582 1.0
39130 346243 1.0
35852 486840 1.0
14529 1114864 1.0
45189 192734 1.0
15429 210309 1.0
31483 118682 1.0
20924 1108267 1.0
45189 1106401 1.0
582349 1128437 1.0
9515 102879 1.0
39165 1131137 1.0
77438 1129994 1.0
103482 27510 1.0
52847 1153811 1.0
51049 51045 1.0
714289 714208 1.0
141160 917493 1.0
445938 315266 1.0
6814 293974 1.0
63931 13717 1.0
73162 714748 1.0
3231 46431 1.0
28649 155738 1.0
66596 8821 1.0
18615 582343 1.0
653441 1134346 1.0
74937 74921 1.0
28957 28964 1.0
767763 1136631 1.0
3220 654177 1.0
15984 714975 1.0
22564 1103394 1.0
307656 270085 1.0
22564 22566 1.0
626530 1154012 1.0
28504 95589 1.0
36802 589923 1.0
16471 273949 1.0
37888 1125469 1.0
94229 1123087 1.0
3220 145215 1.0
4804 157761 1.0
36162 1152975 1.0
12211 12165 1.0
6334 1152307 1.0
3220 346243 1.0
3233 1114222 1.0
235679 235670 1.0
463 58454 1.0
3231 1107067 1.0
202520 446271 1.0
35061 1153860 1.0
4804 45189 1.0
63931 136766 1.0
6925 57948 1.0
25794 582343 1.0
33823 78549 1.0
73162 653441 1.0
521269 1125993 1.0
39890 189571 1.0
22563 1786 1.0
17208 95435 1.0
39890 242663 1.0
523574 523394 1.0
118259 118260 1.0
105856 273949 1.0
621555 1130243 1.0
78552 78557 1.0
33231 315266 1.0
77438 590022 1.0
45189 976284 1.0
145384 7430 1.0
12238 12165 1.0
22563 389715 1.0
35061 1152761 1.0
31479 1115701 1.0
57932 6925 1.0
22566 1103394 1.0
17201 32872 1.0
714289 1154232 1.0
202520 1115701 1.0
3220 167670 1.0
3217 1000012 1.0
239810 359067 1.0
561581 646440 1.0
3240 3233 1.0
32083 35061 1.0
74937 1105877 1.0
6343 359067 1.0
390693 1131639 1.0
189655 714748 1.0
14531 60682 1.0
189856 1129518 1.0
16471 1104787 1.0
4804 976284 1.0
17201 95435 1.0
22563 63915 1.0
126909 103543 1.0
10177 4804 1.0
6767 6334 1.0
6346 1106103 1.0
12238 1112099 1.0
335042 1117653 1.0
102939 102938 1.0
408885 1154173 1.0
35061 240791 1.0
158172 445938 1.0
20924 1113934 1.0
153063 561595 1.0
175548 753070 1.0
56167 239810 1.0
14529 239829 1.0
75969 1105932 1.0
3233 1125467 1.0
12182 5038 1.0
3223 167656 1.0
73162 521855 1.0
13717 1110531 1.0
3233 1103737 1.0
52003 1104809 1.0
40151 49660 1.0
189571 714748 1.0
714208 189774 1.0
14430 1103969 1.0
626530 626531 1.0
74920 1105877 1.0
12439 105057 1.0
136766 348437 1.0
102884 9513 1.0
6343 141868 1.0
36620 189620 1.0
33818 78552 1.0
3222 167656 1.0
129042 129045 1.0
39890 523394 1.0
10177 9515 1.0
1035 1107062 1.0
27510 1128990 1.0
39890 162664 1.0
430329 127940 1.0
3236 1125467 1.0
594039 1129015 1.0
8872 1125092 1.0
15987 158098 1.0
15429 9513 1.0
66782 51834 1.0
6782 1123068 1.0
52003 1112194 1.0
1033 1107062 1.0
75972 592830 1.0
6334 1152975 1.0
78552 78511 1.0
240791 45605 1.0
27510 1110998 1.0
4804 77515 1.0
16476 1129621 1.0
108974 1125469 1.0
10435 22566 1.0
48764 1104647 1.0
35852 1113438 1.0
45605 503871 1.0
3236 3233 1.0
6935 238099 1.0
8872 1104647 1.0
52835 1115471 1.0
14431 1103031 1.0
45188 1130929 1.0
16471 1114992 1.0
4637 164 1.0
48768 1104647 1.0
250566 1113926 1.0
3217 238099 1.0
228990 228992 1.0
14545 14549 1.0
35061 1113438 1.0
10169 39126 1.0
136767 136766 1.0
1033 1034 1.0
4804 1112574 1.0
3231 636098 1.0
22563 107252 1.0
289779 289780 1.0
30895 1152673 1.0
77438 589923 1.0
97377 3240 1.0
10169 158614 1.0
129045 1121313 1.0
27510 1152143 1.0
14428 34082 1.0
232605 25413 1.0
73162 714879 1.0
51934 14545 1.0
739280 746058 1.0
20923 1115701 1.0
39127 592826 1.0
63931 136768 1.0
3222 1103737 1.0
289780 801170 1.0
57922 1118658 1.0
36140 63915 1.0
112378 141868 1.0
39126 1107067 1.0
289085 689152 1.0
22564 10435 1.0
39127 277263 1.0
52847 1131471 1.0
12182 28640 1.0
66594 8821 1.0
36802 189856 1.0
6343 521252 1.0
133553 105856 1.0
175548 1120049 1.0
20923 1116530 1.0
107251 107252 1.0
12169 989397 1.0
3220 1132706 1.0
3237 964248 1.0
39126 88356 1.0
753047 753264 1.0
136768 136766 1.0
3231 1115471 1.0
755082 1136393 1.0
735303 735311 1.0
67633 55801 1.0
28640 1059953 1.0
430711 671052 1.0
56167 1119178 1.0
39127 1128927 1.0
191222 191216 1.0
39127 52835 1.0
77438 158172 1.0
155736 155738 1.0
22563 94229 1.0
90470 106590 1.0
14430 14431 1.0
3220 8832 1.0
6344 1112665 1.0
523574 653441 1.0
78511 735303 1.0
3240 1110531 1.0
87417 289781 1.0
617575 1130080 1.0
16476 1123087 1.0
226698 1122304 1.0
15429 1114526 1.0
17208 1153262 1.0
235683 235679 1.0
97377 211432 1.0
184157 95435 1.0
226698 1112767 1.0
75969 1153811 1.0
14429 1119216 1.0
33231 300071 1.0
45605 1033 1.0
28504 1139928 1.0
52000 1104809 1.0
3220 36620 1.0
7430 95586 1.0
6125 28641 1.0
17201 1126012 1.0
56167 1152308 1.0
15429 12197 1.0
115188 1107728 1.0
15429 219239 1.0
45605 1035 1.0
3217 86840 1.0
16485 1104787 1.0
28649 155736 1.0
714256 1154233 1.0
22563 6771 1.0
6334 1153169 1.0
95586 95589 1.0
33823 1119004 1.0
9559 252725 1.0
379288 67633 1.0
33823 78557 1.0
32260 62274 1.0
40886 1121459 1.0
14531 1105932 1.0
28504 1153287 1.0
714256 1154232 1.0
31105 1105672 1.0
73712 1112194 1.0
141160 1109891 1.0
11339 211432 1.0
129042 1108363 1.0
36620 1128430 1.0
335042 289085 1.0
10177 68505 1.0
17201 184157 1.0
653441 189774 1.0
262108 1114442 1.0
31479 289885 1.0
14430 14429 1.0
39890 294030 1.0
30895 144679 1.0
73162 714260 1.0
753047 753070 1.0
714256 189572 1.0
31479 39165 1.0
175548 105856 1.0
145384 95589 1.0
28957 1105531 1.0
78557 78511 1.0
14529 1103038 1.0
36140 105057 1.0
22563 1103394 1.0
33231 445938 1.0
824245 1139009 1.0
16008 158098 1.0
3222 1131137 1.0
3223 1153150 1.0
18781 1108175 1.0
12238 101263 1.0
32083 1113995 1.0
159085 241821 1.0
3220 40922 1.0
714289 1154230 1.0
39130 521252 1.0
3220 1128430 1.0
48550 133563 1.0
46491 51834 1.0
15429 1107572 1.0
33231 1132887 1.0
6125 12211 1.0
112378 1121459 1.0
46491 107251 1.0
4553 1102548 1.0
45189 192850 1.0
77438 293974 1.0
33231 1105531 1.0
39890 653441 1.0
3220 39124 1.0
166420 1119751 1.0
10177 1112574 1.0
16485 1105603 1.0
129045 1108363 1.0
13213 1152143 1.0
74921 1105877 1.0
87417 1128453 1.0
35061 503871 1.0
39127 3231 1.0
12182 155736 1.0
36162 1153703 1.0
626530 1130454 1.0
14428 14431 1.0
3240 964248 1.0
3217 65653 1.0
92589 1131137 1.0
136767 348437 1.0
108974 108963 1.0
36162 20528 1.0
47839 1124837 1.0
49660 66594 1.0
133553 1120049 1.0
15984 189577 1.0
752684 1135955 1.0
126926 126909 1.0
189566 90470 1.0
14430 1103031 1.0
523394 714975 1.0
654519 1131754 1.0
36162 1152307 1.0
95597 95579 1.0
97377 39130 1.0
6125 385251 1.0
753047 1136631 1.0
51045 242663 1.0
289781 289780 1.0
77515 9513 1.0
157761 219239 1.0
3233 976284 1.0
102939 143676 1.0
14428 1103031 1.0
87417 289779 1.0
114966 1125258 1.0
6814 300071 1.0
15429 175576 1.0
39890 51045 1.0
753264 767763 1.0
46491 1105672 1.0
57773 235670 1.0
16008 523394 1.0
3223 1132157 1.0
1481 1114864 1.0
58436 1114239 1.0
3236 3237 1.0
714289 189571 1.0
77438 1153262 1.0
4660 429781 1.0
45605 975567 1.0
78557 78549 1.0
31479 294030 1.0
73162 1134348 1.0
22563 6767 1.0
14428 1103969 1.0
416964 127940 1.0
592826 1128935 1.0
78557 1120138 1.0
17798 39131 1.0
6334 1152448 1.0
20528 1107067 1.0
140005 86840 1.0
367312 746058 1.0
10169 39131 1.0
3220 429805 1.0
87417 801170 1.0
34708 120039 1.0
31483 39126 1.0
124952 189721 1.0
95594 1153287 1.0
714256 714260 1.0
129042 1121313 1.0
39131 3231 1.0
94229 1111733 1.0
39127 1105932 1.0
46547 107251 1.0
592830 1128935 1.0
36131 17208 1.0
6125 1107572 1.0
39890 559804 1.0
5966 1107861 1.0
35852 1035 1.0
189655 714260 1.0
561613 561568 1.0
124952 1126012 1.0
78508 1120138 1.0
289945 48550 1.0
58454 144679 1.0
