95188 1116410 1.0
6213 1111230 1.0
17476 28456 1.0
12337 57764 1.0
12195 1107567 1.0
12337 16470 1.0
4584 6213 1.0
22386 310530 1.0
5064 385067 1.0
20193 1114777 1.0
117 189708 1.0
18832 18833 1.0
6214 345340 1.0
28249 1116347 1.0
109323 137849 1.0
6213 195361 1.0
119686 987188 1.0
81350 1106172 1.0
91975 1113459 1.0
601462 1129369 1.0
6151 1130567 1.0
650807 1131549 1.0
6213 1120020 1.0
592993 1128943 1.0
38722 51180 1.0
24476 1153024 1.0
241133 1113459 1.0
12350 152227 1.0
23774 1107455 1.0
6214 13960 1.0
117 149669 1.0
130 39403 1.0
5075 1120563 1.0
89547 237376 1.0
131117 152219 1.0
80491 314459 1.0
38205 1129610 1.0
568857 1129629 1.0
57119 28456 1.0
13658 987188 1.0
41714 1110515 1.0
6385 1103162 1.0
114 28287 1.0
59715 96845 1.0
27530 27531 1.0
25772 1997 1.0
28254 686061 1.0
114 28387 1.0
72908 6923 1.0
941 940 1.0
93923 6941 1.0
3232 20942 1.0
6213 1107355 1.0
6238 1123991 1.0
132821 695284 1.0
154982 1133028 1.0
27623 686015 1.0
6213 1105764 1.0
114 1117942 1.0
61069 28456 1.0
13658 119686 1.0
13885 13917 1.0
12350 157805 1.0
28202 1114629 1.0
12350 67415 1.0
82666 3097 1.0
395725 1153933 1.0
6639 568045 1.0
31353 1135746 1.0
75318 1121569 1.0
13686 1107355 1.0
1717 1135108 1.0
15889 1110024 1.0
16437 16470 1.0
7537 409255 1.0
13885 84459 1.0
6213 1128267 1.0
5062 1120563 1.0
6213 13193 1.0
6163 20534 1.0
6214 6196 1.0
10796 20942 1.0
70444 1107215 1.0
152227 987197 1.0
12195 1107319 1.0
42209 27199 1.0
64271 38829 1.0
182094 650814 1.0
38205 61069 1.0
28542 124064 1.0
576362 1129629 1.0
9708 1130539 1.0
31353 1124844 1.0
61069 1129610 1.0
124064 6220 1.0
1952 1107215 1.0
202639 643597 1.0
293271 293285 1.0
28350 13193 1.0
6213 755217 1.0
82664 1106236 1.0
568857 1153816 1.0
73327 1153166 1.0
144330 63486 1.0
738941 162080 1.0
41417 128383 1.0
89547 28471 1.0
114 191404 1.0
10531 194617 1.0
4584 28287 1.0
6169 20526 1.0
42221 27199 1.0
15892 1116146 1.0
6216 976334 1.0
6213 193742 1.0
170798 656231 1.0
6923 308003 1.0
20193 1153889 1.0
114 1126029 1.0
13966 13960 1.0
38846 38845 1.0
6163 28202 1.0
40605 633721 1.0
95198 1110579 1.0
6213 91975 1.0
29738 155277 1.0
28249 1129096 1.0
70444 70441 1.0
642641 645084 1.0
114 130 1.0
6163 96847 1.0
20193 566664 1.0
3828 207395 1.0
17476 170338 1.0
762980 1136447 1.0
31489 40605 1.0
887 1112911 1.0
48781 397488 1.0
20526 1118092 1.0
6214 1115886 1.0
74975 38845 1.0
5064 5069 1.0
83461 954315 1.0
96847 594025 1.0
31489 9581 1.0
763010 1136446 1.0
70444 128383 1.0
8699 1102751 1.0
6213 1129096 1.0
178209 568045 1.0
102061 509315 1.0
10531 31349 1.0
31489 632874 1.0
44455 568857 1.0
20601 12158 1.0
20178 38829 1.0
31055 1106630 1.0
57119 592986 1.0
6214 28278 1.0
38845 1110579 1.0
16437 51831 1.0
13654 83746 1.0
1959 207395 1.0
77108 1138043 1.0
27199 148399 1.0
28287 1107355 1.0
124064 6163 1.0
40131 118079 1.0
28287 1385 1.0
15889 221302 1.0
288 1118092 1.0
6213 434 1.0
20193 1153879 1.0
20193 1138091 1.0
654326 1131741 1.0
31927 194617 1.0
195150 568045 1.0
17476 892139 1.0
13656 1120431 1.0
7537 1131348 1.0
134219 1112075 1.0
28851 578669 1.0
6213 1113614 1.0
13195 755217 1.0
940 3828 1.0
152226 1102400 1.0
6214 93320 1.0
31353 686559 1.0
114308 63835 1.0
6213 218410 1.0
1246 1102400 1.0
28387 1107312 1.0
210871 59715 1.0
7532 1121603 1.0
4584 13885 1.0
198653 887 1.0
38205 1128997 1.0
1959 73327 1.0
8961 1133390 1.0
20179 20178 1.0
6213 672064 1.0
117328 95188 1.0
6213 28278 1.0
10531 1107567 1.0
198866 1153728 1.0
80656 13652 1.0
128 1114125 1.0
73327 1153724 1.0
1959 1152896 1.0
12337 395725 1.0
6213 1111052 1.0
22386 38839 1.0
215912 31932 1.0
22386 38846 1.0
154023 154047 1.0
28350 28227 1.0
86258 1106418 1.0
198653 1152896 1.0
13195 1107312 1.0
73327 1153728 1.0
28487 128 1.0
66751 573535 1.0
763010 1136449 1.0
7047 54844 1.0
628500 1130600 1.0
41417 1113551 1.0
64271 95188 1.0
6214 1106172 1.0
66751 695284 1.0
41714 190706 1.0
288 36167 1.0
38205 606647 1.0
6220 6224 1.0
6213 134128 1.0
6923 6941 1.0
80491 80515 1.0
38722 1106172 1.0
6214 124064 1.0
73327 1106236 1.0
31489 633721 1.0
28487 1153056 1.0
601462 1129368 1.0
4584 1113739 1.0
20602 95225 1.0
12198 12158 1.0
154982 1130934 1.0
66805 82090 1.0
25791 28202 1.0
13686 1120431 1.0
28412 6217 1.0
162080 1109830 1.0
55770 1114777 1.0
7532 7537 1.0
72908 954315 1.0
9581 633585 1.0
178209 116084 1.0
95225 42207 1.0
179706 141171 1.0
23774 7432 1.0
341188 682666 1.0
80491 7532 1.0
13658 13656 1.0
1959 82664 1.0
117328 91852 1.0
194617 31932 1.0
5064 1120563 1.0
20193 1152244 1.0
80515 314459 1.0
28249 628668 1.0
34979 1106418 1.0
70442 70441 1.0
2663 1119671 1.0
6214 1130600 1.0
71336 1105718 1.0
31927 1124844 1.0
1246 42207 1.0
162075 1109830 1.0
66751 693143 1.0
194617 1124844 1.0
188471 628500 1.0
156794 1109581 1.0
38480 1104182 1.0
28267 1152896 1.0
117 33013 1.0
153598 1113459 1.0
943 1152896 1.0
41714 44455 1.0
7419 1113182 1.0
210871 198653 1.0
9708 1153003 1.0
82664 3097 1.0
63486 509379 1.0
12198 95225 1.0
62676 312409 1.0
137849 17242 1.0
12198 27612 1.0
6214 6224 1.0
3828 1152896 1.0
6213 1106547 1.0
20193 566653 1.0
28350 341188 1.0
20178 91853 1.0
81350 892139 1.0
8696 1102751 1.0
28471 91975 1.0
40135 13686 1.0
20601 12247 1.0
117328 1115166 1.0
114 1118245 1.0
114 28227 1.0
31489 40583 1.0
13972 20534 1.0
6213 1117760 1.0
80515 1121603 1.0
6224 345340 1.0
179702 424540 1.0
28412 6220 1.0
15892 1118388 1.0
101143 596075 1.0
28254 1118092 1.0
6151 193742 1.0
182094 1131550 1.0
91853 1116397 1.0
117 28471 1.0
592973 592986 1.0
10796 31097 1.0
887 28456 1.0
941 3828 1.0
1953 1153724 1.0
430574 1105622 1.0
31353 686532 1.0
40605 40583 1.0
10981 1102873 1.0
887 334153 1.0
117 17476 1.0
12350 1107319 1.0
38829 1152244 1.0
12350 12198 1.0
632796 884094 1.0
216877 1117618 1.0
7419 1107312 1.0
579108 1128314 1.0
310530 38839 1.0
31489 633585 1.0
20534 1103315 1.0
28491 782486 1.0
20602 1121537 1.0
733576 1135082 1.0
1953 1949 1.0
20601 12199 1.0
763009 1136446 1.0
47682 47683 1.0
193742 6152 1.0
10531 31336 1.0
5075 5069 1.0
4584 6151 1.0
887 161221 1.0
134128 1113182 1.0
13686 1385 1.0
19045 593328 1.0
20601 1121537 1.0
7419 1109581 1.0
89547 91975 1.0
130 345340 1.0
67415 12195 1.0
6216 1116347 1.0
887 64519 1.0
509379 1125393 1.0
210872 1129610 1.0
100701 1107041 1.0
7532 314459 1.0
6213 1117942 1.0
114 6170 1.0
116084 195150 1.0
20534 23774 1.0
31353 1129442 1.0
592973 592975 1.0
399339 1120731 1.0
51180 1107319 1.0
17476 33013 1.0
656231 103531 1.0
20193 5062 1.0
633081 632796 1.0
70444 70442 1.0
6385 1129243 1.0
6216 1123553 1.0
114 755217 1.0
80656 13654 1.0
64271 73327 1.0
4584 188471 1.0
6184 13686 1.0
27627 686015 1.0
31353 31927 1.0
6213 20526 1.0
12155 1126350 1.0
887 976334 1.0
175909 1153891 1.0
38205 592975 1.0
134219 447224 1.0
5069 385067 1.0
114 1103315 1.0
400473 131117 1.0
137849 1115291 1.0
63486 96845 1.0
6213 299195 1.0
28350 628668 1.0
27203 1118209 1.0
178209 195150 1.0
5062 28026 1.0
63812 1105360 1.0
12350 20602 1.0
6213 399339 1.0
693143 695284 1.0
114 193742 1.0
117 28278 1.0
114 1107455 1.0
114 1120170 1.0
114 8213 1.0
4584 36167 1.0
6163 130 1.0
6213 299197 1.0
28851 595157 1.0
182093 197054 1.0
105899 1111304 1.0
117328 38829 1.0
70520 36167 1.0
314459 1121603 1.0
117 6170 1.0
35490 64271 1.0
89547 1152379 1.0
368657 400455 1.0
27543 27531 1.0
114 55968 1.0
210871 1129629 1.0
202639 672064 1.0
632874 40583 1.0
13195 1120731 1.0
44455 387795 1.0
27632 28254 1.0
397488 1134865 1.0
20534 70442 1.0
6213 241133 1.0
397488 1120643 1.0
29492 152219 1.0
117 75674 1.0
6238 84459 1.0
131117 212930 1.0
592993 1128978 1.0
10531 43698 1.0
20193 112813 1.0
64519 63835 1.0
642920 642930 1.0
12199 1119471 1.0
31489 1130780 1.0
117 28387 1.0
7537 314459 1.0
27530 1106630 1.0
38205 1153942 1.0
6196 28387 1.0
6213 128 1.0
67415 51180 1.0
42221 248119 1.0
154047 1112106 1.0
41417 1108329 1.0
12195 1132285 1.0
20193 1130657 1.0
10531 1129442 1.0
10796 1110947 1.0
216877 334153 1.0
27627 686030 1.0
6213 1109957 1.0
12195 38722 1.0
6151 6214 1.0
47682 1125393 1.0
887 6215 1.0
6923 93923 1.0
12247 148399 1.0
1959 1153728 1.0
28254 686015 1.0
3085 221302 1.0
28202 1128267 1.0
29492 1122574 1.0
8961 1103610 1.0
51180 12350 1.0
4584 1130600 1.0
27531 763009 1.0
17476 1103162 1.0
61069 1153816 1.0
20180 91853 1.0
66809 82090 1.0
9708 181782 1.0
6378 1129208 1.0
41714 568857 1.0
887 1105033 1.0
66751 1138043 1.0
67415 1135746 1.0
6385 6378 1.0
114 28471 1.0
7047 212930 1.0
175909 221302 1.0
6213 10796 1.0
82090 82087 1.0
1997 1102442 1.0
29492 144408 1.0
10531 31353 1.0
645088 1131277 1.0
887 19045 1.0
628815 1130567 1.0
20193 91853 1.0
117 1109581 1.0
6213 1123553 1.0
434 267003 1.0
13654 119686 1.0
6214 1105764 1.0
7419 341188 1.0
4584 6210 1.0
114 7432 1.0
3085 395725 1.0
38829 1107010 1.0
89547 1116328 1.0
57119 593060 1.0
576362 568857 1.0
6224 6163 1.0
12350 12195 1.0
117 39403 1.0
3097 1949 1.0
6151 6152 1.0
210871 1128151 1.0
103430 1154074 1.0
114 976334 1.0
941 20180 1.0
37483 1130539 1.0
17476 682666 1.0
27623 105899 1.0
216878 711527 1.0
164885 447224 1.0
82666 1106236 1.0
20179 95188 1.0
6163 1113739 1.0
10796 8699 1.0
6378 28473 1.0
70442 1107215 1.0
6539 1102646 1.0
134128 1117760 1.0
321004 1117049 1.0
91852 20178 1.0
6214 6184 1.0
177998 1110515 1.0
756061 1136446 1.0
6213 124064 1.0
114 58540 1.0
6151 1107355 1.0
20857 1127863 1.0
114 1114125 1.0
467383 1128977 1.0
28265 1152436 1.0
114 28350 1.0
28287 128540 1.0
15889 1118388 1.0
592975 592986 1.0
44455 128540 1.0
103531 656048 1.0
141171 1121569 1.0
20602 12247 1.0
6378 1122425 1.0
12198 12199 1.0
6213 13960 1.0
13193 755217 1.0
4584 1130567 1.0
216878 334153 1.0
38722 1135746 1.0
28026 5064 1.0
4584 6196 1.0
4584 1120020 1.0
566664 3085 1.0
20193 1116397 1.0
20193 30973 1.0
5062 521207 1.0
117 28202 1.0
12350 20601 1.0
6163 1106966 1.0
15889 175909 1.0
20601 1118209 1.0
578669 1128943 1.0
887 170798 1.0
6196 976334 1.0
6216 96847 1.0
6639 116084 1.0
6214 628500 1.0
80656 13656 1.0
117 38480 1.0
943 3828 1.0
67415 38722 1.0
7532 80515 1.0
28227 6169 1.0
13982 34979 1.0
1952 3101 1.0
521183 521207 1.0
16437 152219 1.0
887 35490 1.0
7537 1113534 1.0
6214 38480 1.0
6215 1120170 1.0
593329 87363 1.0
6385 892139 1.0
31353 43698 1.0
28254 105899 1.0
20534 7419 1.0
887 1111304 1.0
12199 12247 1.0
7419 1105764 1.0
13658 1115959 1.0
117 6214 1.0
6385 682666 1.0
63486 83461 1.0
6213 1116347 1.0
20534 1106966 1.0
179702 141171 1.0
3097 1952 1.0
6213 1113182 1.0
6213 1130567 1.0
762980 1136446 1.0
12350 1131611 1.0
20526 1103315 1.0
633585 40605 1.0
38722 81350 1.0
179702 1152859 1.0
12350 1104007 1.0
31336 686532 1.0
20193 395725 1.0
6213 6155 1.0
633081 632874 1.0
9716 6539 1.0
6214 1126029 1.0
41714 144212 1.0
6385 55968 1.0
6923 20857 1.0
27627 27632 1.0
91853 1110579 1.0
17811 1107136 1.0
6913 1105011 1.0
20602 12158 1.0
6213 6224 1.0
114 64484 1.0
941 28265 1.0
4584 124064 1.0
210871 595157 1.0
41714 61069 1.0
114 136665 1.0
193742 1111230 1.0
4584 6184 1.0
27543 1106630 1.0
64484 1105394 1.0
4584 628500 1.0
887 6151 1.0
202639 40131 1.0
8687 1102751 1.0
15889 15892 1.0
6214 399339 1.0
63812 1125393 1.0
20179 91852 1.0
1997 154982 1.0
6213 7419 1.0
77108 77112 1.0
662250 1132073 1.0
28350 1113459 1.0
6213 28227 1.0
12350 27612 1.0
27623 686061 1.0
423816 1134865 1.0
55770 521207 1.0
573535 693143 1.0
28487 206259 1.0
28287 387795 1.0
887 595056 1.0
28487 8213 1.0
5069 1120563 1.0
887 134128 1.0
54844 1104946 1.0
114 124064 1.0
654339 1131741 1.0
35490 95188 1.0
6151 1106547 1.0
6152 299195 1.0
13654 1115959 1.0
6213 1108329 1.0
334153 1117618 1.0
27627 28254 1.0
58540 181782 1.0
646289 6913 1.0
22386 207395 1.0
31353 31349 1.0
29492 131117 1.0
20601 95225 1.0
74975 38846 1.0
650814 1131550 1.0
6169 1130567 1.0
28350 1109957 1.0
198653 1113551 1.0
1717 50381 1.0
116084 568045 1.0
4584 6214 1.0
17488 1103162 1.0
38845 1107010 1.0
13917 1120020 1.0
20179 91853 1.0
51180 50381 1.0
13654 987188 1.0
3232 521251 1.0
43698 31349 1.0
63812 1121057 1.0
954315 1155073 1.0
25772 1122580 1.0
6213 1385 1.0
593060 1128977 1.0
55968 892139 1.0
57119 1132731 1.0
941 129558 1.0
887 10796 1.0
28278 1107312 1.0
68115 47684 1.0
6210 1120731 1.0
1246 57764 1.0
116512 1107808 1.0
7532 1153097 1.0
270600 1153003 1.0
12158 148399 1.0
6169 170338 1.0
114 91975 1.0
5064 1121176 1.0
114 434 1.0
7419 1117760 1.0
27623 75674 1.0
75674 686015 1.0
17476 1105033 1.0
4584 13917 1.0
202639 144408 1.0
19045 593329 1.0
628667 628668 1.0
74975 1107041 1.0
28489 6210 1.0
28287 1106547 1.0
734406 1135115 1.0
9581 1130780 1.0
28350 1129243 1.0
643695 643597 1.0
131122 212930 1.0
645088 645084 1.0
6639 178209 1.0
7532 141171 1.0
57764 711527 1.0
42221 42209 1.0
35490 1104031 1.0
633585 633721 1.0
6155 1126029 1.0
6169 1114629 1.0
1997 1108551 1.0
6213 6220 1.0
27203 1106418 1.0
18832 1122425 1.0
187260 1110950 1.0
95188 1110579 1.0
4584 193742 1.0
27623 27632 1.0
6213 1106406 1.0
210871 38205 1.0
467383 116553 1.0
82098 82087 1.0
887 299197 1.0
12350 12158 1.0
134199 447224 1.0
20193 1108597 1.0
166825 1110024 1.0
887 38205 1.0
6151 6155 1.0
6220 134128 1.0
64519 37483 1.0
6213 28202 1.0
198866 73327 1.0
218410 1152663 1.0
6213 38480 1.0
20178 64271 1.0
19045 87363 1.0
6913 1717 1.0
409255 1153097 1.0
48781 1134865 1.0
6213 6184 1.0
633081 40605 1.0
17476 1122425 1.0
5064 272345 1.0
7537 141171 1.0
28491 1152910 1.0
6213 6215 1.0
642930 1131184 1.0
1717 1115291 1.0
57119 1153942 1.0
22386 1107010 1.0
6213 161221 1.0
6213 28350 1.0
3085 15889 1.0
6213 55968 1.0
6385 17476 1.0
28202 325497 1.0
25772 1104769 1.0
3085 5062 1.0
6169 7419 1.0
28350 628667 1.0
592996 1128943 1.0
114 341188 1.0
593328 87363 1.0
763009 1136449 1.0
6913 1135108 1.0
6913 1116336 1.0
633081 1130780 1.0
12350 6539 1.0
130 13960 1.0
4584 782486 1.0
114 1111052 1.0
1959 38839 1.0
29492 400473 1.0
756061 1136110 1.0
12198 1126350 1.0
27623 686030 1.0
763010 1136447 1.0
154982 1130927 1.0
10531 1102850 1.0
6213 20534 1.0
887 17476 1.0
41714 197054 1.0
20602 12155 1.0
195361 1111304 1.0
4584 293285 1.0
6163 134128 1.0
6220 6163 1.0
161221 1153922 1.0
3101 70441 1.0
20601 1108167 1.0
28491 341188 1.0
162075 737204 1.0
12158 12199 1.0
96851 96847 1.0
5062 5069 1.0
4584 28278 1.0
6214 6155 1.0
100935 1134865 1.0
114 128 1.0
27530 1128542 1.0
566653 3085 1.0
17242 280876 1.0
1953 1153166 1.0
13885 31043 1.0
28491 153598 1.0
6913 1131230 1.0
756061 1136447 1.0
7047 1135082 1.0
117 341188 1.0
20857 1155073 1.0
128 20526 1.0
31489 632935 1.0
6184 1120731 1.0
22386 38845 1.0
6213 58540 1.0
162075 162080 1.0
41714 182094 1.0
20193 1153877 1.0
12195 1131611 1.0
28287 567005 1.0
124064 6224 1.0
6213 1122425 1.0
1997 1109542 1.0
3097 3101 1.0
154023 1133846 1.0
89547 66805 1.0
20602 42207 1.0
27623 28254 1.0
6213 28471 1.0
152227 152226 1.0
31353 1063773 1.0
4584 976334 1.0
43698 1129442 1.0
72908 93923 1.0
17811 63486 1.0
75674 1109957 1.0
1246 1104007 1.0
1717 733167 1.0
6163 1111052 1.0
128383 1108329 1.0
3085 30973 1.0
6213 1113459 1.0
118873 987188 1.0
6913 703953 1.0
17821 245955 1.0
118873 1115959 1.0
31353 31336 1.0
6184 399339 1.0
6213 153598 1.0
20193 3085 1.0
6213 6214 1.0
6196 81350 1.0
7537 1153097 1.0
1959 101143 1.0
10796 46536 1.0
20601 20602 1.0
20534 1107455 1.0
10796 6217 1.0
24476 1103499 1.0
28265 943 1.0
567005 1127810 1.0
64271 91852 1.0
31927 31932 1.0
31353 286562 1.0
6385 28473 1.0
6196 1153056 1.0
15889 1153891 1.0
1953 1153728 1.0
10531 686532 1.0
650807 1131565 1.0
416867 1121537 1.0
177115 5069 1.0
128 91975 1.0
6213 6210 1.0
31336 1129442 1.0
1952 1949 1.0
198653 1130539 1.0
100935 1120643 1.0
190706 182094 1.0
1949 3101 1.0
31336 31349 1.0
7041 1120880 1.0
210872 210871 1.0
6196 58540 1.0
9716 28674 1.0
219976 1116410 1.0
38205 595056 1.0
38205 593060 1.0
4584 128 1.0
6196 1120731 1.0
633030 633031 1.0
72908 1127863 1.0
7419 1118245 1.0
887 1113614 1.0
270600 1114838 1.0
40605 884094 1.0
20193 1119180 1.0
27623 1126029 1.0
13652 13654 1.0
114 1106406 1.0
114 6155 1.0
4584 628815 1.0
341188 1117942 1.0
157805 6539 1.0
6169 1106406 1.0
380341 60560 1.0
5064 1129106 1.0
578669 1128978 1.0
1959 170798 1.0
31349 686532 1.0
28542 206259 1.0
6214 6378 1.0
654326 654339 1.0
112099 1114777 1.0
114 1106172 1.0
18832 81350 1.0
6216 1113739 1.0
189708 149669 1.0
27627 105899 1.0
6151 1385 1.0
182094 197054 1.0
56708 28287 1.0
1717 1116336 1.0
6213 595056 1.0
13652 13656 1.0
12194 27199 1.0
13658 1120431 1.0
592996 1128978 1.0
887 87363 1.0
57119 592975 1.0
179702 1121569 1.0
48781 1120643 1.0
20193 1116839 1.0
47682 47684 1.0
29492 1112426 1.0
887 114308 1.0
20180 943 1.0
20534 1111052 1.0
6238 1130356 1.0
27627 116021 1.0
28026 5069 1.0
66805 509315 1.0
27612 1118209 1.0
633081 31489 1.0
6213 6163 1.0
763009 1136447 1.0
6184 1105718 1.0
4584 6155 1.0
6213 628668 1.0
91853 1116410 1.0
190706 144212 1.0
6151 6213 1.0
6214 6215 1.0
114 39403 1.0
20193 144330 1.0
20602 1108167 1.0
633585 884094 1.0
114 6196 1.0
31353 1107567 1.0
16437 395725 1.0
940 28265 1.0
31489 632796 1.0
103430 75318 1.0
38829 1116397 1.0
395725 1135115 1.0
6213 1129243 1.0
75318 141171 1.0
38205 592986 1.0
6213 1107455 1.0
6214 188471 1.0
3097 1106236 1.0
1959 310530 1.0
28350 6210 1.0
134199 164885 1.0
20193 566488 1.0
118873 1109566 1.0
6214 149669 1.0
31353 194617 1.0
28350 241133 1.0
31353 1123576 1.0
6213 293271 1.0
43698 686532 1.0
6213 1106966 1.0
642920 1131184 1.0
13658 294239 1.0
13652 83746 1.0
57119 595056 1.0
34979 1104007 1.0
3828 310530 1.0
10796 93320 1.0
763010 762980 1.0
72406 1105764 1.0
6213 1103315 1.0
210871 568857 1.0
12195 51180 1.0
117 206259 1.0
83746 294239 1.0
114 38480 1.0
887 299195 1.0
6238 10793 1.0
20601 42207 1.0
943 91852 1.0
6215 6224 1.0
128540 387795 1.0
1959 3097 1.0
28227 20526 1.0
521251 1125992 1.0
35490 1116410 1.0
134128 1113614 1.0
20602 12199 1.0
154982 1130931 1.0
154023 1112106 1.0
733167 1154276 1.0
144212 1131549 1.0
27199 248119 1.0
7047 2663 1.0
6213 628667 1.0
13972 1126050 1.0
135464 1135589 1.0
940 20180 1.0
24530 1109581 1.0
738941 1135455 1.0
20193 1130653 1.0
57119 606647 1.0
210871 887 1.0
6923 1155073 1.0
162080 1135345 1.0
17476 1129208 1.0
82666 101143 1.0
28350 6220 1.0
18832 682666 1.0
6213 628815 1.0
423816 48781 1.0
6213 1111304 1.0
5062 5064 1.0
6184 10981 1.0
23774 1106406 1.0
5075 5064 1.0
128 39403 1.0
40135 118079 1.0
521183 1125992 1.0
4584 1116347 1.0
27623 1104182 1.0
12247 1119471 1.0
27203 148399 1.0
64271 1152244 1.0
17242 1115291 1.0
385067 272345 1.0
645084 1131277 1.0
280876 1115291 1.0
221302 1153891 1.0
887 6213 1.0
114 1105394 1.0
114 6220 1.0
216878 1117618 1.0
154047 1133846 1.0
27627 686061 1.0
6213 23774 1.0
6224 28387 1.0
133628 1108570 1.0
194617 215912 1.0
46501 57764 1.0
521183 521251 1.0
166825 1118388 1.0
218410 134128 1.0
70444 1108329 1.0
28489 13193 1.0
566653 566664 1.0
