205196 1130568 1.0
69284 69296 1.0
35 427606 1.0
35 335733 1.0
263553 1117219 1.0
108047 578649 1.0
643069 1131192 1.0
35 229635 1.0
169279 1132083 1.0
133550 133566 1.0
77826 470511 1.0
74821 1131149 1.0
255628 1140543 1.0
644448 644494 1.0
578337 696346 1.0
103515 1153853 1.0
126793 16843 1.0
35 33907 1.0
35 594047 1.0
643003 1131189 1.0
11335 11325 1.0
97390 33907 1.0
89416 137130 1.0
1688 1153065 1.0
35 1050679 1.0
1956 1111899 1.0
205196 950986 1.0
642894 645870 1.0
230879 578337 1.0
86359 1152944 1.0
89416 1106546 1.0
66564 593942 1.0
645046 646357 1.0
648112 648121 1.0
3191 3192 1.0
5194 1152714 1.0
644843 1131274 1.0
27535 308232 1.0
205196 628751 1.0
6898 78994 1.0
8703 51909 1.0
61417 212777 1.0
230879 696346 1.0
133566 1152714 1.0
6784 1116629 1.0
6910 1132083 1.0
561809 1131300 1.0
1688 694759 1.0
46079 1152569 1.0
99030 578337 1.0
14062 1119708 1.0
35 634938 1.0
262178 1138968 1.0
35 1129573 1.0
78994 662279 1.0
259702 1131116 1.0
220420 1128227 1.0
644577 1131301 1.0
642894 642798 1.0
5086 129896 1.0
83725 56119 1.0
60169 399370 1.0
72805 899085 1.0
85352 1114331 1.0
287787 647447 1.0
89416 65074 1.0
35 254923 1.0
263553 6910 1.0
1688 69284 1.0
142268 1117920 1.0
671269 1132461 1.0
12576 56709 1.0
263069 1131116 1.0
287787 1130847 1.0
65057 519353 1.0
1272 97892 1.0
33895 1153577 1.0
444191 1154068 1.0
219446 1127812 1.0
151430 1115670 1.0
54132 62634 1.0
642894 1131180 1.0
562067 1127566 1.0
12576 1107674 1.0
5194 133566 1.0
503877 1131374 1.0
573553 1138970 1.0
18536 86923 1.0
545647 582511 1.0
739816 1140548 1.0
16843 1152991 1.0
103515 459214 1.0
194609 1154520 1.0
248425 594387 1.0
683294 1132857 1.0
12576 229635 1.0
205196 1130586 1.0
3191 1106789 1.0
124224 169279 1.0
89308 103528 1.0
61417 94416 1.0
84021 18582 1.0
141342 1119708 1.0
84021 263279 1.0
108047 1128319 1.0
12576 63832 1.0
35 18582 1.0
3112 110164 1.0
3218 1106492 1.0
634902 634975 1.0
6898 1123188 1.0
35 634904 1.0
94416 1106764 1.0
6898 431206 1.0
35 1130856 1.0
190698 1114502 1.0
62329 650834 1.0
54129 1128291 1.0
35 1154459 1.0
38537 646195 1.0
103515 54131 1.0
573553 171954 1.0
66564 141324 1.0
642681 1131236 1.0
5959 582511 1.0
645452 645016 1.0
35 46079 1.0
67584 562067 1.0
82920 98698 1.0
259772 1114336 1.0
85352 574462 1.0
593544 1128982 1.0
134320 23069 1.0
135130 1105221 1.0
815073 205196 1.0
641976 672071 1.0
35 1109199 1.0
54131 459214 1.0
28290 56709 1.0
504 506 1.0
40 116552 1.0
10798 8703 1.0
230879 1132948 1.0
7032 1109439 1.0
133567 1152714 1.0
143801 284025 1.0
56115 135130 1.0
82920 1153943 1.0
14062 1153280 1.0
643239 644093 1.0
38771 1104191 1.0
529165 1126315 1.0
12631 662416 1.0
35797 100961 1.0
169280 1132083 1.0
261040 110164 1.0
643239 1131312 1.0
14062 1154459 1.0
56115 63832 1.0
65057 134307 1.0
23070 1116044 1.0
217139 154134 1.0
65074 74698 1.0
97645 593091 1.0
108047 28336 1.0
84021 1133047 1.0
171954 1135750 1.0
35 81722 1.0
35 141342 1.0
35 1153065 1.0
643221 1131236 1.0
642847 642681 1.0
578646 578645 1.0
16819 1131167 1.0
284023 1152958 1.0
642894 1131236 1.0
696345 236759 1.0
175256 1133196 1.0
594011 1153896 1.0
503893 33904 1.0
12638 263553 1.0
87915 1110209 1.0
35 415693 1.0
35 84021 1.0
561809 1127558 1.0
35 594900 1.0
85449 1152290 1.0
672070 1132443 1.0
287787 634902 1.0
238401 1125386 1.0
1272 1102625 1.0
168332 86359 1.0
35 248425 1.0
66556 593859 1.0
205196 815096 1.0
35 574462 1.0
8703 101145 1.0
28359 35863 1.0
206371 69296 1.0
97390 98693 1.0
263069 148341 1.0
672070 672071 1.0
10430 3095 1.0
628751 950986 1.0
1955 1110390 1.0
35 259701 1.0
65057 74698 1.0
503893 1153577 1.0
644448 644470 1.0
82920 259702 1.0
82920 1119708 1.0
3112 110163 1.0
33895 1103960 1.0
3218 417017 1.0
54132 1128985 1.0
503883 1131374 1.0
575077 608191 1.0
646900 646913 1.0
85452 1120169 1.0
576725 576795 1.0
346292 1152958 1.0
1272 27230 1.0
23070 134307 1.0
51879 1114664 1.0
18834 1152740 1.0
739816 1135894 1.0
12576 416455 1.0
12576 1071981 1.0
575077 66556 1.0
85352 66556 1.0
23070 134316 1.0
307015 335733 1.0
56112 127033 1.0
646809 1131374 1.0
628888 628764 1.0
35 1128227 1.0
11335 545647 1.0
56112 56115 1.0
688824 1133008 1.0
38537 642847 1.0
66564 66563 1.0
427606 62329 1.0
6318 20833 1.0
504 1102364 1.0
35 190697 1.0
169279 1154103 1.0
35 1131360 1.0
83449 22869 1.0
54132 1117476 1.0
427606 1138968 1.0
35 54131 1.0
415693 254923 1.0
124224 6898 1.0
127033 574710 1.0
82920 70970 1.0
577331 1128227 1.0
194609 563613 1.0
219446 249421 1.0
65074 134316 1.0
65074 87915 1.0
56112 1107674 1.0
593942 1153896 1.0
335733 643199 1.0
3218 1120169 1.0
56709 416455 1.0
35 1131116 1.0
120084 1140543 1.0
35 135130 1.0
259701 1114331 1.0
94639 593942 1.0
143323 217139 1.0
51866 34961 1.0
62329 195792 1.0
16819 1131274 1.0
641976 1131150 1.0
249421 1127812 1.0
671269 1154124 1.0
85352 593091 1.0
35 1127913 1.0
94641 1102550 1.0
126867 1108258 1.0
22869 22876 1.0
671269 1154123 1.0
424 1135125 1.0
87915 1153786 1.0
35 787016 1.0
628751 628764 1.0
578337 236759 1.0
1817 1114502 1.0
85352 640617 1.0
195792 593210 1.0
6741 1130637 1.0
134314 134316 1.0
249421 567018 1.0
6910 1117219 1.0
119761 143801 1.0
459216 593210 1.0
152483 583318 1.0
16819 643221 1.0
22883 22876 1.0
178727 1110546 1.0
576795 1128201 1.0
35 33904 1.0
3191 137873 1.0
205196 1112929 1.0
56119 127033 1.0
3218 35070 1.0
38537 1131270 1.0
3218 1153264 1.0
642681 644334 1.0
10430 1120713 1.0
35 593260 1.0
35 593240 1.0
28290 308529 1.0
70970 1129683 1.0
141347 1119708 1.0
126927 645897 1.0
35 1103960 1.0
54132 578780 1.0
18834 1152944 1.0
7032 137873 1.0
134314 1116044 1.0
6910 1154103 1.0
35 15670 1.0
35 561238 1.0
648106 1131421 1.0
936 1111899 1.0
148341 1131116 1.0
643221 1131335 1.0
3112 77826 1.0
89335 59244 1.0
93555 284023 1.0
195792 377303 1.0
169280 1154103 1.0
12576 574710 1.0
54129 117315 1.0
54131 1128982 1.0
644441 644334 1.0
1688 44368 1.0
54131 459213 1.0
567018 1127812 1.0
12638 6910 1.0
84021 98698 1.0
56115 56119 1.0
97645 33907 1.0
141342 608191 1.0
817774 820661 1.0
205192 99030 1.0
54129 1136791 1.0
28290 1104999 1.0
85352 682815 1.0
646809 1154076 1.0
35 1123756 1.0
65074 65057 1.0
6741 49895 1.0
3191 129897 1.0
12631 1154103 1.0
14062 98693 1.0
56115 1129573 1.0
33895 1154176 1.0
936 1956 1.0
644448 1131258 1.0
337766 110162 1.0
56709 308529 1.0
67584 1127558 1.0
103528 103529 1.0
575292 1131734 1.0
51909 173884 1.0
137868 1131300 1.0
642798 644470 1.0
287787 1130856 1.0
643239 16819 1.0
1955 1956 1.0
6910 1123188 1.0
643221 643239 1.0
35 1103985 1.0
642621 16819 1.0
219446 567018 1.0
35 1688 1.0
85688 8703 1.0
503877 1154076 1.0
593091 593248 1.0
12638 662416 1.0
56112 1104999 1.0
132806 593260 1.0
1694 39474 1.0
575077 579008 1.0
262178 85449 1.0
86923 1114184 1.0
135798 1108656 1.0
672071 6130 1.0
35 206371 1.0
575077 94641 1.0
35 575331 1.0
644093 1131236 1.0
10798 18619 1.0
12576 62718 1.0
97390 1152358 1.0
35 287787 1.0
56119 1105221 1.0
16819 643069 1.0
643221 644577 1.0
205192 578337 1.0
19231 12960 1.0
5194 133550 1.0
35 12576 1.0
54129 117316 1.0
3095 110162 1.0
171954 1110256 1.0
35 307015 1.0
19231 18619 1.0
1688 1694 1.0
35 594543 1.0
74821 1131150 1.0
82920 1127913 1.0
35 148170 1.0
3191 642827 1.0
578646 1128291 1.0
647447 577331 1.0
33907 593813 1.0
4274 1114664 1.0
644577 645897 1.0
12631 78994 1.0
126868 1108258 1.0
573553 1135750 1.0
143323 154134 1.0
35 579008 1.0
8703 502574 1.0
103515 1127913 1.0
66556 141324 1.0
82920 307015 1.0
35 249421 1.0
227178 1128946 1.0
35 28290 1.0
3192 310742 1.0
133567 133566 1.0
84021 415693 1.0
35 1113831 1.0
5086 423463 1.0
427606 1050679 1.0
35 1119505 1.0
35797 1128974 1.0
263553 662416 1.0
594011 593942 1.0
33904 1103960 1.0
35 594649 1.0
94641 1129018 1.0
180301 1110628 1.0
86359 1133469 1.0
642894 646286 1.0
33907 593091 1.0
61417 1106764 1.0
642894 643485 1.0
110041 287787 1.0
3191 129896 1.0
11337 1128256 1.0
287787 415693 1.0
66556 1129778 1.0
1272 444240 1.0
35 56119 1.0
35 574009 1.0
561674 562067 1.0
578650 578649 1.0
503883 646809 1.0
82920 576691 1.0
577227 1131752 1.0
28290 1107674 1.0
35 265203 1.0
141324 503877 1.0
4274 1119078 1.0
35 694759 1.0
35 86359 1.0
1955 1125386 1.0
35 577227 1.0
56115 69284 1.0
1688 576725 1.0
7032 323128 1.0
696343 1133428 1.0
94641 62634 1.0
58758 33895 1.0
133550 140569 1.0
16819 644334 1.0
98693 1152358 1.0
65074 1110209 1.0
65074 23070 1.0
135130 416455 1.0
56112 83725 1.0
645046 1131301 1.0
3192 423463 1.0
642681 644441 1.0
35 503883 1.0
575077 594649 1.0
1272 20593 1.0
110162 110164 1.0
593022 1128946 1.0
35 1117476 1.0
22874 22876 1.0
6130 1132461 1.0
126920 126927 1.0
646334 646357 1.0
459213 1123530 1.0
8703 353541 1.0
1688 1136814 1.0
54131 141324 1.0
259702 1114331 1.0
230879 99030 1.0
3218 1110426 1.0
132806 45599 1.0
10183 54550 1.0
66563 1123530 1.0
6741 1153160 1.0
35 1119708 1.0
648112 1131420 1.0
14083 1103016 1.0
35 116552 1.0
34961 22883 1.0
54129 1128319 1.0
1688 647413 1.0
593104 593942 1.0
375605 1119505 1.0
134307 134316 1.0
103528 1107171 1.0
27535 34961 1.0
561674 1127541 1.0
643221 643485 1.0
231249 1125492 1.0
397590 1120650 1.0
35 640617 1.0
634938 1130847 1.0
143323 3084 1.0
10183 1114336 1.0
12576 127033 1.0
35 608326 1.0
35 1114331 1.0
578646 1128319 1.0
28290 63832 1.0
15670 12558 1.0
5086 1105698 1.0
3187 5086 1.0
44017 48075 1.0
643221 644448 1.0
94639 141324 1.0
11335 20833 1.0
12631 6898 1.0
46452 1153091 1.0
70970 593068 1.0
12576 1105221 1.0
578650 1153853 1.0
82920 1152421 1.0
101811 151430 1.0
3095 83449 1.0
5086 561364 1.0
82920 1153280 1.0
671269 1132443 1.0
459206 1123530 1.0
5086 354004 1.0
1955 110163 1.0
35 263279 1.0
503883 577331 1.0
646913 1131359 1.0
35 66556 1.0
35 286500 1.0
230879 696343 1.0
287787 634938 1.0
71736 1152991 1.0
35 1154176 1.0
171954 820662 1.0
23070 87915 1.0
644448 1131314 1.0
10798 252715 1.0
227178 1114502 1.0
5959 545647 1.0
85324 628751 1.0
1272 1135125 1.0
12631 1123188 1.0
103515 246618 1.0
35 48766 1.0
644441 1131258 1.0
35 1152421 1.0
35 1125386 1.0
642894 1131301 1.0
284023 1152959 1.0
12638 6898 1.0
116545 1128291 1.0
54131 66563 1.0
593104 593921 1.0
1272 1135358 1.0
642894 1131335 1.0
54132 594387 1.0
646809 646913 1.0
231249 1127913 1.0
12631 6910 1.0
85452 1152290 1.0
205196 628766 1.0
51879 51866 1.0
16819 1131236 1.0
54131 578780 1.0
137868 642827 1.0
16819 646286 1.0
644843 645016 1.0
94639 593859 1.0
562940 1127619 1.0
27535 173884 1.0
230879 205192 1.0
82920 84021 1.0
787016 573978 1.0
85688 97892 1.0
14062 646836 1.0
77829 470511 1.0
35 647447 1.0
56115 1107674 1.0
82920 1152358 1.0
71736 1152259 1.0
672071 1132461 1.0
12576 56112 1.0
40 1109017 1.0
642798 1131172 1.0
3192 642827 1.0
578337 696345 1.0
506 1102364 1.0
642681 646286 1.0
520471 1125953 1.0
1688 1131360 1.0
54131 593859 1.0
35 1133338 1.0
8703 173884 1.0
116545 578649 1.0
10183 1120713 1.0
35 1137466 1.0
248425 1121398 1.0
14062 141347 1.0
642894 646357 1.0
578646 1153900 1.0
644494 644470 1.0
44017 1106492 1.0
6784 60170 1.0
58758 1128204 1.0
563613 1129572 1.0
683294 682508 1.0
1688 1133338 1.0
5194 140569 1.0
14062 97390 1.0
85352 152483 1.0
579008 593921 1.0
126868 126867 1.0
230879 696345 1.0
85352 1153943 1.0
503883 646913 1.0
54131 593942 1.0
3112 103529 1.0
641956 1131150 1.0
459216 1123530 1.0
5959 1102625 1.0
754594 1136040 1.0
148170 1109199 1.0
51866 1119078 1.0
575292 1138968 1.0
258259 168958 1.0
5086 440815 1.0
116545 246618 1.0
12631 12638 1.0
23069 74700 1.0
6784 35797 1.0
143323 84021 1.0
354004 1118546 1.0
643239 1131334 1.0
56709 1128959 1.0
54132 579008 1.0
16843 643069 1.0
562940 61417 1.0
35 646809 1.0
94641 594387 1.0
23070 74698 1.0
12576 1129573 1.0
190698 198443 1.0
576691 1128198 1.0
175256 682815 1.0
66556 66563 1.0
519353 1125909 1.0
578646 1153899 1.0
227178 593240 1.0
141342 40 1.0
120817 1109873 1.0
35 1131557 1.0
1688 1103985 1.0
35 1153280 1.0
14062 33907 1.0
54129 578649 1.0
94639 62634 1.0
3112 1152564 1.0
579008 248425 1.0
126793 1131270 1.0
230879 1133428 1.0
56112 63832 1.0
14062 1152421 1.0
35335 168958 1.0
284023 119761 1.0
287787 1123756 1.0
35797 60170 1.0
35 646837 1.0
672070 1154124 1.0
35 141347 1.0
18532 86923 1.0
3192 561364 1.0
35 1129683 1.0
16819 646195 1.0
6898 6910 1.0
248431 1113831 1.0
578898 578646 1.0
696345 696346 1.0
35 66563 1.0
94639 593813 1.0
643221 1131334 1.0
81714 81722 1.0
51909 502574 1.0
575077 608190 1.0
66556 54131 1.0
35 1128959 1.0
108047 578898 1.0
83449 218682 1.0
6130 1154124 1.0
22875 22876 1.0
574264 576795 1.0
35335 59772 1.0
126927 646286 1.0
265203 86359 1.0
287787 634975 1.0
117316 117315 1.0
54129 578780 1.0
12576 56119 1.0
6130 1154123 1.0
27241 1106492 1.0
561789 1127551 1.0
82920 1129367 1.0
3192 129896 1.0
16819 126793 1.0
593201 594649 1.0
646913 647413 1.0
6741 83725 1.0
33895 593813 1.0
6130 671269 1.0
35 1130847 1.0
194609 126128 1.0
252715 601561 1.0
44017 206524 1.0
642894 1131312 1.0
93555 143801 1.0
35 593091 1.0
97390 1153943 1.0
74698 134307 1.0
8703 59244 1.0
108047 578645 1.0
23069 23070 1.0
3218 1152290 1.0
575077 593544 1.0
56119 1104999 1.0
35 44368 1.0
574009 594900 1.0
65074 142268 1.0
35 1131752 1.0
126927 644093 1.0
155158 397590 1.0
12576 83725 1.0
642621 1131258 1.0
593240 1136791 1.0
35 132806 1.0
3192 5086 1.0
643221 1131257 1.0
644577 1131305 1.0
672070 6130 1.0
85352 561238 1.0
14090 1103016 1.0
18619 1153091 1.0
608190 70970 1.0
94639 593105 1.0
94641 1153897 1.0
60170 399370 1.0
575402 1129778 1.0
35 1129778 1.0
82920 1154459 1.0
35 593105 1.0
82920 1125492 1.0
51879 22883 1.0
644361 645016 1.0
19231 1153736 1.0
98693 575331 1.0
1272 85452 1.0
10798 1154500 1.0
634904 634975 1.0
16843 1152259 1.0
35 1152508 1.0
85352 1153280 1.0
1688 152483 1.0
561364 642827 1.0
33325 1110256 1.0
254923 108047 1.0
594119 1129021 1.0
35 54129 1.0
28230 1123756 1.0
134316 142268 1.0
645870 644494 1.0
576973 1128208 1.0
56115 127033 1.0
444191 6910 1.0
83449 22874 1.0
27535 1112026 1.0
11335 35070 1.0
503883 646836 1.0
82920 573978 1.0
35 1129018 1.0
646900 1131360 1.0
6910 1152150 1.0
35 1153577 1.0
206524 48075 1.0
594047 650834 1.0
644427 644577 1.0
384428 1120019 1.0
35797 60169 1.0
85352 1129027 1.0
65074 134307 1.0
195792 682815 1.0
33895 33904 1.0
608190 608191 1.0
35 45599 1.0
82920 81714 1.0
137130 65074 1.0
56115 1104999 1.0
3095 110163 1.0
84021 509233 1.0
65074 1117920 1.0
132806 48766 1.0
28389 353541 1.0
35 1127430 1.0
17363 444191 1.0
163235 1109873 1.0
137868 1110000 1.0
503877 1153577 1.0
14062 44368 1.0
3191 1127530 1.0
142268 1110209 1.0
12638 1123188 1.0
54129 578646 1.0
643221 642894 1.0
18313 249421 1.0
54132 593921 1.0
1956 83449 1.0
51909 1105428 1.0
440815 645571 1.0
19231 30934 1.0
254923 444240 1.0
85352 1154459 1.0
103515 575402 1.0
431206 662572 1.0
643221 644093 1.0
198443 190697 1.0
35 69284 1.0
307015 39474 1.0
51879 51909 1.0
643199 1131198 1.0
643221 126927 1.0
190698 190697 1.0
137868 1154068 1.0
3187 129897 1.0
1956 1817 1.0
86359 1152740 1.0
641976 672070 1.0
82920 35 1.0
35 576725 1.0
141342 575292 1.0
576257 594649 1.0
608191 70970 1.0
30934 12960 1.0
6786 1106789 1.0
6741 417017 1.0
504 89416 1.0
33904 1110546 1.0
158812 1127812 1.0
58758 1688 1.0
8703 27535 1.0
33907 1134022 1.0
284023 346292 1.0
227178 1128985 1.0
503883 1153577 1.0
54129 593022 1.0
16819 644093 1.0
35 575077 1.0
6910 662416 1.0
643221 1131305 1.0
561789 561674 1.0
14062 1152358 1.0
593209 593210 1.0
8703 51866 1.0
93555 119761 1.0
35 85352 1.0
10798 601561 1.0
1272 85688 1.0
35 503893 1.0
35 634902 1.0
110163 110164 1.0
120817 1140543 1.0
648121 648106 1.0
11335 1153264 1.0
35 634975 1.0
576973 58758 1.0
3112 470511 1.0
27246 1110390 1.0
561809 562067 1.0
23546 27230 1.0
16819 1131312 1.0
35 575292 1.0
644577 643485 1.0
108047 1153899 1.0
3191 5086 1.0
35 1153943 1.0
100961 60169 1.0
578650 1128291 1.0
66564 593859 1.0
503883 1154076 1.0
54131 1153897 1.0
503893 646837 1.0
10183 259772 1.0
35797 1050679 1.0
18536 1106854 1.0
230879 236759 1.0
4274 1105428 1.0
67584 1127566 1.0
11335 1127657 1.0
307015 1131198 1.0
43165 1131195 1.0
643221 645897 1.0
263279 1114502 1.0
646900 1131359 1.0
65057 1125909 1.0
20592 20593 1.0
12638 119761 1.0
506 89416 1.0
35 574264 1.0
648369 1131414 1.0
141342 70970 1.0
1272 552469 1.0
93555 1152958 1.0
644577 1131334 1.0
46079 69284 1.0
642894 643239 1.0
6741 51909 1.0
3191 423463 1.0
641956 1131149 1.0
35797 1116629 1.0
1272 1128256 1.0
644363 645016 1.0
93555 284025 1.0
506 1106546 1.0
11335 217139 1.0
35 573978 1.0
35 198443 1.0
503883 647447 1.0
648106 648112 1.0
126920 645897 1.0
251756 1102550 1.0
696345 696342 1.0
35 1128945 1.0
194609 1129572 1.0
1688 39474 1.0
35 103515 1.0
10798 10183 1.0
3191 561364 1.0
6784 100961 1.0
459214 1123530 1.0
171954 1138755 1.0
16819 643003 1.0
645870 1131301 1.0
739816 1140543 1.0
287787 634904 1.0
608326 1129683 1.0
3095 218682 1.0
35 178727 1.0
33325 12960 1.0
62329 251756 1.0
58758 1128208 1.0
108047 1153853 1.0
251756 195792 1.0
8703 1119078 1.0
108047 578646 1.0
642681 644093 1.0
12631 1152150 1.0
33907 1136814 1.0
35 1128204 1.0
56112 56119 1.0
178718 69296 1.0
35 647408 1.0
10183 47570 1.0
51866 27535 1.0
110041 1152358 1.0
116545 1128319 1.0
56119 63832 1.0
54129 108047 1.0
135130 574710 1.0
287787 503883 1.0
643239 126927 1.0
85352 576691 1.0
3191 310742 1.0
119761 284025 1.0
103515 1129778 1.0
12576 1104999 1.0
83725 56115 1.0
647315 1154076 1.0
35 576795 1.0
35 1956 1.0
593240 593210 1.0
56115 62718 1.0
6318 1108656 1.0
116545 578645 1.0
134060 481073 1.0
936 3084 1.0
6910 169279 1.0
117315 28336 1.0
377303 1129572 1.0
78994 662572 1.0
6910 431206 1.0
12576 135130 1.0
89308 101145 1.0
682508 1132857 1.0
111676 89308 1.0
3084 1107171 1.0
255628 120084 1.0
35 578780 1.0
35 231249 1.0
85352 1152421 1.0
58758 69284 1.0
3112 77829 1.0
74700 134307 1.0
1272 254923 1.0
62718 127033 1.0
42156 1152179 1.0
307015 643199 1.0
672070 1154123 1.0
87915 142268 1.0
8703 89335 1.0
35863 20972 1.0
218682 22874 1.0
35 259702 1.0
8703 308232 1.0
51866 22883 1.0
3187 1110000 1.0
35 1153853 1.0
230879 696342 1.0
20972 1116181 1.0
648112 1131421 1.0
424 218666 1.0
42156 1118120 1.0
640617 259702 1.0
69284 206371 1.0
85352 1127430 1.0
54129 594543 1.0
578646 578649 1.0
38537 137868 1.0
35797 399370 1.0
85449 1120169 1.0
504 1112650 1.0
134316 1117920 1.0
178718 1110546 1.0
35863 134060 1.0
27230 23545 1.0
8703 1105428 1.0
137130 23070 1.0
12576 28290 1.0
101811 1153064 1.0
54129 17477 1.0
672071 1132443 1.0
56709 18834 1.0
35 593813 1.0
574264 815096 1.0
33907 1103960 1.0
10798 97892 1.0
35 1136814 1.0
642894 646334 1.0
575077 117316 1.0
642681 1131167 1.0
152483 593091 1.0
10183 10430 1.0
44368 1128227 1.0
116552 246618 1.0
35 1133196 1.0
85352 577086 1.0
644427 1131257 1.0
127033 416455 1.0
1688 1134022 1.0
35 1129027 1.0
82920 608326 1.0
648121 1131420 1.0
248425 1113831 1.0
205196 628764 1.0
35 97645 1.0
35 98698 1.0
579008 594387 1.0
1688 84021 1.0
1272 520471 1.0
11335 582511 1.0
103529 1107171 1.0
148341 1109208 1.0
503883 647413 1.0
14090 643069 1.0
86359 18834 1.0
3187 129896 1.0
60159 60169 1.0
35 1128985 1.0
643221 1131312 1.0
399370 60159 1.0
195792 1128974 1.0
643221 646286 1.0
10798 212777 1.0
573553 820662 1.0
74821 1120252 1.0
561789 562067 1.0
35 69296 1.0
82920 1128198 1.0
54129 578645 1.0
54129 28336 1.0
645571 645897 1.0
110162 110163 1.0
82920 1129683 1.0
644494 1131314 1.0
645046 646334 1.0
662416 1123188 1.0
83725 62718 1.0
576257 1153943 1.0
642894 645046 1.0
573553 1129608 1.0
645016 1154071 1.0
1951 3095 1.0
