3229 390922 1.0
348305 193352 1.0
32276 174418 1.0
27606 111866 1.0
50337 13269 1.0
43639 99025 1.0
24966 131042 1.0
2654 52784 1.0
29708 131315 1.0
137790 2354 1.0
18777 79817 1.0
231198 1153195 1.0
187354 1127851 1.0
22229 1103383 1.0
7867 1138027 1.0
376704 1119654 1.0
237489 1120059 1.0
213246 34263 1.0
2665 631052 1.0
4329 395547 1.0
513189 573964 1.0
853115 853114 1.0
35922 50336 1.0
7297 763181 1.0
2653 197783 1.0
187354 372862 1.0
24966 197452 1.0
1365 1131745 1.0
350319 193932 1.0
395540 1130676 1.0
74749 10186 1.0
1365 1108050 1.0
851968 1140231 1.0
124734 25805 1.0
578845 593560 1.0
578309 578347 1.0
73323 28447 1.0
8594 709113 1.0
523010 1126044 1.0
34263 1122642 1.0
8224 1153866 1.0
8594 180187 1.0
133615 1128531 1.0
26850 1114605 1.0
19621 66990 1.0
814836 1138619 1.0
3229 396412 1.0
1365 139865 1.0
49720 49753 1.0
59626 124734 1.0
35905 1152904 1.0
449841 1123093 1.0
643735 643734 1.0
35922 1152272 1.0
22835 39904 1.0
24966 1106671 1.0
19697 40124 1.0
34257 34263 1.0
83847 66986 1.0
2653 350362 1.0
24966 239800 1.0
4335 1121254 1.0
4330 119956 1.0
8581 1120059 1.0
66990 1117501 1.0
144701 22229 1.0
2658 1140230 1.0
739707 950305 1.0
145315 294126 1.0
2440 1106388 1.0
2665 578306 1.0
18815 1104449 1.0
13208 131318 1.0
11342 65650 1.0
35922 390922 1.0
65212 1154042 1.0
683360 683404 1.0
240321 447250 1.0
2665 751408 1.0
4330 1152917 1.0
90655 1122642 1.0
91581 358894 1.0
65650 1118764 1.0
45533 1116974 1.0
18812 20920 1.0
107569 1107385 1.0
1365 1131748 1.0
27243 1104851 1.0
8224 22431 1.0
145176 40124 1.0
1365 948299 1.0
5348 75695 1.0
3229 1130915 1.0
19621 950052 1.0
3229 1128868 1.0
25181 96335 1.0
6775 350319 1.0
19621 948147 1.0
5348 1108050 1.0
131042 40125 1.0
50336 50337 1.0
27174 96335 1.0
12330 395553 1.0
375825 1119623 1.0
74427 368605 1.0
2665 578309 1.0
33301 33303 1.0
2354 1113852 1.0
2658 99023 1.0
28485 23258 1.0
4330 395553 1.0
83847 1117501 1.0
75121 22431 1.0
131315 411005 1.0
1365 949511 1.0
2695 1120197 1.0
37541 260979 1.0
5454 1105574 1.0
910 1126044 1.0
24966 79809 1.0
248395 1113828 1.0
8617 1116268 1.0
358866 358894 1.0
73146 1108389 1.0
77758 1131745 1.0
34257 1115456 1.0
145176 1112723 1.0
23258 168410 1.0
1365 171225 1.0
3229 1131748 1.0
4330 1108834 1.0
910 1118848 1.0
24966 92065 1.0
675649 1132505 1.0
22241 1107418 1.0
3229 90888 1.0
193352 1131719 1.0
34257 87482 1.0
3229 7022 1.0
1365 1128839 1.0
1365 22835 1.0
2653 65650 1.0
3229 100197 1.0
1365 1114605 1.0
74427 34266 1.0
33301 1022969 1.0
3229 157401 1.0
2702 12330 1.0
626999 911198 1.0
906 1114352 1.0
24966 1105433 1.0
2665 578347 1.0
24974 40125 1.0
24966 63549 1.0
11148 1129835 1.0
2665 1130808 1.0
24966 131318 1.0
7867 315789 1.0
49847 49844 1.0
2696 1120858 1.0
358887 358894 1.0
4335 116790 1.0
23738 189574 1.0
19621 83826 1.0
239800 95718 1.0
1365 340299 1.0
34257 192870 1.0
8224 6311 1.0
5600 1022969 1.0
1365 77758 1.0
3229 35343 1.0
59626 217115 1.0
709113 1134031 1.0
733534 1135122 1.0
910 242637 1.0
46887 1111788 1.0
688849 1133010 1.0
39199 66982 1.0
675756 675649 1.0
144701 1136342 1.0
22835 1110563 1.0
1365 1105062 1.0
853114 19621 1.0
65650 1105450 1.0
2702 395553 1.0
368431 30901 1.0
8591 1154525 1.0
4335 95718 1.0
193347 1129835 1.0
5348 1120858 1.0
3229 1109392 1.0
3229 25181 1.0
2665 1130676 1.0
910 67292 1.0
50336 390894 1.0
46470 1105450 1.0
2696 1123239 1.0
65212 1105433 1.0
8224 23738 1.0
108983 159897 1.0
19621 7297 1.0
19621 1135137 1.0
34257 1122642 1.0
267824 1153195 1.0
69198 231198 1.0
3229 25184 1.0
79809 91581 1.0
28485 168410 1.0
73323 1105810 1.0
6818 50337 1.0
28385 1125895 1.0
90888 340075 1.0
52784 1104851 1.0
910 636511 1.0
649730 1131464 1.0
4329 510718 1.0
24966 1105344 1.0
24966 1131267 1.0
92065 1106671 1.0
20584 235776 1.0
230884 1132486 1.0
69198 411005 1.0
28447 1107367 1.0
3229 1140289 1.0
2665 1132968 1.0
34257 34266 1.0
642593 1131163 1.0
137359 1108728 1.0
330208 99025 1.0
8875 608292 1.0
779960 1137140 1.0
19621 684372 1.0
24966 1154042 1.0
139738 1108834 1.0
1365 1136442 1.0
193352 193354 1.0
40124 1112723 1.0
2658 751408 1.0
18815 20920 1.0
1365 1106287 1.0
4335 1136310 1.0
2440 49843 1.0
32698 95719 1.0
237521 2665 1.0
2658 1131607 1.0
8619 36145 1.0
35778 108983 1.0
180399 385572 1.0
41216 1104300 1.0
217115 1112319 1.0
123825 649730 1.0
23116 1105433 1.0
910 12946 1.0
187354 1117786 1.0
13136 160705 1.0
23116 41666 1.0
18777 116790 1.0
910 131042 1.0
29723 6818 1.0
99023 578309 1.0
8619 175291 1.0
2702 1120777 1.0
2696 5869 1.0
240321 1136397 1.0
131317 411005 1.0
1213 409725 1.0
23258 18251 1.0
626999 139547 1.0
531348 531351 1.0
7272 763181 1.0
72101 1118347 1.0
66990 390889 1.0
2653 1104055 1.0
2665 395540 1.0
4335 1104300 1.0
34257 90655 1.0
853155 853118 1.0
37879 1105116 1.0
8594 8591 1.0
18774 73146 1.0
29723 131315 1.0
166989 1110028 1.0
4983 7867 1.0
300806 29723 1.0
123825 1131464 1.0
1365 1031453 1.0
2696 160705 1.0
8224 1111788 1.0
4330 46468 1.0
2653 102406 1.0
578365 578309 1.0
20821 1127851 1.0
5348 99025 1.0
8591 137956 1.0
910 1105530 1.0
2665 582139 1.0
35778 519318 1.0
4330 684986 1.0
910 1114118 1.0
39210 66982 1.0
23258 1106052 1.0
69198 8581 1.0
8224 49843 1.0
24966 124828 1.0
52515 39199 1.0
31863 358894 1.0
5462 227286 1.0
910 1108834 1.0
2696 256106 1.0
358866 79809 1.0
180373 180399 1.0
4330 118436 1.0
910 160705 1.0
75983 1106568 1.0
75695 1113035 1.0
240321 69392 1.0
95642 28447 1.0
910 340075 1.0
25702 1108834 1.0
35778 1919 1.0
173863 116790 1.0
12347 16451 1.0
75121 1106388 1.0
22431 49844 1.0
4330 120013 1.0
24966 40124 1.0
35905 1152272 1.0
42848 1104379 1.0
23738 27249 1.0
24966 1152194 1.0
2653 321861 1.0
613409 1129907 1.0
152731 23507 1.0
2696 5348 1.0
13205 1105148 1.0
13205 13208 1.0
19621 1126044 1.0
2665 1115375 1.0
67292 1105530 1.0
79809 79817 1.0
79809 1131466 1.0
19621 49482 1.0
137359 1153101 1.0
101662 1107095 1.0
1365 1132968 1.0
108983 108962 1.0
19621 631052 1.0
8224 368431 1.0
4649 1127851 1.0
175291 52784 1.0
111770 1119623 1.0
1365 1110494 1.0
22241 595193 1.0
133615 55403 1.0
3229 62347 1.0
99023 578347 1.0
79809 31863 1.0
62417 1107558 1.0
123556 50354 1.0
145315 649944 1.0
19621 184918 1.0
29723 35905 1.0
123556 14807 1.0
4330 428610 1.0
32276 636511 1.0
50354 14807 1.0
2695 1108169 1.0
41666 943087 1.0
193347 1131719 1.0
37541 1119140 1.0
8591 167205 1.0
68224 1128425 1.0
278394 627024 1.0
46887 235776 1.0
49843 49847 1.0
18770 531351 1.0
3229 1132418 1.0
3229 949511 1.0
230884 751408 1.0
27249 368431 1.0
8865 395075 1.0
79817 1131466 1.0
2653 1118764 1.0
74427 87482 1.0
2440 1117786 1.0
3229 118559 1.0
20584 1106849 1.0
8224 133615 1.0
45212 120013 1.0
15076 25702 1.0
128203 128202 1.0
513189 1125597 1.0
184918 330148 1.0
24043 928873 1.0
8865 1129570 1.0
39199 39210 1.0
4335 239800 1.0
59626 249858 1.0
72056 1135122 1.0
233106 12275 1.0
22241 1103383 1.0
4330 37884 1.0
1365 560936 1.0
59626 102406 1.0
910 1140040 1.0
35922 194223 1.0
30817 75691 1.0
240321 1132459 1.0
159897 683355 1.0
12330 1152490 1.0
591016 591017 1.0
1365 1136422 1.0
24974 1104258 1.0
2696 1133004 1.0
144701 595063 1.0
23738 73146 1.0
66990 39210 1.0
910 340078 1.0
174418 307336 1.0
58268 13024 1.0
910 1152194 1.0
1365 184918 1.0
36145 52784 1.0
35922 66982 1.0
18811 1112686 1.0
217984 1112369 1.0
19621 649730 1.0
145134 129287 1.0
84020 1106298 1.0
522338 1132864 1.0
4330 4329 1.0
2440 1153254 1.0
1365 1135368 1.0
34263 90655 1.0
34266 90655 1.0
68224 582139 1.0
31083 48066 1.0
8875 395075 1.0
1365 950052 1.0
2665 1113035 1.0
2665 2658 1.0
910 58552 1.0
1365 1114153 1.0
4335 1136397 1.0
4649 411092 1.0
22431 49847 1.0
101660 1107095 1.0
307336 708945 1.0
52515 300806 1.0
1365 23507 1.0
8617 52784 1.0
18777 18774 1.0
75983 1115790 1.0
906 34355 1.0
910 436796 1.0
2658 282700 1.0
83847 1106287 1.0
65212 23116 1.0
300806 396412 1.0
25184 285675 1.0
631015 396412 1.0
3243 96335 1.0
8617 12359 1.0
24043 15076 1.0
19621 123825 1.0
35922 1152162 1.0
3229 27174 1.0
147870 636500 1.0
91038 52515 1.0
118435 118436 1.0
1365 853150 1.0
27174 35343 1.0
255233 33303 1.0
1365 562123 1.0
6917 449841 1.0
5348 1120197 1.0
77758 180373 1.0
8874 8875 1.0
1365 1120211 1.0
11342 79809 1.0
2696 1118083 1.0
34266 34263 1.0
23738 11342 1.0
64319 249858 1.0
23738 84020 1.0
3229 35922 1.0
20584 6311 1.0
5348 911198 1.0
2440 49847 1.0
5348 1118083 1.0
3229 948299 1.0
137790 74749 1.0
2696 2698 1.0
5462 1129111 1.0
193347 193354 1.0
5348 2695 1.0
179180 1110563 1.0
395553 395547 1.0
156977 1152490 1.0
2696 1108169 1.0
910 1105344 1.0
8581 75695 1.0
36145 1104055 1.0
421481 375825 1.0
19621 948299 1.0
12330 213279 1.0
135766 135765 1.0
4330 69418 1.0
5600 255233 1.0
5348 1132968 1.0
25181 25184 1.0
4330 1136397 1.0
2654 1123926 1.0
174425 174418 1.0
28447 1120444 1.0
55403 1128531 1.0
24043 1111265 1.0
2653 59045 1.0
137380 37541 1.0
230884 1131607 1.0
240321 675847 1.0
75695 911198 1.0
5869 910 1.0
1365 237521 1.0
24966 1104449 1.0
108962 159897 1.0
300806 6818 1.0
617378 1130069 1.0
42847 1104379 1.0
285687 285675 1.0
22431 49843 1.0
8224 1108728 1.0
3229 23502 1.0
58268 137956 1.0
12330 400356 1.0
35778 108962 1.0
157401 1118017 1.0
83847 1130678 1.0
628458 628459 1.0
193354 1129835 1.0
27174 180373 1.0
325314 1122704 1.0
30817 631052 1.0
166989 1121063 1.0
71904 239800 1.0
2440 591017 1.0
906 1105344 1.0
1365 340075 1.0
25805 1121063 1.0
4335 35922 1.0
19621 330148 1.0
50336 13269 1.0
560936 91581 1.0
1365 1135137 1.0
910 1129111 1.0
4330 32688 1.0
2696 2695 1.0
1365 23448 1.0
631015 631052 1.0
4335 32698 1.0
8874 608292 1.0
18811 20920 1.0
321861 1117089 1.0
68224 1105574 1.0
5869 1110520 1.0
25181 27174 1.0
28385 118558 1.0
179180 1126037 1.0
4330 12946 1.0
22229 1107418 1.0
95642 1107367 1.0
253762 23116 1.0
3229 92065 1.0
2653 175291 1.0
10174 10186 1.0
8617 36145 1.0
649739 1131464 1.0
100197 688361 1.0
315789 1138027 1.0
107569 1120777 1.0
2702 72056 1.0
245288 1122460 1.0
147870 1109185 1.0
3243 30901 1.0
2440 1107095 1.0
25702 675649 1.0
1365 648232 1.0
35922 396412 1.0
193352 1129835 1.0
4330 390889 1.0
49843 49844 1.0
49811 463825 1.0
3229 1125895 1.0
8617 175291 1.0
174418 636511 1.0
3229 52515 1.0
35343 1118332 1.0
46887 6311 1.0
910 675649 1.0
278403 627024 1.0
240321 675649 1.0
910 35905 1.0
282700 1115375 1.0
4330 151708 1.0
2698 342802 1.0
192870 1114398 1.0
3229 1108834 1.0
71904 95718 1.0
1365 69392 1.0
27606 249858 1.0
8581 1132968 1.0
144701 1128975 1.0
4649 1105887 1.0
108962 310653 1.0
256106 1114192 1.0
910 34355 1.0
67245 67246 1.0
49482 217984 1.0
35922 390896 1.0
230884 1135899 1.0
1365 49482 1.0
151708 1120786 1.0
18777 173863 1.0
240321 428610 1.0
105865 193931 1.0
910 94953 1.0
50980 73972 1.0
8874 395075 1.0
40125 1104258 1.0
1365 157401 1.0
13024 899119 1.0
45533 34266 1.0
135765 6917 1.0
118424 118436 1.0
8224 601567 1.0
1365 1131647 1.0
23502 184918 1.0
5600 1117833 1.0
193352 193347 1.0
240321 1132434 1.0
5454 1130680 1.0
3243 307336 1.0
7272 7297 1.0
77758 1129907 1.0
12330 156977 1.0
166989 25805 1.0
340299 74427 1.0
111866 249858 1.0
8865 608292 1.0
4335 46468 1.0
18777 1112686 1.0
156977 395547 1.0
3229 1126037 1.0
4330 1114352 1.0
13208 1105148 1.0
49482 7297 1.0
19621 62347 1.0
2658 1130808 1.0
2440 49844 1.0
129287 907845 1.0
370366 928873 1.0
75695 139547 1.0
8224 1128531 1.0
108983 683404 1.0
34257 1116974 1.0
8875 1152676 1.0
1365 1152821 1.0
193347 612306 1.0
8224 49844 1.0
2653 1152075 1.0
49843 1106388 1.0
2696 469504 1.0
12359 242637 1.0
284414 1115456 1.0
66990 1152490 1.0
193932 1111240 1.0
2665 43639 1.0
35778 1108389 1.0
25805 1110028 1.0
6818 1121254 1.0
27243 59045 1.0
8224 55403 1.0
123825 42847 1.0
25702 147870 1.0
34257 1106771 1.0
13212 411005 1.0
2665 1105574 1.0
340078 928873 1.0
910 1110520 1.0
19621 1128846 1.0
2440 6917 1.0
232860 1113084 1.0
300806 1133010 1.0
3243 1104055 1.0
751408 1135899 1.0
35922 50337 1.0
139865 1110563 1.0
2665 1131607 1.0
212107 1112071 1.0
910 1135137 1.0
593559 593560 1.0
5454 1128425 1.0
23116 40124 1.0
2695 2698 1.0
4335 1140547 1.0
20821 372862 1.0
45533 1115456 1.0
34257 1114398 1.0
2654 1116842 1.0
143476 1112686 1.0
2654 211906 1.0
193931 193932 1.0
13212 131318 1.0
31863 91581 1.0
49482 1112369 1.0
135766 6917 1.0
8594 1154525 1.0
193931 1111240 1.0
24966 23116 1.0
4335 62417 1.0
358887 79809 1.0
23507 1109392 1.0
12330 1120777 1.0
174425 636511 1.0
6818 390896 1.0
2654 463825 1.0
2658 578347 1.0
910 42847 1.0
15076 708945 1.0
3229 31769 1.0
8224 49847 1.0
8875 1129570 1.0
683355 683404 1.0
23738 1153148 1.0
43639 469504 1.0
19621 23448 1.0
519318 1125906 1.0
267824 69198 1.0
99023 578306 1.0
4330 1110438 1.0
16451 118436 1.0
2665 630817 1.0
35922 1152904 1.0
2440 49811 1.0
2696 1113035 1.0
5348 1123239 1.0
180399 1120084 1.0
1365 948846 1.0
3229 1106568 1.0
3229 1125082 1.0
684986 395553 1.0
675756 1132505 1.0
63549 1105344 1.0
1365 1114388 1.0
3229 83826 1.0
34257 1111186 1.0
24966 145176 1.0
7272 7276 1.0
248395 58552 1.0
77758 910 1.0
1365 1114352 1.0
147870 1132434 1.0
591017 1128856 1.0
30817 1120211 1.0
591016 1128856 1.0
68224 1130680 1.0
5348 342802 1.0
27606 124734 1.0
2440 591016 1.0
14807 264347 1.0
2654 1104851 1.0
578845 593559 1.0
2354 10186 1.0
11093 39199 1.0
6818 37884 1.0
627024 911198 1.0
910 227286 1.0
135766 449841 1.0
49482 631052 1.0
906 1136397 1.0
13212 1105148 1.0
2654 197783 1.0
32276 636500 1.0
22229 243483 1.0
25702 910 1.0
32276 39199 1.0
733534 948147 1.0
582139 1128425 1.0
45533 87482 1.0
118559 1108209 1.0
159897 310653 1.0
36145 1116268 1.0
4649 135765 1.0
5348 256106 1.0
1365 39904 1.0
575795 1128975 1.0
19621 42847 1.0
630817 1130676 1.0
194223 1126044 1.0
8224 62389 1.0
910 1120858 1.0
25184 385572 1.0
1365 1102407 1.0
19621 1106287 1.0
35905 1152162 1.0
184918 171225 1.0
24966 19697 1.0
119712 1114118 1.0
19621 1131464 1.0
19621 649739 1.0
4330 168410 1.0
910 684372 1.0
24966 65212 1.0
145176 1132418 1.0
23738 411092 1.0
11342 463825 1.0
137956 13024 1.0
35922 390894 1.0
23507 217852 1.0
19697 95718 1.0
23738 101662 1.0
24966 1106370 1.0
62347 62333 1.0
4329 46468 1.0
6311 1115677 1.0
8581 75691 1.0
1365 83826 1.0
7297 7276 1.0
2698 1114192 1.0
77758 613409 1.0
75695 1120059 1.0
2665 1132486 1.0
906 910 1.0
6818 50336 1.0
179180 139865 1.0
1365 7276 1.0
575795 595063 1.0
87482 34266 1.0
2696 1114192 1.0
23738 65650 1.0
385572 1120084 1.0
34266 1122642 1.0
34263 87482 1.0
50336 683355 1.0
7276 763181 1.0
137790 1113852 1.0
242637 1113541 1.0
22886 28447 1.0
578306 578347 1.0
853114 853116 1.0
31769 67245 1.0
193918 1111240 1.0
180187 1131719 1.0
2696 99025 1.0
3229 447250 1.0
4335 390889 1.0
1213 1154525 1.0
13212 13208 1.0
64319 111866 1.0
294126 649944 1.0
2658 1115375 1.0
2696 342802 1.0
18251 1106052 1.0
400356 1120777 1.0
358884 358894 1.0
5348 139547 1.0
8581 2665 1.0
212097 1112071 1.0
8865 8875 1.0
62417 41216 1.0
6311 235776 1.0
141596 40125 1.0
85299 23258 1.0
278394 851968 1.0
675847 1132505 1.0
12359 16451 1.0
630890 1130678 1.0
1919 1108389 1.0
46887 45212 1.0
123825 23448 1.0
213279 197783 1.0
3229 1128839 1.0
4649 135766 1.0
105865 193932 1.0
4330 1104449 1.0
193352 612306 1.0
28447 194645 1.0
31769 67246 1.0
2695 342802 1.0
1365 330148 1.0
910 13136 1.0
4649 449841 1.0
8591 709113 1.0
1365 85299 1.0
100197 193931 1.0
22229 595193 1.0
1365 950305 1.0
23738 1118764 1.0
5600 33303 1.0
11148 1131719 1.0
3229 1108209 1.0
58268 899119 1.0
3229 1154169 1.0
12347 72101 1.0
3229 49482 1.0
1365 1154169 1.0
18812 510715 1.0
24966 145134 1.0
112787 1120444 1.0
1365 649731 1.0
853115 853116 1.0
330208 469504 1.0
910 1104379 1.0
35922 1140547 1.0
192870 1111186 1.0
7296 763181 1.0
24974 131042 1.0
522338 683360 1.0
233106 630890 1.0
1365 436796 1.0
123825 649739 1.0
3243 350362 1.0
30817 3229 1.0
684531 684372 1.0
13136 1118083 1.0
8865 785678 1.0
62389 1107325 1.0
74427 1106771 1.0
123825 1131634 1.0
2653 1116842 1.0
3229 96335 1.0
18777 73146 1.0
19621 853116 1.0
58552 1113828 1.0
137359 1118286 1.0
25702 1118848 1.0
45533 1106771 1.0
137790 10186 1.0
2354 74749 1.0
189623 683355 1.0
79809 1121659 1.0
8594 1132809 1.0
46468 27249 1.0
3243 854434 1.0
853114 853155 1.0
34257 368605 1.0
95718 32698 1.0
643734 643777 1.0
330148 23502 1.0
6775 1111240 1.0
123825 447250 1.0
3229 919885 1.0
1365 1129443 1.0
649731 1131464 1.0
137380 1108728 1.0
4330 1132459 1.0
5462 119956 1.0
3229 72101 1.0
2658 1130676 1.0
2658 395540 1.0
227286 1115790 1.0
22886 1107367 1.0
315789 1139195 1.0
3229 1131647 1.0
288107 1123215 1.0
12359 1131634 1.0
35922 1105116 1.0
14807 1111240 1.0
286513 177993 1.0
2654 1110438 1.0
35778 73146 1.0
194223 390922 1.0
2665 230884 1.0
1365 1119140 1.0
32276 84695 1.0
19621 1114153 1.0
260979 1114388 1.0
612306 1131719 1.0
400356 66990 1.0
2653 1116268 1.0
133615 1153866 1.0
12330 949217 1.0
1365 1116594 1.0
27174 25184 1.0
32276 15076 1.0
22229 22241 1.0
40124 1104258 1.0
23502 23507 1.0
118559 1121739 1.0
74749 1113852 1.0
34315 40125 1.0
2698 99025 1.0
194645 248823 1.0
853116 853155 1.0
8594 1213 1.0
370366 1140040 1.0
582139 1130680 1.0
1365 26850 1.0
50337 396412 1.0
19697 131318 1.0
95642 990075 1.0
24974 34315 1.0
19621 7276 1.0
2658 230884 1.0
292277 578845 1.0
237489 2665 1.0
83826 1106287 1.0
49844 1127851 1.0
1365 23502 1.0
5462 910 1.0
22886 1120444 1.0
13212 358884 1.0
108983 310653 1.0
4330 11093 1.0
578365 578306 1.0
1365 949318 1.0
20584 1111788 1.0
100197 447250 1.0
2658 1135899 1.0
32688 69418 1.0
8224 11342 1.0
1365 1120866 1.0
8224 1153148 1.0
39210 66986 1.0
11148 193354 1.0
2654 1152075 1.0
1365 7297 1.0
22241 1128369 1.0
18770 531348 1.0
4330 949217 1.0
307336 285675 1.0
8594 58268 1.0
19697 32698 1.0
2665 99023 1.0
853115 853155 1.0
45533 1104495 1.0
6818 1128425 1.0
139865 1108841 1.0
137790 128203 1.0
12330 107569 1.0
4330 69392 1.0
24974 1112723 1.0
910 1122460 1.0
44121 1104435 1.0
340078 949217 1.0
131318 411005 1.0
4649 6917 1.0
124828 1108169 1.0
1365 90888 1.0
22229 1128369 1.0
213246 1122642 1.0
2665 1122704 1.0
50337 390894 1.0
1365 1132922 1.0
2696 1108050 1.0
23507 649731 1.0
74427 34257 1.0
74427 1116974 1.0
906 1140040 1.0
18777 510718 1.0
560936 562123 1.0
853115 19621 1.0
156977 390889 1.0
649731 123825 1.0
25702 1136397 1.0
19697 239800 1.0
39199 66990 1.0
75121 1105887 1.0
73146 116790 1.0
149139 1123215 1.0
152731 1109392 1.0
2440 1061127 1.0
2698 256106 1.0
853118 1140289 1.0
3243 368431 1.0
5348 1114192 1.0
24966 95719 1.0
