210871 273152 1.0
1365 22835 1.0
22563 1103394 1.0
82920 1127913 1.0
35 575077 1.0
42221 57948 1.0
28350 241133 1.0
1365 39904 1.0
574009 594900 1.0
36620 120039 1.0
46079 1152569 1.0
46547 1786 1.0
87417 289780 1.0
159084 1152711 1.0
853114 853116 1.0
35778 108962 1.0
127033 1108267 1.0
28254 686015 1.0
107569 1120777 1.0
16476 16474 1.0
210871 568857 1.0
252715 601561 1.0
7297 763181 1.0
32083 346292 1.0
563613 31927 1.0
35 735303 1.0
35061 682815 1.0
1999 6771 1.0
35061 240791 1.0
6213 153598 1.0
35 69296 1.0
89335 59244 1.0
137868 1131300 1.0
545647 582511 1.0
4335 32698 1.0
46887 235776 1.0
10531 31336 1.0
35 81722 1.0
5454 1105574 1.0
245288 1122460 1.0
7419 1107312 1.0
7032 323128 1.0
46501 1153275 1.0
56708 28287 1.0
1953 1949 1.0
35335 168958 1.0
193347 612306 1.0
397590 1120650 1.0
3222 1103737 1.0
81714 81722 1.0
167670 1123068 1.0
5069 1120563 1.0
503893 646837 1.0
39165 39126 1.0
89416 137130 1.0
634902 634975 1.0
2665 578306 1.0
906 1114352 1.0
2665 1115375 1.0
8703 89335 1.0
44455 128540 1.0
70970 1129683 1.0
28290 28287 1.0
6213 241133 1.0
103482 1119140 1.0
6935 1106388 1.0
506 1102364 1.0
31927 194617 1.0
6311 1114864 1.0
4329 395547 1.0
6925 1114526 1.0
18812 510715 1.0
8872 197054 1.0
51909 173884 1.0
108983 310653 1.0
208345 55801 1.0
28230 1123756 1.0
152483 583318 1.0
31489 632874 1.0
32083 35061 1.0
85352 561238 1.0
143323 217139 1.0
35778 73146 1.0
887 595056 1.0
289779 289780 1.0
13205 13208 1.0
22835 39904 1.0
15076 708945 1.0
24974 40125 1.0
31353 1063773 1.0
6238 1130356 1.0
16437 16474 1.0
887 299197 1.0
56167 359067 1.0
354004 1118546 1.0
574264 576795 1.0
162075 737204 1.0
134316 142268 1.0
230879 2658 1.0
287787 647447 1.0
4878 1102567 1.0
50838 25794 1.0
13212 1105148 1.0
8591 1154525 1.0
189856 683404 1.0
35 1128204 1.0
28290 1107674 1.0
466170 66794 1.0
57773 235670 1.0
688824 1133008 1.0
108983 683404 1.0
14062 1119708 1.0
28504 7430 1.0
82666 101143 1.0
36140 350373 1.0
755082 1136393 1.0
2440 1061127 1.0
103515 1113742 1.0
15076 25702 1.0
84021 18582 1.0
18811 20920 1.0
112378 1121459 1.0
633081 1130780 1.0
1365 436796 1.0
248395 58552 1.0
503883 1131374 1.0
5062 1120563 1.0
642930 1131184 1.0
35 634904 1.0
284025 949217 1.0
70444 128383 1.0
910 340078 1.0
646913 647413 1.0
34315 40125 1.0
4330 137873 1.0
9708 1153003 1.0
566664 3085 1.0
5075 5069 1.0
577227 1131752 1.0
230879 578309 1.0
575292 1131734 1.0
562940 61417 1.0
643199 1131198 1.0
6213 1111304 1.0
74698 134307 1.0
68224 582139 1.0
35 33904 1.0
2440 1107095 1.0
13195 755217 1.0
31353 43698 1.0
23070 74698 1.0
1481 521269 1.0
3222 167656 1.0
3220 1128430 1.0
22564 10435 1.0
292277 578845 1.0
263498 1152761 1.0
645088 645084 1.0
287787 634938 1.0
16437 51831 1.0
134320 23069 1.0
28957 28964 1.0
24043 1111265 1.0
28964 1125402 1.0
24966 1152194 1.0
32083 31769 1.0
561610 561595 1.0
17476 1129208 1.0
139738 1108834 1.0
56115 62718 1.0
4330 299197 1.0
134315 23069 1.0
35 1130856 1.0
561674 562067 1.0
24966 40124 1.0
27623 686061 1.0
8594 709113 1.0
568857 1153816 1.0
27627 18619 1.0
189856 683355 1.0
330148 23502 1.0
202639 1154123 1.0
103515 246618 1.0
567018 1127812 1.0
39126 88356 1.0
4330 1112929 1.0
57948 1114526 1.0
3240 3233 1.0
1213 8766 1.0
4329 105899 1.0
70444 1108329 1.0
10169 39126 1.0
39127 277263 1.0
10435 41417 1.0
35 1129573 1.0
31483 1131137 1.0
506 1106546 1.0
688849 1133010 1.0
63931 136768 1.0
198866 1153728 1.0
162080 1135345 1.0
756061 1136447 1.0
83725 62718 1.0
202639 643597 1.0
42221 248119 1.0
5062 5064 1.0
116552 246618 1.0
17798 1152308 1.0
6311 69397 1.0
5062 28026 1.0
2440 1000012 1.0
6818 37884 1.0
93555 284025 1.0
35 18582 1.0
4335 46468 1.0
193352 193354 1.0
12169 4637 1.0
17242 1115291 1.0
194617 215912 1.0
194609 563613 1.0
42156 1116594 1.0
180301 1110628 1.0
34708 120039 1.0
504 1112650 1.0
289781 1128453 1.0
108983 159897 1.0
853115 853114 1.0
5454 1128425 1.0
175256 1133196 1.0
42209 27199 1.0
20584 1118823 1.0
28504 131315 1.0
35 1131116 1.0
153598 1113459 1.0
82920 307015 1.0
416964 127940 1.0
82920 1125492 1.0
35 287787 1.0
672070 1154123 1.0
205192 1132968 1.0
95588 95579 1.0
89416 1106546 1.0
103529 1107171 1.0
7272 7276 1.0
58540 181782 1.0
20584 235776 1.0
46547 107251 1.0
5086 79809 1.0
4329 28254 1.0
70442 1107215 1.0
28385 118558 1.0
25702 1136397 1.0
14531 1152308 1.0
672070 1132443 1.0
27895 105057 1.0
4335 239800 1.0
70444 70442 1.0
672071 1132443 1.0
906 1103979 1.0
17476 1122425 1.0
35 1128959 1.0
1365 1116594 1.0
5086 129896 1.0
235679 689439 1.0
75972 592830 1.0
56115 56119 1.0
5069 385067 1.0
573535 693143 1.0
8703 173884 1.0
97645 593091 1.0
4330 684986 1.0
1481 1108267 1.0
6782 1123068 1.0
65074 87915 1.0
6814 293974 1.0
35 574009 1.0
50354 14807 1.0
87915 142268 1.0
102939 102938 1.0
2658 282700 1.0
68224 1130680 1.0
56119 63832 1.0
5462 119956 1.0
634938 1130847 1.0
101662 1107095 1.0
31353 686559 1.0
593091 593248 1.0
503893 33904 1.0
4637 164 1.0
46491 389715 1.0
287787 634975 1.0
35 231249 1.0
31353 31927 1.0
15431 35854 1.0
219446 1127812 1.0
6818 390896 1.0
1688 69284 1.0
1365 648232 1.0
12197 1119471 1.0
1997 7032 1.0
1952 1949 1.0
137849 17242 1.0
6741 9708 1.0
145176 40124 1.0
35 286500 1.0
179180 139865 1.0
212097 1112071 1.0
2658 1132948 1.0
141596 40125 1.0
265203 86359 1.0
145315 294126 1.0
504 89416 1.0
28350 28227 1.0
79809 1131466 1.0
134316 1117920 1.0
10169 39131 1.0
65074 74698 1.0
178209 195150 1.0
28254 686061 1.0
63931 13717 1.0
85352 1154459 1.0
12576 135130 1.0
3085 30973 1.0
41714 594047 1.0
20193 144330 1.0
27623 686030 1.0
142268 1110209 1.0
24966 95719 1.0
24043 928873 1.0
6213 13960 1.0
358887 358894 1.0
42156 340299 1.0
69284 69296 1.0
753264 767763 1.0
28491 782486 1.0
8865 103515 1.0
37888 293974 1.0
153063 561581 1.0
24966 1123576 1.0
13212 13208 1.0
8703 1105428 1.0
8703 308232 1.0
1365 69392 1.0
6213 1116347 1.0
284023 346292 1.0
20193 1153879 1.0
231198 144408 1.0
12576 83725 1.0
6385 28473 1.0
683355 683404 1.0
40886 141868 1.0
642593 1131163 1.0
17476 1103162 1.0
910 1105344 1.0
85352 640617 1.0
230879 1132486 1.0
14531 56167 1.0
1365 948846 1.0
4330 12946 1.0
161221 1153922 1.0
6213 628668 1.0
35 135130 1.0
39127 592826 1.0
52515 446271 1.0
64519 154134 1.0
103531 1107171 1.0
4335 755082 1.0
27632 28254 1.0
2658 230884 1.0
6213 17208 1.0
33895 1153577 1.0
513189 573964 1.0
4330 4329 1.0
97645 33907 1.0
231198 1153922 1.0
3223 1132157 1.0
36802 189856 1.0
6935 1115670 1.0
24476 1153024 1.0
39130 36620 1.0
36802 37888 1.0
35 1153280 1.0
293974 1125469 1.0
267003 75121 1.0
103531 656048 1.0
12576 56119 1.0
35061 45605 1.0
28485 168410 1.0
578337 99023 1.0
35 575331 1.0
28227 6169 1.0
235683 235670 1.0
85352 1152421 1.0
853114 853155 1.0
9708 136768 1.0
2702 1120777 1.0
37884 300071 1.0
18834 1152944 1.0
44017 206524 1.0
128540 387795 1.0
8874 8875 1.0
35 1123756 1.0
22563 1121459 1.0
24974 1104258 1.0
576795 1128201 1.0
578365 578309 1.0
46452 582343 1.0
280876 1115291 1.0
17476 170338 1.0
56112 127033 1.0
4335 1140547 1.0
35 574462 1.0
2658 236759 1.0
671269 1132443 1.0
44368 1128227 1.0
24476 1106546 1.0
1365 1113995 1.0
2665 578309 1.0
643695 643597 1.0
910 58552 1.0
3217 238099 1.0
31353 194617 1.0
10798 601561 1.0
230879 696345 1.0
18536 1106854 1.0
116084 116087 1.0
4330 46468 1.0
18773 88356 1.0
3085 395725 1.0
358866 79809 1.0
672070 672071 1.0
763010 762980 1.0
1999 1123068 1.0
262178 85449 1.0
139865 1108841 1.0
19697 131318 1.0
35 66556 1.0
10531 43698 1.0
48764 1104647 1.0
1481 1119295 1.0
17798 56167 1.0
561789 1127551 1.0
593559 593560 1.0
12576 8875 1.0
73146 116790 1.0
32688 69418 1.0
189623 683355 1.0
2665 630817 1.0
9708 1130539 1.0
6814 37884 1.0
108974 1133417 1.0
85299 23258 1.0
56112 83725 1.0
562940 1127619 1.0
85449 1120169 1.0
36140 323128 1.0
1688 44368 1.0
36140 105057 1.0
365294 7430 1.0
56115 63486 1.0
182093 197054 1.0
8865 8875 1.0
56119 1105221 1.0
127033 416455 1.0
184157 95435 1.0
31353 1152162 1.0
144330 63486 1.0
263498 1153860 1.0
48768 1104647 1.0
753070 753264 1.0
6741 348437 1.0
75674 686015 1.0
40886 654177 1.0
231249 1127913 1.0
1365 1119140 1.0
711994 1134197 1.0
24974 1112723 1.0
42156 1152179 1.0
430711 1132416 1.0
853115 853116 1.0
239810 359067 1.0
121792 1152394 1.0
35 887 1.0
577331 1128227 1.0
35 1133196 1.0
300806 6818 1.0
2665 395540 1.0
162080 1109830 1.0
2658 99023 1.0
11326 11339 1.0
99023 578347 1.0
56167 1152308 1.0
6818 293974 1.0
84021 1133047 1.0
202639 242637 1.0
143801 284025 1.0
82666 3097 1.0
240791 650834 1.0
98693 1152358 1.0
28485 23258 1.0
235683 235679 1.0
35 263498 1.0
23258 18251 1.0
1949 3101 1.0
39127 1128935 1.0
4329 1110768 1.0
1919 1108389 1.0
12576 62718 1.0
179702 141171 1.0
270600 1114838 1.0
17201 1126012 1.0
40605 40583 1.0
7272 7297 1.0
27627 686030 1.0
56709 308529 1.0
154023 1112106 1.0
8594 1132809 1.0
12576 1107674 1.0
17201 95435 1.0
184918 330148 1.0
2440 23546 1.0
10183 1120713 1.0
13195 1107312 1.0
910 1116569 1.0
400356 66990 1.0
230879 1132948 1.0
640617 259702 1.0
28957 103537 1.0
97390 33907 1.0
38537 137868 1.0
33895 593813 1.0
61417 94416 1.0
753047 1136631 1.0
5064 1121176 1.0
36620 189620 1.0
503877 1153577 1.0
3236 3233 1.0
126912 66990 1.0
28350 628668 1.0
29492 1122574 1.0
35 594047 1.0
6213 28485 1.0
6385 55968 1.0
57922 57948 1.0
645088 1131277 1.0
71904 239800 1.0
4330 1136397 1.0
7272 763181 1.0
249421 567018 1.0
35 141342 1.0
10798 252715 1.0
51909 1105428 1.0
8594 1213 1.0
2665 1132486 1.0
101811 151430 1.0
129042 1121313 1.0
375825 1119623 1.0
4330 1152917 1.0
22563 3220 1.0
3220 654177 1.0
153063 561610 1.0
159084 241821 1.0
608190 608191 1.0
33907 1103960 1.0
198866 73327 1.0
205192 99030 1.0
235678 689439 1.0
18774 73146 1.0
1365 1152143 1.0
17201 184157 1.0
219446 249421 1.0
18777 73146 1.0
143323 1130539 1.0
6209 181782 1.0
3240 1131137 1.0
89416 65074 1.0
10183 10430 1.0
28350 1129243 1.0
35 503883 1.0
1365 7297 1.0
22563 1120962 1.0
582343 1128437 1.0
910 1108834 1.0
35 1131752 1.0
8865 395075 1.0
39127 75972 1.0
628667 628668 1.0
1365 1152821 1.0
143323 154134 1.0
27627 27632 1.0
31489 40583 1.0
642641 645084 1.0
9581 633585 1.0
370366 928873 1.0
385067 272345 1.0
12576 1129573 1.0
753047 753264 1.0
35 46079 1.0
194617 1124844 1.0
284023 1152959 1.0
35 646837 1.0
46079 69284 1.0
578337 696346 1.0
3220 1115677 1.0
10169 85452 1.0
75969 591017 1.0
152483 593091 1.0
35905 1152272 1.0
49811 3233 1.0
346292 1152958 1.0
39130 39131 1.0
101143 596075 1.0
6935 1120650 1.0
6209 168410 1.0
189566 189856 1.0
4330 1136393 1.0
27623 28254 1.0
37888 1152633 1.0
28504 1153287 1.0
43698 1129442 1.0
395553 395547 1.0
29492 131117 1.0
8703 101145 1.0
18832 682666 1.0
114308 63835 1.0
10169 63477 1.0
35 634975 1.0
35 576725 1.0
2440 1120650 1.0
45212 120013 1.0
1365 1135137 1.0
1481 521207 1.0
15670 12558 1.0
23070 134316 1.0
10169 63486 1.0
29492 144408 1.0
111866 249858 1.0
1365 1110494 1.0
19697 239800 1.0
25702 202639 1.0
66751 693143 1.0
19697 95718 1.0
193918 1111240 1.0
141868 429805 1.0
22563 22566 1.0
60682 63477 1.0
566653 3085 1.0
18777 18774 1.0
27623 75674 1.0
189566 36802 1.0
39127 116087 1.0
6935 1000012 1.0
6169 7419 1.0
230884 1132486 1.0
40124 1112723 1.0
3236 167670 1.0
6213 128 1.0
2440 151430 1.0
144408 219446 1.0
39199 39210 1.0
48766 1104647 1.0
910 1110520 1.0
6209 95579 1.0
28249 1129096 1.0
65074 142268 1.0
561581 646440 1.0
154023 1133846 1.0
86359 18834 1.0
2440 212777 1.0
576362 568857 1.0
178718 1110546 1.0
210872 593260 1.0
513189 787016 1.0
8874 395075 1.0
137868 1131277 1.0
341188 682666 1.0
82920 1119708 1.0
77108 1138043 1.0
35 387795 1.0
28504 95589 1.0
270456 203646 1.0
35 1130847 1.0
25702 1118848 1.0
17811 63486 1.0
20193 1119180 1.0
45605 1033 1.0
683294 1132857 1.0
1953 1153724 1.0
6213 218410 1.0
696345 696342 1.0
107251 389715 1.0
82920 1152421 1.0
132806 593260 1.0
6935 238099 1.0
28957 66794 1.0
103537 126912 1.0
18313 249421 1.0
35 178727 1.0
39127 1128881 1.0
66990 1152490 1.0
31489 1130780 1.0
646809 1154076 1.0
693143 695284 1.0
202639 1117348 1.0
503883 646913 1.0
756061 1136110 1.0
1365 93555 1.0
13717 37998 1.0
503877 1154076 1.0
1365 171225 1.0
31483 39126 1.0
7419 1113182 1.0
8594 8591 1.0
191222 191216 1.0
8594 1154525 1.0
126926 103543 1.0
6741 411092 1.0
6213 1129243 1.0
375605 1119505 1.0
910 1129111 1.0
17811 1107136 1.0
24974 6771 1.0
35 1127913 1.0
6213 58540 1.0
6238 10793 1.0
28026 5064 1.0
1997 1102442 1.0
69198 231198 1.0
2665 230884 1.0
2665 1132968 1.0
151430 1115670 1.0
6741 83725 1.0
287787 1130856 1.0
35 229635 1.0
206371 69296 1.0
12330 1153861 1.0
56709 18834 1.0
137868 1110000 1.0
6213 1113182 1.0
31353 1129442 1.0
31353 1152272 1.0
887 134128 1.0
1365 237521 1.0
12439 105057 1.0
24966 145176 1.0
3223 167656 1.0
6935 101660 1.0
148341 1131116 1.0
10798 212777 1.0
31353 286562 1.0
111676 89308 1.0
260121 1114352 1.0
17798 323128 1.0
5064 272345 1.0
58453 87417 1.0
2440 63931 1.0
35 44368 1.0
129045 1108363 1.0
66990 39210 1.0
35 594649 1.0
4330 1109439 1.0
1688 647413 1.0
79817 1131466 1.0
6213 353541 1.0
82920 259702 1.0
1959 1153728 1.0
1365 161221 1.0
35 1128314 1.0
2658 395540 1.0
153063 645084 1.0
4335 62417 1.0
35 646809 1.0
35 647408 1.0
240791 1113438 1.0
910 1135137 1.0
37483 1130539 1.0
85352 1153280 1.0
29492 1112426 1.0
3187 129897 1.0
137790 2354 1.0
63915 6935 1.0
58552 1113828 1.0
35778 108983 1.0
18777 103537 1.0
10798 434 1.0
647315 1154076 1.0
35 289780 1.0
3233 1114222 1.0
20193 1153889 1.0
82920 513189 1.0
682508 1132857 1.0
210871 35 1.0
6385 892139 1.0
575292 1138968 1.0
132821 695284 1.0
24476 1103499 1.0
684986 395553 1.0
46452 1153091 1.0
162075 162080 1.0
696345 236759 1.0
44017 48075 1.0
35 97645 1.0
116084 568045 1.0
40605 884094 1.0
39127 116084 1.0
35 1688 1.0
198653 1113551 1.0
194617 31932 1.0
6213 595056 1.0
136767 136766 1.0
18615 582343 1.0
65074 1110209 1.0
503893 1153577 1.0
763009 1136449 1.0
123556 14807 1.0
8703 27535 1.0
35061 1152761 1.0
45605 682815 1.0
1688 39474 1.0
14062 98693 1.0
593544 1128982 1.0
79809 79817 1.0
259701 1114331 1.0
32083 1113995 1.0
35 1117476 1.0
85449 1152290 1.0
17208 184157 1.0
14062 1153280 1.0
568857 1129629 1.0
6767 1114864 1.0
95718 32698 1.0
16437 395725 1.0
35 289779 1.0
35 1103985 1.0
28287 308529 1.0
103528 1107171 1.0
37888 1125469 1.0
33904 1103960 1.0
141342 575292 1.0
24966 79809 1.0
131318 411005 1.0
35 1137466 1.0
2440 136766 1.0
696343 1133428 1.0
6209 28485 1.0
29708 131315 1.0
633081 31489 1.0
2658 696345 1.0
29723 35905 1.0
2658 696346 1.0
325314 1122704 1.0
1688 1153065 1.0
253971 1129621 1.0
5075 5064 1.0
31489 633585 1.0
33895 1154176 1.0
93555 119761 1.0
579108 1128314 1.0
66794 1105505 1.0
66751 1138043 1.0
134314 1116044 1.0
82920 1128198 1.0
767763 1136631 1.0
43698 31349 1.0
35 1154459 1.0
906 34355 1.0
35 1114331 1.0
63915 145215 1.0
561593 1131223 1.0
6209 8213 1.0
5454 1130680 1.0
134307 134316 1.0
39199 66990 1.0
152226 1102400 1.0
131315 411005 1.0
10798 8703 1.0
1365 23502 1.0
12330 107569 1.0
3236 601561 1.0
503883 1154076 1.0
77108 77112 1.0
7419 1117760 1.0
23069 74700 1.0
259702 1131116 1.0
263069 148341 1.0
360028 1118823 1.0
16470 1129621 1.0
6213 1109957 1.0
67584 1127566 1.0
6213 134128 1.0
79809 31863 1.0
20193 1130653 1.0
18832 1122425 1.0
3222 1131137 1.0
4329 1111304 1.0
35 787016 1.0
89308 101145 1.0
82920 35 1.0
592826 1128935 1.0
3233 1125467 1.0
189620 1133417 1.0
35 801170 1.0
25791 45212 1.0
20193 1108597 1.0
561809 1127558 1.0
85352 576691 1.0
92065 1106671 1.0
33904 1110546 1.0
14807 264347 1.0
1365 1114352 1.0
75969 1105932 1.0
6378 1122425 1.0
27535 1112026 1.0
5064 1120563 1.0
4330 1103676 1.0
241133 1113459 1.0
522338 1132864 1.0
142268 1117920 1.0
220420 1128227 1.0
289780 1128453 1.0
6213 1106547 1.0
13966 13960 1.0
35 573978 1.0
145315 649944 1.0
91581 358894 1.0
10435 22566 1.0
24966 63549 1.0
193352 612306 1.0
40886 1131728 1.0
6169 20526 1.0
307015 39474 1.0
82666 1106236 1.0
57932 6925 1.0
82664 3097 1.0
41417 1113551 1.0
110041 1152358 1.0
35061 503871 1.0
358866 358894 1.0
131317 411005 1.0
44514 210871 1.0
22563 389715 1.0
35 577227 1.0
561595 561581 1.0
63486 509379 1.0
119761 143801 1.0
20193 30973 1.0
2658 1130676 1.0
136766 348437 1.0
35 1033 1.0
504 1102364 1.0
175256 682815 1.0
82920 70970 1.0
35 647447 1.0
28227 20526 1.0
40124 1104258 1.0
56115 63832 1.0
910 227286 1.0
35 634938 1.0
203646 1116569 1.0
72406 1105764 1.0
85452 1120169 1.0
3097 1949 1.0
341188 1117942 1.0
9708 181782 1.0
646809 646913 1.0
145384 95589 1.0
28487 1153056 1.0
27623 27632 1.0
75969 592830 1.0
10798 1154500 1.0
2440 591016 1.0
131117 212930 1.0
35 56119 1.0
10169 17798 1.0
86923 1114184 1.0
27510 1110998 1.0
1365 7276 1.0
159897 683355 1.0
23070 1116044 1.0
630817 1130676 1.0
28964 1125944 1.0
2665 1122704 1.0
5462 1129111 1.0
6378 28473 1.0
633585 884094 1.0
39127 46476 1.0
35 1136814 1.0
132806 45599 1.0
1365 1132922 1.0
263069 1131116 1.0
179702 1121569 1.0
10183 6378 1.0
210871 575077 1.0
210871 1128151 1.0
6814 300071 1.0
1481 399173 1.0
42221 27199 1.0
93273 989397 1.0
13193 755217 1.0
31353 1124844 1.0
2665 696346 1.0
576257 594649 1.0
5086 1105698 1.0
18615 1000012 1.0
82920 81714 1.0
73327 1153724 1.0
2440 582343 1.0
18777 79817 1.0
235683 1154524 1.0
1997 1109439 1.0
10169 158614 1.0
10531 1130634 1.0
67292 1105530 1.0
696345 696346 1.0
35 1128985 1.0
270456 63549 1.0
5064 5069 1.0
139865 1110563 1.0
6213 28227 1.0
202522 446271 1.0
684972 395547 1.0
1997 49811 1.0
258259 168958 1.0
103482 27510 1.0
63931 136766 1.0
87417 1128453 1.0
56112 1107674 1.0
22563 12439 1.0
137790 74749 1.0
20193 1114777 1.0
95597 95579 1.0
66794 1153031 1.0
14062 1154459 1.0
230879 578337 1.0
1959 82664 1.0
35 575292 1.0
31083 1123068 1.0
20193 566653 1.0
194609 31927 1.0
6213 299197 1.0
910 35905 1.0
131122 212930 1.0
6130 1132461 1.0
35 27510 1.0
261040 1117184 1.0
906 1136397 1.0
133628 1108570 1.0
289780 1153784 1.0
910 1152194 1.0
739707 950305 1.0
7430 1153287 1.0
24966 202639 1.0
561581 561582 1.0
82920 98698 1.0
32083 45605 1.0
103482 27514 1.0
5062 5069 1.0
672064 6130 1.0
79809 1121659 1.0
63486 96845 1.0
13208 1105148 1.0
75969 1128935 1.0
35 335733 1.0
910 28278 1.0
503877 1131374 1.0
85352 593091 1.0
653628 1133930 1.0
58268 899119 1.0
235683 235678 1.0
111770 1119623 1.0
12439 323128 1.0
14062 97390 1.0
19697 32698 1.0
27627 105899 1.0
29723 131315 1.0
36140 112378 1.0
24966 131042 1.0
1688 576725 1.0
2702 12330 1.0
65074 65057 1.0
1481 1111614 1.0
131042 40125 1.0
93273 248119 1.0
67584 1127558 1.0
44455 1128985 1.0
230884 1135899 1.0
97377 39130 1.0
108974 108963 1.0
6238 1123991 1.0
521207 521269 1.0
4335 116790 1.0
35 48766 1.0
561789 562067 1.0
2665 1132948 1.0
28957 159897 1.0
63549 1105344 1.0
35 503893 1.0
566653 566664 1.0
3220 1131728 1.0
93555 1152958 1.0
612306 1131719 1.0
2440 27230 1.0
46491 46547 1.0
39127 195150 1.0
6782 463825 1.0
646913 1131359 1.0
85352 1127430 1.0
112099 1114777 1.0
6169 1130567 1.0
101143 101145 1.0
2658 1135899 1.0
74749 1113852 1.0
31489 633721 1.0
573964 576691 1.0
23502 184918 1.0
18773 167656 1.0
56115 69284 1.0
129045 1121313 1.0
230879 205192 1.0
35 103482 1.0
11148 1131719 1.0
22835 1110563 1.0
85352 1153943 1.0
18811 1112686 1.0
28287 387795 1.0
12576 574710 1.0
35061 48766 1.0
205192 578337 1.0
31769 67245 1.0
5086 354004 1.0
141171 1121569 1.0
31489 9581 1.0
35 85352 1.0
8703 51909 1.0
11339 45061 1.0
159897 310653 1.0
4330 37884 1.0
35 84021 1.0
145384 7430 1.0
230884 751408 1.0
28249 1116347 1.0
127940 243274 1.0
20584 1111788 1.0
65057 134307 1.0
198653 1130539 1.0
33895 33904 1.0
6213 1107355 1.0
27895 1103676 1.0
193352 1129835 1.0
131117 152219 1.0
145384 1153287 1.0
8872 1152761 1.0
219446 567018 1.0
177115 5069 1.0
2440 1106388 1.0
10531 1129442 1.0
8594 180187 1.0
1952 1107215 1.0
141342 35061 1.0
56112 56115 1.0
112378 654177 1.0
63931 6939 1.0
2665 751408 1.0
8594 58268 1.0
262178 1114442 1.0
73327 1153728 1.0
1688 1136814 1.0
910 340075 1.0
230879 230884 1.0
35061 1153860 1.0
287787 634904 1.0
1999 1102442 1.0
4330 119956 1.0
35 41714 1.0
400473 131117 1.0
340078 949217 1.0
35061 263498 1.0
18251 1106052 1.0
45605 503871 1.0
1365 184918 1.0
70444 70441 1.0
178727 1110546 1.0
6935 18615 1.0
591016 591017 1.0
73146 1108389 1.0
240791 503871 1.0
633081 632796 1.0
6385 6378 1.0
17488 1103162 1.0
563613 1129572 1.0
284023 1152958 1.0
2354 1113852 1.0
307015 1131198 1.0
1365 1136422 1.0
1365 1102407 1.0
1365 1135368 1.0
887 12576 1.0
6385 1103162 1.0
6213 1117942 1.0
148170 1109199 1.0
46501 57764 1.0
4330 1104449 1.0
11093 39199 1.0
289781 289780 1.0
9581 1130780 1.0
103515 1128314 1.0
248395 1113828 1.0
64319 111866 1.0
6209 212930 1.0
40886 429805 1.0
35 594900 1.0
35 86359 1.0
82920 1153943 1.0
39165 1131137 1.0
753047 1136634 1.0
887 1111304 1.0
35 694759 1.0
561611 561610 1.0
65074 1117920 1.0
2440 1108551 1.0
1953 1153728 1.0
55770 1114777 1.0
28278 1107312 1.0
762980 1136446 1.0
23070 87915 1.0
35 98698 1.0
40 1114442 1.0
158812 1127812 1.0
12169 1119471 1.0
3097 1106236 1.0
671293 1132443 1.0
37483 2440 1.0
22566 1103394 1.0
72056 1135122 1.0
69198 411005 1.0
82920 84021 1.0
127940 1114364 1.0
608190 70970 1.0
206524 48075 1.0
145215 429805 1.0
58758 1128204 1.0
1365 1114605 1.0
3187 280876 1.0
763010 1136447 1.0
46887 6311 1.0
132806 48766 1.0
2665 1131607 1.0
594047 1129629 1.0
10531 31349 1.0
662250 1132073 1.0
910 131042 1.0
6213 755217 1.0
40605 633721 1.0
82920 1129683 1.0
141342 70970 1.0
202639 672064 1.0
28249 628668 1.0
287787 634902 1.0
645084 1131277 1.0
34708 211432 1.0
230879 696343 1.0
35 1127430 1.0
642920 642930 1.0
11148 193354 1.0
103430 75318 1.0
14531 1105932 1.0
3097 1952 1.0
1997 1109542 1.0
763010 1136446 1.0
6767 235776 1.0
145176 1112723 1.0
633030 633031 1.0
513189 576691 1.0
430329 127940 1.0
646900 646913 1.0
4330 120013 1.0
135130 416455 1.0
37483 5959 1.0
136767 348437 1.0
446610 300071 1.0
853115 853155 1.0
6213 1130567 1.0
1365 949318 1.0
95594 7430 1.0
10174 10186 1.0
6741 51909 1.0
193354 1129835 1.0
35 1129027 1.0
824245 1139009 1.0
14062 44368 1.0
105899 1111304 1.0
2440 591017 1.0
384428 1120019 1.0
46547 389715 1.0
1688 1134022 1.0
35 28290 1.0
35 1113438 1.0
318187 1116922 1.0
35 197054 1.0
504 506 1.0
40886 145215 1.0
34355 1103979 1.0
3220 36620 1.0
123556 50354 1.0
35905 1152904 1.0
18777 66794 1.0
578845 593559 1.0
887 265203 1.0
107569 1107385 1.0
647447 577331 1.0
38537 153063 1.0
24966 239800 1.0
5062 521207 1.0
20584 389715 1.0
1365 85299 1.0
56167 239810 1.0
28350 6210 1.0
7296 763181 1.0
156977 390889 1.0
13193 17208 1.0
10183 1108267 1.0
7297 763010 1.0
39127 592830 1.0
8591 709113 1.0
108974 108962 1.0
56708 308529 1.0
1959 3097 1.0
8875 608292 1.0
910 755217 1.0
137868 1154068 1.0
24966 19697 1.0
5075 1120563 1.0
3223 167670 1.0
35061 1113438 1.0
2658 578347 1.0
906 910 1.0
249421 1127812 1.0
85299 299197 1.0
8872 395075 1.0
154023 154047 1.0
84021 98698 1.0
182094 197054 1.0
210871 1129629 1.0
58268 137956 1.0
3101 70441 1.0
35 265203 1.0
18532 86923 1.0
31483 39165 1.0
29723 300071 1.0
1365 950305 1.0
108962 159897 1.0
240791 45605 1.0
101811 1153064 1.0
35 568857 1.0
578365 578306 1.0
35 608326 1.0
46547 1118823 1.0
63835 1110531 1.0
756061 1136446 1.0
10798 20193 1.0
82920 1154459 1.0
7032 1109439 1.0
561613 561568 1.0
36620 1128430 1.0
108983 108962 1.0
6741 49895 1.0
14062 1152421 1.0
47570 385067 1.0
134314 134316 1.0
137790 1113852 1.0
178718 69296 1.0
13212 214472 1.0
503883 646809 1.0
910 242637 1.0
153063 561568 1.0
242637 1113541 1.0
1952 3101 1.0
97390 1152358 1.0
6213 7419 1.0
4330 753265 1.0
193352 193347 1.0
27510 1152143 1.0
103515 1127913 1.0
218410 134128 1.0
8874 646809 1.0
178209 75972 1.0
8591 167205 1.0
575077 608190 1.0
202639 144408 1.0
35 8865 1.0
20193 566488 1.0
35 1119505 1.0
1481 1114864 1.0
51909 502574 1.0
27510 188318 1.0
179706 141171 1.0
29723 6818 1.0
4335 1136397 1.0
2440 1153254 1.0
1999 39126 1.0
119712 1114118 1.0
210871 198653 1.0
35778 1108389 1.0
646809 1131374 1.0
3240 39130 1.0
35 141347 1.0
85452 1152290 1.0
31336 686532 1.0
6385 17476 1.0
379288 67633 1.0
128383 1108329 1.0
5959 152226 1.0
126909 103543 1.0
41714 1033 1.0
4335 1136310 1.0
27535 173884 1.0
153063 561613 1.0
8865 647408 1.0
136665 23258 1.0
1365 1105062 1.0
887 6213 1.0
35 1131360 1.0
576362 286500 1.0
3085 5062 1.0
6213 1113459 1.0
35 634902 1.0
20193 1130657 1.0
31353 1123576 1.0
506 89416 1.0
28287 567005 1.0
12337 1129683 1.0
20193 1116839 1.0
2658 1115375 1.0
31336 1129442 1.0
20193 1153877 1.0
68224 1105574 1.0
52515 39199 1.0
36131 17208 1.0
18536 424540 1.0
16437 430329 1.0
20193 1116397 1.0
82920 608326 1.0
10435 112378 1.0
12576 1105221 1.0
10531 1102850 1.0
6213 299195 1.0
390693 1131639 1.0
2665 1105574 1.0
17201 1118245 1.0
65074 134307 1.0
287787 1123756 1.0
210871 81714 1.0
8872 229635 1.0
141342 1119708 1.0
35 198653 1.0
3220 1130634 1.0
28350 13193 1.0
591017 1128856 1.0
18777 33013 1.0
56119 1104999 1.0
578845 593560 1.0
33895 1103960 1.0
24966 131318 1.0
633585 633721 1.0
156977 1153861 1.0
58268 13024 1.0
31353 31349 1.0
75318 1121569 1.0
85352 66556 1.0
182094 1131550 1.0
646900 1131360 1.0
3217 1000012 1.0
178209 116084 1.0
358884 358894 1.0
108962 310653 1.0
1949 129042 1.0
191222 708945 1.0
270600 1153003 1.0
56115 1104999 1.0
126926 126909 1.0
910 1140040 1.0
179180 1110563 1.0
87915 1110209 1.0
6213 672064 1.0
10183 259772 1.0
82920 576691 1.0
35 1103960 1.0
31489 40605 1.0
25702 1108834 1.0
2440 136768 1.0
35 1119708 1.0
195361 1111304 1.0
235683 57773 1.0
522338 683360 1.0
87417 289779 1.0
82920 273152 1.0
87417 289781 1.0
8875 1129570 1.0
8872 1125092 1.0
910 34355 1.0
2658 1140230 1.0
23069 23070 1.0
18777 510718 1.0
22563 107251 1.0
12337 395725 1.0
5869 1110520 1.0
11339 44017 1.0
35 1129683 1.0
4330 11093 1.0
48766 595056 1.0
1365 1116347 1.0
235678 235679 1.0
20193 3085 1.0
16476 1129621 1.0
3220 346243 1.0
230879 696342 1.0
62718 127033 1.0
289780 801170 1.0
6213 13193 1.0
348305 193352 1.0
17476 892139 1.0
6639 568045 1.0
103482 1114388 1.0
85299 575292 1.0
18536 86923 1.0
18777 173863 1.0
4330 1114352 1.0
648232 567005 1.0
212107 1112071 1.0
193347 193354 1.0
83725 56115 1.0
1688 84021 1.0
4329 510718 1.0
56709 1128959 1.0
6213 1122425 1.0
260979 1114388 1.0
128 20526 1.0
421481 375825 1.0
12337 57764 1.0
5086 137849 1.0
289781 801170 1.0
1237 102938 1.0
28489 6210 1.0
148341 1109208 1.0
4330 395553 1.0
752684 1135955 1.0
48764 1125092 1.0
10798 10183 1.0
89416 1153024 1.0
17208 32872 1.0
69392 1132461 1.0
39199 66982 1.0
67245 67246 1.0
14807 1111240 1.0
35 1109199 1.0
85352 1129027 1.0
672071 6130 1.0
189566 1153014 1.0
31336 31349 1.0
2665 696345 1.0
735303 735311 1.0
29492 400473 1.0
910 12946 1.0
36802 1108389 1.0
28287 1106547 1.0
75694 214472 1.0
8703 434 1.0
9708 136766 1.0
576725 576795 1.0
23070 134307 1.0
608326 1129683 1.0
28290 63832 1.0
576257 1153943 1.0
6818 1121254 1.0
41417 128383 1.0
232860 1113084 1.0
84021 415693 1.0
6213 1117760 1.0
97390 1153943 1.0
671269 1154124 1.0
66751 695284 1.0
153063 440815 1.0
582139 1130680 1.0
6130 1154124 1.0
85352 1114331 1.0
10531 36620 1.0
262178 1138968 1.0
853155 853118 1.0
6311 1115677 1.0
16437 152219 1.0
23258 1106052 1.0
75972 1128935 1.0
58758 1688 1.0
7419 1118245 1.0
1213 1154525 1.0
41714 568857 1.0
230879 236759 1.0
2665 763009 1.0
230879 1133428 1.0
87915 1153786 1.0
108974 66794 1.0
22563 36140 1.0
12197 111866 1.0
910 576257 1.0
35 576795 1.0
592830 1128935 1.0
4335 95718 1.0
127033 574710 1.0
35 249421 1.0
194609 1129572 1.0
20193 1138091 1.0
20584 1106849 1.0
112378 145215 1.0
45603 1125092 1.0
672070 6130 1.0
35905 1152162 1.0
6814 390896 1.0
6213 195361 1.0
370366 1140040 1.0
56708 56709 1.0
262121 1114442 1.0
46500 57764 1.0
32872 1118245 1.0
17201 32872 1.0
27895 1132706 1.0
28287 56709 1.0
35 593813 1.0
8875 18582 1.0
12169 989397 1.0
27627 686061 1.0
6767 6925 1.0
24966 671293 1.0
14531 60682 1.0
6767 69397 1.0
35 289781 1.0
910 1122460 1.0
13212 131318 1.0
101811 101662 1.0
19697 40124 1.0
4330 1108834 1.0
35 12576 1.0
287787 1130847 1.0
194645 248823 1.0
4330 32688 1.0
763009 1136447 1.0
6639 178209 1.0
230879 751408 1.0
79809 1153275 1.0
69284 206371 1.0
13717 38000 1.0
2665 2658 1.0
134128 1117760 1.0
22564 22566 1.0
41714 190706 1.0
116084 195150 1.0
135130 574710 1.0
6213 1108329 1.0
561611 561595 1.0
107251 107252 1.0
910 94953 1.0
134128 1113614 1.0
578337 1132486 1.0
18777 116790 1.0
89308 103528 1.0
5086 440815 1.0
906 1140040 1.0
102939 143676 1.0
1237 1102400 1.0
642920 1131184 1.0
6213 1129096 1.0
10531 31353 1.0
513189 1125597 1.0
14062 646836 1.0
561789 561674 1.0
32083 6771 1.0
74749 10186 1.0
753047 767763 1.0
28350 95579 1.0
92589 39165 1.0
116084 75972 1.0
753070 767763 1.0
8865 785678 1.0
93555 284023 1.0
28026 5069 1.0
67584 562067 1.0
561674 561581 1.0
35 128540 1.0
17201 1107140 1.0
2702 395553 1.0
8874 608292 1.0
75318 141171 1.0
210872 606479 1.0
22563 1786 1.0
28491 153598 1.0
6213 55968 1.0
159085 241821 1.0
35 259701 1.0
57948 1118658 1.0
202639 1154124 1.0
1365 188318 1.0
40 1109017 1.0
49811 463825 1.0
29492 29708 1.0
2665 578337 1.0
6925 57922 1.0
5064 1129106 1.0
733534 1135122 1.0
37888 1108389 1.0
8766 409725 1.0
440815 645571 1.0
237521 2665 1.0
5064 385067 1.0
57922 1118658 1.0
31863 358894 1.0
129042 129045 1.0
22563 10435 1.0
27895 1786 1.0
58758 69284 1.0
144212 1131549 1.0
3240 36620 1.0
68224 1128425 1.0
6213 20526 1.0
241821 1152711 1.0
656048 1131828 1.0
906 1105344 1.0
112378 1131728 1.0
45605 975567 1.0
36140 46500 1.0
287787 503883 1.0
23546 27230 1.0
67633 1114777 1.0
616336 689439 1.0
672070 1154124 1.0
28389 353541 1.0
318071 1153014 1.0
219446 1112426 1.0
33907 1136814 1.0
39130 346243 1.0
45605 144212 1.0
562067 1127566 1.0
34315 1103979 1.0
35 593260 1.0
56115 127033 1.0
289779 801170 1.0
430711 671052 1.0
1365 139865 1.0
46491 1118823 1.0
6213 434 1.0
22563 107252 1.0
84021 509233 1.0
358887 79809 1.0
24043 15076 1.0
35 307015 1.0
1953 1153166 1.0
13213 1152143 1.0
1688 1103985 1.0
179702 1152859 1.0
684986 684972 1.0
66990 390889 1.0
85352 574462 1.0
194609 1154520 1.0
2665 1130676 1.0
41714 197054 1.0
103543 126912 1.0
42221 989397 1.0
887 299195 1.0
91038 52515 1.0
137868 91581 1.0
13717 1110531 1.0
35 1153943 1.0
7297 7276 1.0
1481 1117184 1.0
643695 1154068 1.0
3097 129045 1.0
18777 1112686 1.0
1481 4878 1.0
1365 340075 1.0
46491 1152290 1.0
3240 964248 1.0
2440 1119295 1.0
575077 608191 1.0
6639 591017 1.0
17242 280876 1.0
12576 229635 1.0
110041 287787 1.0
28487 128 1.0
103528 103529 1.0
3220 120039 1.0
35 640617 1.0
910 1105530 1.0
18619 1153091 1.0
5959 582511 1.0
3236 1125467 1.0
97390 98693 1.0
35 15670 1.0
2665 578347 1.0
66751 573535 1.0
4330 69392 1.0
31353 1152904 1.0
56112 56119 1.0
1237 143676 1.0
56167 1119178 1.0
3217 167670 1.0
24966 92065 1.0
14531 592830 1.0
210872 35 1.0
108974 1125469 1.0
1959 170798 1.0
101660 1107095 1.0
86359 1152740 1.0
13212 411005 1.0
129042 1108363 1.0
3220 40922 1.0
32083 1120962 1.0
97377 3240 1.0
6213 6210 1.0
168332 86359 1.0
2665 99023 1.0
33907 593091 1.0
3222 1114222 1.0
2354 154134 1.0
20193 566664 1.0
75121 1106388 1.0
578309 578347 1.0
671052 1132406 1.0
230879 696346 1.0
910 436796 1.0
12576 416455 1.0
141342 40 1.0
1365 1114153 1.0
656231 103531 1.0
137790 10186 1.0
56709 416455 1.0
239800 95718 1.0
28290 308529 1.0
887 114308 1.0
26850 1114605 1.0
12330 949217 1.0
33907 593813 1.0
6925 1118658 1.0
137130 23070 1.0
28254 1118092 1.0
27895 112378 1.0
36140 12439 1.0
178209 568045 1.0
1365 340299 1.0
35 259702 1.0
73327 1153166 1.0
3240 1110531 1.0
1481 13960 1.0
1213 409725 1.0
567005 1127810 1.0
16437 16470 1.0
55770 208345 1.0
82920 1152358 1.0
44514 253971 1.0
307656 1131360 1.0
92589 173884 1.0
628815 1130567 1.0
95594 95589 1.0
99023 578309 1.0
12337 16470 1.0
733534 948147 1.0
85352 152483 1.0
182094 650814 1.0
284023 119761 1.0
35 593091 1.0
503883 577331 1.0
170798 656231 1.0
14062 141347 1.0
434 267003 1.0
35 1128453 1.0
190706 144212 1.0
458439 1123493 1.0
7419 1105764 1.0
2658 696342 1.0
35 1153065 1.0
136768 136766 1.0
1997 129897 1.0
18812 20920 1.0
35 1152421 1.0
608191 70970 1.0
27535 308232 1.0
194609 126128 1.0
671269 1154123 1.0
28290 56709 1.0
887 64519 1.0
43698 686532 1.0
6385 682666 1.0
28290 1104999 1.0
156977 395547 1.0
208345 1114777 1.0
1365 1110998 1.0
17201 17208 1.0
63835 95586 1.0
70442 70441 1.0
24974 34315 1.0
189721 1129518 1.0
35 561238 1.0
35 415693 1.0
10183 47570 1.0
31927 31932 1.0
27514 1152143 1.0
56115 135130 1.0
62417 1107558 1.0
13205 1105148 1.0
578306 578347 1.0
738941 1135455 1.0
632796 884094 1.0
576973 58758 1.0
27230 23545 1.0
61417 212777 1.0
6130 671269 1.0
248823 682666 1.0
230879 99030 1.0
210871 1117476 1.0
2354 74749 1.0
61073 975567 1.0
108962 108963 1.0
93555 143801 1.0
6378 1129208 1.0
753047 753070 1.0
6311 235776 1.0
8875 1152676 1.0
35 1153577 1.0
58758 33895 1.0
65074 134316 1.0
215912 31932 1.0
28487 8213 1.0
634904 634975 1.0
6818 1128425 1.0
4329 46468 1.0
31769 67246 1.0
24966 1105344 1.0
63931 1117786 1.0
218410 1152663 1.0
52515 300806 1.0
188318 1110998 1.0
3097 3101 1.0
6130 1154123 1.0
8874 647447 1.0
1959 101143 1.0
35 45599 1.0
11148 1129835 1.0
97377 211432 1.0
1365 26850 1.0
321004 1117049 1.0
1959 73327 1.0
14062 33907 1.0
40 116552 1.0
10435 1103394 1.0
143323 84021 1.0
83725 56119 1.0
41714 182094 1.0
210871 887 1.0
235679 57773 1.0
307015 335733 1.0
246618 1113742 1.0
156977 1152490 1.0
35 190706 1.0
230884 1131607 1.0
8874 1153816 1.0
227286 1115790 1.0
259702 1114331 1.0
6209 8875 1.0
20193 112813 1.0
180187 1131719 1.0
63915 6939 1.0
13212 358884 1.0
24966 27627 1.0
42221 42209 1.0
18834 1152740 1.0
35 148170 1.0
300806 1133010 1.0
503883 1153577 1.0
35 574264 1.0
135130 1105221 1.0
36140 57764 1.0
210872 210871 1.0
6169 170338 1.0
503883 647447 1.0
12194 27199 1.0
17208 1152633 1.0
575077 594649 1.0
262108 1114442 1.0
75969 1128856 1.0
40886 1121459 1.0
137130 65074 1.0
582349 1128437 1.0
3187 129896 1.0
753047 753265 1.0
853116 853155 1.0
27627 686015 1.0
2658 1131607 1.0
28491 1152910 1.0
79809 91581 1.0
31489 632796 1.0
230879 1130808 1.0
887 17476 1.0
1365 1131748 1.0
98693 575331 1.0
103430 1154074 1.0
12576 28290 1.0
14062 1152358 1.0
82920 1153280 1.0
13208 131318 1.0
28504 365294 1.0
141342 608191 1.0
46491 107252 1.0
31489 632935 1.0
82664 1106236 1.0
18834 18833 1.0
141347 1119708 1.0
70444 1107215 1.0
5462 910 1.0
2658 1130808 1.0
762980 1136447 1.0
194617 1129572 1.0
654177 1131728 1.0
4330 168410 1.0
6741 1130637 1.0
28350 628667 1.0
582139 1128425 1.0
910 1114118 1.0
75693 214472 1.0
95594 1153287 1.0
5086 109323 1.0
910 67292 1.0
18619 18615 1.0
24966 1104449 1.0
22563 6771 1.0
8703 353541 1.0
109323 137849 1.0
31927 1129572 1.0
75674 1109957 1.0
28287 1107355 1.0
28350 1113459 1.0
46887 45212 1.0
184918 171225 1.0
67633 55801 1.0
28350 1109957 1.0
35 273152 1.0
7032 137873 1.0
8865 608292 1.0
159084 159085 1.0
235679 235670 1.0
282700 1115375 1.0
17208 95435 1.0
28385 1106112 1.0
64519 37483 1.0
3220 145215 1.0
20526 1118092 1.0
85352 577086 1.0
340078 928873 1.0
633585 40605 1.0
12576 1071981 1.0
35 1128227 1.0
39127 1105932 1.0
12330 156977 1.0
12576 127033 1.0
4335 1121254 1.0
763009 1136446 1.0
153063 1131223 1.0
576691 1128198 1.0
22563 6767 1.0
95586 95589 1.0
12330 395553 1.0
259772 1114336 1.0
64319 249858 1.0
28287 128540 1.0
44514 606479 1.0
27510 1128990 1.0
3222 964248 1.0
3220 69397 1.0
217139 154134 1.0
63915 38000 1.0
573964 787016 1.0
646412 1131330 1.0
910 12439 1.0
116081 277263 1.0
41417 1108329 1.0
10183 1114336 1.0
56167 1117184 1.0
33907 1134022 1.0
101811 6935 1.0
35335 59772 1.0
6213 12576 1.0
17476 33013 1.0
3187 5086 1.0
231249 1125492 1.0
82920 573978 1.0
4330 69418 1.0
116081 116087 1.0
87417 801170 1.0
22564 1103394 1.0
35 69284 1.0
20193 395725 1.0
159085 1152711 1.0
7430 95586 1.0
1365 782486 1.0
65057 74698 1.0
6939 1116922 1.0
5869 910 1.0
92589 1131137 1.0
2354 10186 1.0
3222 1132157 1.0
28489 13193 1.0
41714 144212 1.0
1481 1102567 1.0
27623 105899 1.0
31353 31336 1.0
1365 1114388 1.0
28487 95586 1.0
3233 509379 1.0
178209 1000012 1.0
193347 1131719 1.0
28957 88356 1.0
2354 1130539 1.0
66990 1153861 1.0
395540 1130676 1.0
53942 1117184 1.0
70970 593068 1.0
35 206371 1.0
12330 400356 1.0
17476 682666 1.0
1365 1132968 1.0
38537 642847 1.0
55968 892139 1.0
162080 739707 1.0
561809 1131300 1.0
145215 654177 1.0
179702 424540 1.0
6213 28278 1.0
35778 1125469 1.0
503883 646836 1.0
210871 595157 1.0
8865 1129570 1.0
575077 66556 1.0
46491 107251 1.0
143476 1112686 1.0
75972 1105932 1.0
28350 341188 1.0
1688 1133338 1.0
198653 887 1.0
45605 190706 1.0
173863 116790 1.0
22563 63915 1.0
12439 340078 1.0
210872 273152 1.0
18815 1104449 1.0
55770 521207 1.0
408885 1154173 1.0
1997 1108551 1.0
35 116552 1.0
38537 646195 1.0
35 1128945 1.0
37483 63931 1.0
35 513189 1.0
73327 1106236 1.0
2665 205192 1.0
3220 1132706 1.0
10798 18619 1.0
2658 751408 1.0
85352 682815 1.0
6213 1105764 1.0
13213 131318 1.0
25702 910 1.0
56112 63832 1.0
193352 1131719 1.0
24966 1106671 1.0
31927 1124844 1.0
17798 39131 1.0
578337 236759 1.0
751408 1135899 1.0
23258 168410 1.0
287787 415693 1.0
35778 1919 1.0
12576 63832 1.0
35 103515 1.0
561674 1127541 1.0
4335 390889 1.0
36131 1152633 1.0
53942 56167 1.0
1688 152483 1.0
633081 40605 1.0
294126 649944 1.0
6385 1129243 1.0
45603 1104647 1.0
28230 1108267 1.0
12576 56112 1.0
64519 63835 1.0
22563 22564 1.0
36140 63915 1.0
11339 211432 1.0
145215 141868 1.0
10531 194617 1.0
24974 131042 1.0
650814 1131550 1.0
1365 1117653 1.0
1237 1106112 1.0
2440 49811 1.0
40886 112378 1.0
71904 95718 1.0
389715 107252 1.0
633081 632874 1.0
5462 227286 1.0
400356 1120777 1.0
8703 59244 1.0
99023 578306 1.0
1997 3233 1.0
25794 582343 1.0
27199 248119 1.0
12576 1104999 1.0
27623 686015 1.0
594047 650834 1.0
910 1118848 1.0
189856 1129518 1.0
35 35061 1.0
46491 308232 1.0
235679 1154524 1.0
28254 105899 1.0
683294 682508 1.0
8872 1104647 1.0
10169 711598 1.0
2665 582139 1.0
35 33907 1.0
134128 1113182 1.0
3233 1103737 1.0
6814 1125469 1.0
300806 29723 1.0
561809 562067 1.0
646900 1131359 1.0
575077 593544 1.0
289781 1153784 1.0
162075 1109830 1.0
335733 643199 1.0
20193 5062 1.0
153063 561593 1.0
10430 1120713 1.0
1688 1131360 1.0
6213 1113614 1.0
591016 1128856 1.0
2440 18615 1.0
672071 1132461 1.0
578337 696345 1.0
35 132806 1.0
28491 341188 1.0
112378 141868 1.0
20584 6311 1.0
10435 8703 1.0
56115 1107674 1.0
6213 161221 1.0
8703 502574 1.0
2665 1130808 1.0
86359 1133469 1.0
13024 899119 1.0
4330 1103737 1.0
4330 1132461 1.0
31489 227286 1.0
46887 1153106 1.0
29492 152219 1.0
787016 573978 1.0
10435 208345 1.0
12337 16474 1.0
153063 561595 1.0
683360 683404 1.0
46491 1120169 1.0
8872 1153860 1.0
8591 137956 1.0
12330 1152490 1.0
195150 568045 1.0
4330 390889 1.0
102938 143676 1.0
45212 1105764 1.0
41714 44455 1.0
235678 235670 1.0
6213 628815 1.0
65074 23070 1.0
103482 1128990 1.0
3220 167670 1.0
35 1152508 1.0
12576 56709 1.0
44455 568857 1.0
6213 28350 1.0
18815 20920 1.0
12330 1120777 1.0
38537 1131277 1.0
119761 284025 1.0
763010 1136449 1.0
5959 545647 1.0
1481 1106052 1.0
6213 628667 1.0
31083 48066 1.0
39127 116081 1.0
137956 13024 1.0
42156 1118120 1.0
18832 18833 1.0
45605 1131639 1.0
193347 1129835 1.0
2702 72056 1.0
56119 127033 1.0
35 594543 1.0
13212 170338 1.0
154047 1112106 1.0
57773 1154524 1.0
230879 1140230 1.0
31863 91581 1.0
709113 1134031 1.0
1365 1129443 1.0
4330 949217 1.0
39210 66982 1.0
7419 341188 1.0
39131 1131728 1.0
3220 429805 1.0
46887 1111788 1.0
8875 395075 1.0
395553 684972 1.0
8872 8875 1.0
31353 686532 1.0
56115 1129573 1.0
99030 578337 1.0
887 161221 1.0
1688 694759 1.0
887 170798 1.0
86359 1152944 1.0
738941 162080 1.0
1365 330148 1.0
32698 95719 1.0
10183 10186 1.0
10531 686532 1.0
307015 643199 1.0
671269 1132461 1.0
137849 1115291 1.0
6814 1117348 1.0
194609 215912 1.0
35 1154176 1.0
1365 1120866 1.0
35061 210871 1.0
7272 1136446 1.0
3187 1110000 1.0
561595 561582 1.0
190706 182094 1.0
27627 28254 1.0
56112 1104999 1.0
6209 1108329 1.0
40125 1104258 1.0
31349 686532 1.0
1481 1120563 1.0
44455 387795 1.0
197054 1125092 1.0
7276 763181 1.0
74700 134307 1.0
6639 116084 1.0
503883 647413 1.0
2440 1127619 1.0
2354 1107140 1.0
2440 1117786 1.0
887 1113614 1.0
154047 1133846 1.0
576362 1129629 1.0
35 1133338 1.0
6925 57948 1.0
35 573964 1.0
632874 40583 1.0
