6923 187354 1.0
459216 593210 1.0
66564 593942 1.0
642894 1131312 1.0
10177 68495 1.0
4584 6196 1.0
15429 1153160 1.0
54129 1136791 1.0
3218 66782 1.0
118873 987188 1.0
6334 1152975 1.0
653441 1134346 1.0
10177 9515 1.0
20924 289885 1.0
643221 643485 1.0
116528 1110438 1.0
74427 368605 1.0
644577 645897 1.0
559804 714289 1.0
72908 1127863 1.0
19231 1153736 1.0
8224 49844 1.0
255233 33303 1.0
34266 1122642 1.0
133550 133566 1.0
578646 1128291 1.0
22241 1103383 1.0
424 47684 1.0
19621 1131464 1.0
124734 25805 1.0
11335 11325 1.0
6318 1121057 1.0
714289 1154230 1.0
649731 123825 1.0
34263 87482 1.0
593022 1128946 1.0
2698 342802 1.0
14431 1103031 1.0
85688 97892 1.0
25181 27174 1.0
943 91852 1.0
43186 16461 1.0
644448 644494 1.0
35490 1116410 1.0
521251 1125992 1.0
175291 52784 1.0
91853 1110579 1.0
23738 11325 1.0
3229 1125895 1.0
3232 20850 1.0
54129 117316 1.0
25772 641956 1.0
8699 104840 1.0
3231 1125386 1.0
32276 84695 1.0
144679 1114239 1.0
27174 25184 1.0
166989 1121063 1.0
54132 62634 1.0
78557 78511 1.0
12195 1112099 1.0
77438 158172 1.0
23507 649731 1.0
35852 41732 1.0
27246 1110390 1.0
315789 1139195 1.0
7867 315789 1.0
77438 1153262 1.0
642798 644470 1.0
117 38480 1.0
124296 51834 1.0
35797 1128974 1.0
22241 1107418 1.0
15987 523394 1.0
135798 1108656 1.0
54129 578649 1.0
4584 36167 1.0
5348 911198 1.0
2653 59045 1.0
180373 180399 1.0
66805 82090 1.0
116021 12960 1.0
67415 171954 1.0
52000 52007 1.0
67415 12195 1.0
6196 976334 1.0
15987 1127530 1.0
144701 1136342 1.0
16485 12347 1.0
51180 50381 1.0
593155 593240 1.0
114 1111052 1.0
642798 1131172 1.0
264556 289085 1.0
376704 1119654 1.0
19231 12960 1.0
68115 47684 1.0
423816 48781 1.0
3243 350362 1.0
217984 1112369 1.0
22229 1103383 1.0
20179 20178 1.0
20602 12155 1.0
643221 643239 1.0
19621 42847 1.0
116545 116553 1.0
2653 350362 1.0
83847 66986 1.0
8617 1116268 1.0
1956 1153101 1.0
594039 1129015 1.0
2653 102406 1.0
3828 1956 1.0
39890 242663 1.0
86258 1106418 1.0
45189 192734 1.0
74937 74921 1.0
126793 16843 1.0
15429 89547 1.0
6910 1152150 1.0
28649 155736 1.0
12350 16451 1.0
1246 42207 1.0
39890 51045 1.0
194223 390922 1.0
523574 523394 1.0
10177 124734 1.0
10981 1102873 1.0
523574 653441 1.0
19045 593328 1.0
189571 1154232 1.0
58454 144679 1.0
592996 1128978 1.0
94639 62634 1.0
592973 592986 1.0
31105 175291 1.0
6923 1155073 1.0
135765 6917 1.0
10796 1110947 1.0
3229 1050679 1.0
73712 52003 1.0
7537 1113534 1.0
27530 27531 1.0
12350 152227 1.0
3229 62347 1.0
38205 61069 1.0
12195 1131611 1.0
15889 1153891 1.0
310530 38839 1.0
644577 1131334 1.0
1034 1153945 1.0
78555 78557 1.0
12182 1153183 1.0
117 206259 1.0
714256 714748 1.0
3218 6941 1.0
63812 1105360 1.0
3231 636098 1.0
601462 1129369 1.0
66564 66563 1.0
10177 4804 1.0
114 6220 1.0
626530 626574 1.0
6913 1717 1.0
33325 1110256 1.0
30895 1154251 1.0
6220 6224 1.0
7537 314459 1.0
288 36167 1.0
95188 1110579 1.0
12210 77515 1.0
6784 560936 1.0
33325 429781 1.0
12198 12199 1.0
12631 6898 1.0
3229 949511 1.0
190698 1114502 1.0
35922 1105116 1.0
20601 20602 1.0
114 28387 1.0
14430 73119 1.0
13658 198443 1.0
20179 95188 1.0
8821 1153811 1.0
739816 1140548 1.0
31055 1106630 1.0
423816 1134865 1.0
578650 1153853 1.0
628458 628459 1.0
12350 1131611 1.0
14430 1103031 1.0
25184 285675 1.0
12165 1112099 1.0
22229 595193 1.0
114 1120170 1.0
133615 1128531 1.0
74937 1105877 1.0
52003 52000 1.0
4584 1031453 1.0
2653 197783 1.0
3192 105865 1.0
3232 1128536 1.0
100935 1120643 1.0
35863 20972 1.0
43186 152731 1.0
2695 1120197 1.0
19045 593210 1.0
12158 148399 1.0
649739 1131464 1.0
941 940 1.0
39890 714289 1.0
45188 1130929 1.0
66809 82090 1.0
643221 1131334 1.0
2696 256106 1.0
193742 6152 1.0
449841 1123093 1.0
118259 230300 1.0
643069 1131192 1.0
116545 1128291 1.0
12199 12247 1.0
38771 1104191 1.0
12182 28640 1.0
33818 1123087 1.0
80656 13654 1.0
12182 219239 1.0
48555 133563 1.0
74975 38846 1.0
27174 35343 1.0
118873 1115959 1.0
16485 1109891 1.0
4584 976334 1.0
409255 1153097 1.0
154982 1130927 1.0
71736 1152991 1.0
38846 38845 1.0
16485 1105603 1.0
14428 34082 1.0
31479 1115701 1.0
523574 1154229 1.0
643221 1131305 1.0
38845 1110579 1.0
108047 1107418 1.0
16819 1131274 1.0
45188 192734 1.0
6224 28387 1.0
6334 1153703 1.0
28851 578669 1.0
645870 1131301 1.0
9559 252725 1.0
22386 207395 1.0
25772 1104769 1.0
4983 7867 1.0
20592 20593 1.0
739280 367312 1.0
51052 51045 1.0
14430 14429 1.0
22386 38845 1.0
3229 1131647 1.0
5600 1022969 1.0
645046 646357 1.0
23774 1107455 1.0
1951 3095 1.0
160732 1128853 1.0
33301 1022969 1.0
3231 1106330 1.0
4584 13917 1.0
158172 445938 1.0
2653 107177 1.0
617575 1130080 1.0
77438 106590 1.0
6184 399339 1.0
89547 91975 1.0
54129 28336 1.0
2653 1118764 1.0
33818 1120138 1.0
114 124064 1.0
154982 1130934 1.0
96851 96847 1.0
66563 1123530 1.0
12182 309476 1.0
217115 1112319 1.0
4804 1112574 1.0
19621 49482 1.0
62329 593155 1.0
38846 1128407 1.0
644448 1131314 1.0
195792 19045 1.0
144701 1128997 1.0
157761 219239 1.0
169280 1154103 1.0
22431 1110426 1.0
1272 85688 1.0
9515 4804 1.0
31105 1105672 1.0
117328 91852 1.0
175548 689152 1.0
78552 9586 1.0
34257 1106771 1.0
675649 1132505 1.0
594511 1153900 1.0
20601 1121537 1.0
321861 1117089 1.0
74975 3932 1.0
187354 1127851 1.0
77438 589923 1.0
20180 943 1.0
486840 1128975 1.0
54131 66563 1.0
1956 83449 1.0
36145 272720 1.0
30895 1152277 1.0
621555 1130243 1.0
529165 1126315 1.0
6346 1112075 1.0
2696 1113035 1.0
1956 1817 1.0
124064 6163 1.0
72101 1118347 1.0
35490 64271 1.0
94641 116553 1.0
32276 174418 1.0
54131 578780 1.0
77758 1131745 1.0
27203 1118209 1.0
12182 4660 1.0
4584 1272 1.0
14545 14549 1.0
8224 1132815 1.0
23738 84020 1.0
40135 13686 1.0
19045 87363 1.0
124734 1108167 1.0
74920 1105877 1.0
22875 22876 1.0
367312 1119211 1.0
61312 1105231 1.0
34961 22883 1.0
6913 431206 1.0
54129 578780 1.0
14429 1103969 1.0
94641 594387 1.0
16485 1104787 1.0
248431 1113831 1.0
644843 645016 1.0
189571 189572 1.0
8224 263279 1.0
1272 157805 1.0
84020 1106492 1.0
6125 27612 1.0
54131 141324 1.0
59798 96335 1.0
2696 1108169 1.0
51049 1134320 1.0
123825 1131464 1.0
74427 1106771 1.0
54132 578780 1.0
1272 284414 1.0
141160 133553 1.0
152227 1139928 1.0
20534 1107455 1.0
8224 11342 1.0
15987 3192 1.0
739816 1140543 1.0
15987 653441 1.0
646286 6913 1.0
399370 60159 1.0
28447 1107367 1.0
6163 130 1.0
8821 1102761 1.0
34979 1106418 1.0
643221 126927 1.0
3112 110163 1.0
33231 1132887 1.0
175548 105856 1.0
190698 198443 1.0
263486 1114512 1.0
40151 1104261 1.0
94639 593859 1.0
5055 1104851 1.0
6334 1116268 1.0
5194 1152714 1.0
119686 198443 1.0
19621 123825 1.0
626530 1154012 1.0
66564 593859 1.0
1272 254923 1.0
27531 1106370 1.0
286513 177993 1.0
263482 263486 1.0
72908 6923 1.0
642621 1131164 1.0
54129 578646 1.0
117 39403 1.0
20601 12247 1.0
23738 1153148 1.0
89547 237376 1.0
643003 1131189 1.0
54131 1153897 1.0
45189 976284 1.0
15429 210309 1.0
12195 38722 1.0
32276 636500 1.0
4804 25805 1.0
12631 12638 1.0
137359 1118286 1.0
12350 20601 1.0
12211 12165 1.0
12631 6910 1.0
250566 1113926 1.0
59626 217115 1.0
54844 1104946 1.0
592975 592986 1.0
941 20180 1.0
77438 590022 1.0
174418 636511 1.0
137359 1153150 1.0
20601 42207 1.0
3229 444191 1.0
28649 12182 1.0
105856 193931 1.0
1272 6923 1.0
219239 12247 1.0
6163 96847 1.0
12182 12165 1.0
1272 30895 1.0
15429 9515 1.0
64271 95188 1.0
22229 1128369 1.0
521252 1125992 1.0
70281 1105672 1.0
64271 38829 1.0
248425 592975 1.0
78555 33818 1.0
27631 20528 1.0
213246 34263 1.0
67415 38722 1.0
144701 1112911 1.0
1272 52835 1.0
33818 78552 1.0
101263 1139928 1.0
561364 642827 1.0
114 6170 1.0
45052 1131266 1.0
23738 189574 1.0
27530 1106630 1.0
33325 12960 1.0
20178 64271 1.0
149139 1123215 1.0
240321 1132459 1.0
120817 1140543 1.0
5348 256106 1.0
23116 1105433 1.0
6898 6910 1.0
23774 7432 1.0
28542 206259 1.0
3229 157401 1.0
642894 642798 1.0
130 345340 1.0
114 1126029 1.0
643239 644093 1.0
3231 1102761 1.0
114 1106172 1.0
523394 714975 1.0
3231 1106370 1.0
144701 1128975 1.0
3229 396412 1.0
20534 23774 1.0
27612 1118209 1.0
6913 1105011 1.0
114 64484 1.0
314459 1121603 1.0
147870 1132434 1.0
254923 444240 1.0
3231 20850 1.0
3231 68463 1.0
16008 642827 1.0
12631 662416 1.0
27249 368431 1.0
936 3084 1.0
205196 1130586 1.0
6214 1126029 1.0
3243 1113739 1.0
39890 653441 1.0
3229 100197 1.0
49482 217984 1.0
94641 1129018 1.0
123825 23448 1.0
57119 28456 1.0
35797 100961 1.0
940 3828 1.0
118259 118260 1.0
48550 133563 1.0
6163 1106966 1.0
23738 27249 1.0
28471 91975 1.0
14083 1103016 1.0
43639 469504 1.0
74427 87482 1.0
397488 1134865 1.0
197452 1135894 1.0
80656 13656 1.0
16008 523394 1.0
137359 1108728 1.0
278394 627024 1.0
642894 646334 1.0
559804 653441 1.0
714260 559804 1.0
4804 12182 1.0
5348 1108050 1.0
8696 104840 1.0
6786 714975 1.0
100197 447250 1.0
51049 51045 1.0
642894 1131335 1.0
5348 75695 1.0
116545 578645 1.0
33412 211875 1.0
22229 1107418 1.0
1272 1135125 1.0
101263 28456 1.0
6151 6152 1.0
16485 105856 1.0
14428 73119 1.0
593209 593210 1.0
20178 38829 1.0
13654 119686 1.0
644494 1131314 1.0
4804 68505 1.0
284414 1115456 1.0
1272 20593 1.0
6775 350319 1.0
643221 1131335 1.0
1955 1956 1.0
32276 636511 1.0
213246 1122642 1.0
22886 28447 1.0
163235 1109873 1.0
519353 1125909 1.0
59798 25181 1.0
6184 3229 1.0
645452 645016 1.0
108047 28336 1.0
18781 86840 1.0
124064 6220 1.0
578646 1153899 1.0
4584 13885 1.0
4649 1105887 1.0
3229 1152673 1.0
627024 911198 1.0
155736 155738 1.0
1272 1128256 1.0
198443 190697 1.0
192870 1114398 1.0
14430 34082 1.0
6913 703953 1.0
6344 200480 1.0
65212 1105433 1.0
72805 899085 1.0
126920 645897 1.0
8617 36145 1.0
216878 334153 1.0
3192 423463 1.0
6155 1126029 1.0
14529 1103038 1.0
117315 28336 1.0
1956 1111899 1.0
27543 1106630 1.0
28359 35863 1.0
709518 1134056 1.0
643221 1131312 1.0
66564 141324 1.0
20924 294030 1.0
4649 135766 1.0
431206 662572 1.0
3191 3192 1.0
644363 645016 1.0
6910 431206 1.0
3112 1152564 1.0
8224 133615 1.0
10796 601567 1.0
57119 592975 1.0
36162 1152307 1.0
6216 1113739 1.0
205196 628764 1.0
19045 593329 1.0
523010 1126044 1.0
135464 120084 1.0
83746 294239 1.0
22229 459216 1.0
8224 23738 1.0
28265 943 1.0
4804 976284 1.0
594011 1153896 1.0
27530 66594 1.0
851968 1140231 1.0
35863 134060 1.0
40151 288 1.0
2654 1106630 1.0
594483 1129040 1.0
714289 714208 1.0
20178 91853 1.0
14429 73119 1.0
20923 294030 1.0
16008 189572 1.0
54131 593859 1.0
6334 1107067 1.0
114 6155 1.0
115188 1107728 1.0
1026 1034 1.0
117 28202 1.0
124064 6224 1.0
593104 593942 1.0
55403 1128531 1.0
11335 20833 1.0
4584 1102550 1.0
124828 1108169 1.0
135464 237489 1.0
8224 62389 1.0
6214 38480 1.0
31479 20592 1.0
61069 1129610 1.0
36145 1105672 1.0
205196 628751 1.0
50337 396412 1.0
36162 1152448 1.0
3095 218682 1.0
8832 1102761 1.0
523010 1140543 1.0
34257 1114398 1.0
12195 12165 1.0
397488 1120643 1.0
416867 1121537 1.0
6184 27631 1.0
114966 1125258 1.0
6125 1107572 1.0
25772 1126503 1.0
286513 1131557 1.0
8619 175291 1.0
12182 157761 1.0
144701 22229 1.0
3229 82098 1.0
12210 67415 1.0
19621 1126044 1.0
4274 1119078 1.0
18781 1108175 1.0
22386 3932 1.0
4649 135765 1.0
445938 315266 1.0
33231 315266 1.0
62634 243483 1.0
16485 1123087 1.0
114 1106406 1.0
2696 1123239 1.0
205196 815096 1.0
44121 1104435 1.0
604073 1129494 1.0
3828 310530 1.0
330208 99025 1.0
642894 1131236 1.0
19621 628888 1.0
10177 12198 1.0
6784 1116629 1.0
59798 180373 1.0
6318 20833 1.0
6786 1106789 1.0
180399 385572 1.0
644448 644470 1.0
3218 49843 1.0
16819 643003 1.0
108047 1153853 1.0
49482 1112369 1.0
84020 1106298 1.0
193742 1111230 1.0
51866 22883 1.0
73162 653441 1.0
73162 1134320 1.0
593240 593210 1.0
20534 1103315 1.0
12182 1059953 1.0
6214 1115886 1.0
3231 8821 1.0
6344 1112665 1.0
15987 158098 1.0
593942 1129015 1.0
3218 1110426 1.0
2653 65650 1.0
2695 2698 1.0
54132 594387 1.0
38205 606647 1.0
227178 593240 1.0
73323 1105810 1.0
11335 35070 1.0
23774 1106406 1.0
12638 6898 1.0
31479 289885 1.0
594011 593942 1.0
101261 101263 1.0
20602 1121537 1.0
114 7432 1.0
12182 321861 1.0
34082 1119216 1.0
4584 1120020 1.0
216878 1117618 1.0
12182 5038 1.0
3229 1128868 1.0
22869 22876 1.0
3229 1106568 1.0
263553 1117219 1.0
126927 646286 1.0
54129 117315 1.0
126867 1108258 1.0
130 39403 1.0
5348 1114192 1.0
626999 911198 1.0
95198 1110579 1.0
20923 1115701 1.0
3231 1131471 1.0
367312 746058 1.0
12350 27612 1.0
631015 631052 1.0
6224 345340 1.0
20924 1113934 1.0
7532 1121603 1.0
936 38845 1.0
16008 1105531 1.0
102061 509315 1.0
49482 631052 1.0
50336 390894 1.0
6163 28202 1.0
5194 133563 1.0
8079 1121867 1.0
35922 50336 1.0
219218 1112417 1.0
135766 6917 1.0
71336 1105718 1.0
1272 1102625 1.0
642621 1131258 1.0
6784 562123 1.0
4804 1108175 1.0
15429 1107572 1.0
74427 34266 1.0
335042 289085 1.0
177993 1110515 1.0
10796 1113934 1.0
95188 1116410 1.0
459216 1123530 1.0
11335 1153264 1.0
10981 23507 1.0
592993 1128978 1.0
51866 1119078 1.0
105865 193932 1.0
117 6170 1.0
575795 1128975 1.0
7047 1135082 1.0
3229 48550 1.0
157401 1118017 1.0
33231 1105531 1.0
486840 595063 1.0
6334 20850 1.0
28542 124064 1.0
815073 205196 1.0
64271 1152244 1.0
33231 445938 1.0
578669 1128978 1.0
248425 1113831 1.0
141160 1109891 1.0
6196 81350 1.0
195792 1128974 1.0
1956 263486 1.0
154982 1133028 1.0
60169 399370 1.0
137380 1108728 1.0
13654 1115959 1.0
3191 423463 1.0
8581 1120059 1.0
34263 90655 1.0
7047 14549 1.0
78557 9586 1.0
714289 1154232 1.0
116545 1128319 1.0
1026 1129798 1.0
7532 80515 1.0
13658 294239 1.0
3231 104840 1.0
12638 263553 1.0
6184 10981 1.0
16819 643069 1.0
9716 6539 1.0
23738 27250 1.0
34257 192870 1.0
940 20180 1.0
579008 594387 1.0
3084 33303 1.0
54131 459213 1.0
3231 66594 1.0
34263 1122642 1.0
13686 1120431 1.0
6910 1117219 1.0
13885 42847 1.0
16461 1105603 1.0
593329 87363 1.0
3231 259126 1.0
25805 1121063 1.0
3231 6334 1.0
936 129558 1.0
64271 91852 1.0
65650 1105450 1.0
3112 470511 1.0
47682 47683 1.0
12195 1107319 1.0
48781 397488 1.0
9559 1102794 1.0
594511 1153899 1.0
2653 1152075 1.0
368657 400455 1.0
20528 1107067 1.0
3229 72101 1.0
35490 95188 1.0
14090 1103016 1.0
133553 105856 1.0
17363 444191 1.0
6334 68463 1.0
6196 1120731 1.0
77829 470511 1.0
521855 519353 1.0
82090 82087 1.0
644577 1131301 1.0
154982 1130931 1.0
714256 1154232 1.0
39890 149669 1.0
444191 6910 1.0
41216 1104300 1.0
189655 714260 1.0
20857 1127863 1.0
45052 27250 1.0
3243 1104055 1.0
22431 49843 1.0
1272 1108167 1.0
154982 1121867 1.0
45189 1105450 1.0
626999 139547 1.0
124224 169279 1.0
34257 34266 1.0
3229 35863 1.0
16008 189571 1.0
13658 1115959 1.0
15889 1152564 1.0
39890 1154233 1.0
644494 644470 1.0
117 189708 1.0
189655 714748 1.0
8224 1153866 1.0
4649 1127851 1.0
59798 27174 1.0
114 1105394 1.0
12198 27612 1.0
54129 17477 1.0
11335 49843 1.0
59626 6125 1.0
3218 1119987 1.0
15429 175576 1.0
83449 22874 1.0
642894 645046 1.0
3229 133550 1.0
10796 180373 1.0
3231 1113926 1.0
232606 232605 1.0
12350 1104007 1.0
754594 1136040 1.0
23738 65650 1.0
12182 28632 1.0
644843 1131274 1.0
626531 1130454 1.0
28202 1114629 1.0
6913 428610 1.0
52003 1104809 1.0
124224 6898 1.0
152227 987197 1.0
1272 444240 1.0
643239 1131312 1.0
54132 59715 1.0
6215 6224 1.0
38480 1104182 1.0
129287 907845 1.0
54131 243483 1.0
13885 1104379 1.0
30895 1152673 1.0
13136 1118083 1.0
190698 190697 1.0
1272 552469 1.0
28640 28641 1.0
43165 1131195 1.0
51879 51866 1.0
117328 95188 1.0
28649 155738 1.0
578650 578649 1.0
192870 1111186 1.0
67415 51180 1.0
114 6196 1.0
20601 12199 1.0
2653 1116268 1.0
285687 285675 1.0
22386 310530 1.0
117 1109581 1.0
380341 60560 1.0
12247 148399 1.0
3229 49482 1.0
227178 1114502 1.0
5966 86840 1.0
9515 102879 1.0
941 3828 1.0
38722 81350 1.0
643221 646286 1.0
118873 1109566 1.0
12195 1107567 1.0
3231 1107067 1.0
12631 1152150 1.0
10177 1112574 1.0
15889 221302 1.0
20821 1127851 1.0
8224 65653 1.0
164885 447224 1.0
114 130 1.0
3191 642827 1.0
50336 13269 1.0
6913 1135108 1.0
65650 5038 1.0
30817 631052 1.0
38722 1135746 1.0
3229 390922 1.0
210309 1111978 1.0
20179 91852 1.0
10796 31097 1.0
89547 28471 1.0
5194 133566 1.0
427606 62329 1.0
3229 96335 1.0
39890 294030 1.0
3229 118559 1.0
254923 108047 1.0
175909 112787 1.0
18770 531351 1.0
59798 1154251 1.0
15889 175909 1.0
80491 7532 1.0
3229 90888 1.0
80491 80515 1.0
216877 1117618 1.0
124952 1119742 1.0
48781 1120643 1.0
12350 68495 1.0
57119 592986 1.0
219976 1116410 1.0
59798 1152673 1.0
57119 606647 1.0
27203 148399 1.0
6334 1152307 1.0
20179 91853 1.0
940 28265 1.0
263482 1118302 1.0
6923 6941 1.0
12238 12165 1.0
578646 578645 1.0
592996 1128943 1.0
253762 23116 1.0
19621 631052 1.0
3192 561364 1.0
141160 1131345 1.0
8961 1133390 1.0
193931 193932 1.0
642681 644334 1.0
124952 1126011 1.0
189774 1134346 1.0
15892 1118388 1.0
578646 578649 1.0
714256 714260 1.0
560936 562123 1.0
227178 1128946 1.0
66596 8821 1.0
628751 950986 1.0
714208 189774 1.0
114 1114125 1.0
13972 1126050 1.0
6214 399339 1.0
4660 5038 1.0
77758 289885 1.0
7047 54844 1.0
35797 1116629 1.0
14545 1103038 1.0
123825 42847 1.0
2653 28641 1.0
6334 200480 1.0
15987 714289 1.0
15984 308920 1.0
199571 46431 1.0
28412 27631 1.0
16843 1152991 1.0
74921 1105877 1.0
13686 1385 1.0
13885 13917 1.0
40151 1153703 1.0
102884 9513 1.0
3231 1115471 1.0
4584 6214 1.0
114 1103315 1.0
2653 321861 1.0
77758 294030 1.0
14429 14431 1.0
936 1956 1.0
3191 1127530 1.0
368431 30901 1.0
779960 1137140 1.0
4553 1102548 1.0
10796 93320 1.0
617378 1130069 1.0
427606 1131634 1.0
36145 52784 1.0
6941 372862 1.0
6163 1111052 1.0
114 1107455 1.0
643221 644093 1.0
35852 486840 1.0
251756 1102550 1.0
45533 1106771 1.0
6910 1154103 1.0
72908 954315 1.0
6214 188471 1.0
19231 1107572 1.0
110163 110164 1.0
2654 1116842 1.0
9716 1153262 1.0
6898 78994 1.0
628751 628764 1.0
66805 509315 1.0
6184 1120731 1.0
162664 531348 1.0
78552 78511 1.0
36167 20528 1.0
2696 160705 1.0
114 39403 1.0
243483 459214 1.0
12350 12195 1.0
643221 1131257 1.0
3229 35343 1.0
2653 1104055 1.0
232605 25413 1.0
8224 49843 1.0
38205 1128997 1.0
523574 714289 1.0
166420 1119751 1.0
267824 1153195 1.0
733576 1135082 1.0
192850 272720 1.0
83847 1117501 1.0
628500 1130600 1.0
817774 820661 1.0
1272 1123867 1.0
5966 68463 1.0
20924 1115701 1.0
330208 469504 1.0
189572 1134348 1.0
15984 158098 1.0
174418 307336 1.0
578646 1153900 1.0
5966 1114502 1.0
27174 96335 1.0
10177 12210 1.0
459214 1123530 1.0
463 58454 1.0
117 6214 1.0
108047 578646 1.0
171954 1110256 1.0
648112 1131420 1.0
2653 1119751 1.0
54131 459214 1.0
38205 1129610 1.0
6125 12211 1.0
10796 417017 1.0
4584 1113739 1.0
643735 643734 1.0
89547 66805 1.0
35922 50337 1.0
133553 1120049 1.0
644427 1131257 1.0
94639 593105 1.0
65653 1112319 1.0
240321 447250 1.0
648121 1131420 1.0
12182 155736 1.0
14529 239829 1.0
1272 636098 1.0
16008 3192 1.0
54132 579008 1.0
188471 628500 1.0
15429 9513 1.0
45189 272720 1.0
3229 7022 1.0
15429 41666 1.0
654339 1131741 1.0
49843 49847 1.0
626574 1154012 1.0
2696 1114192 1.0
315789 1138027 1.0
73162 714260 1.0
293271 293285 1.0
2696 1108050 1.0
521183 521251 1.0
126927 645897 1.0
3191 1131267 1.0
573553 1138970 1.0
520471 1125953 1.0
4584 188471 1.0
54129 108047 1.0
118559 1108209 1.0
467383 1128977 1.0
6923 20857 1.0
3218 1153264 1.0
12631 1154103 1.0
25181 1154251 1.0
20180 91853 1.0
39890 3191 1.0
42848 1104379 1.0
15429 77515 1.0
6151 6214 1.0
27203 1106418 1.0
54132 593921 1.0
648112 648121 1.0
648369 1131414 1.0
134219 447224 1.0
49660 3237 1.0
424 1135125 1.0
31479 114189 1.0
592973 592975 1.0
27174 180373 1.0
23738 11342 1.0
73162 714879 1.0
25181 96335 1.0
89547 1116328 1.0
2654 1123926 1.0
643221 642894 1.0
117 149669 1.0
643221 1131236 1.0
128203 128202 1.0
12195 51180 1.0
579008 248425 1.0
120817 1109873 1.0
89547 1132385 1.0
2654 1104851 1.0
50807 1104749 1.0
3229 35922 1.0
642681 644441 1.0
49843 49844 1.0
6214 93320 1.0
118435 118436 1.0
200630 643734 1.0
77826 470511 1.0
12350 4804 1.0
593942 1153896 1.0
255628 120084 1.0
62676 312409 1.0
77758 424 1.0
59798 30895 1.0
6784 6775 1.0
59798 1152277 1.0
78508 1120138 1.0
6214 1106172 1.0
3095 110163 1.0
141160 917493 1.0
2663 1119671 1.0
6910 1132083 1.0
144701 595063 1.0
3229 25181 1.0
45189 1106401 1.0
126927 644093 1.0
648121 648106 1.0
14428 14431 1.0
3231 200480 1.0
57119 1153942 1.0
157805 6539 1.0
61069 1107062 1.0
5966 1110390 1.0
133566 1152714 1.0
51049 242663 1.0
936 207395 1.0
74427 34257 1.0
100197 193931 1.0
18770 531348 1.0
3232 521251 1.0
3191 162664 1.0
14428 14429 1.0
3231 328370 1.0
108047 1128319 1.0
610529 1153946 1.0
12182 1117249 1.0
645046 646334 1.0
38205 108047 1.0
24530 1109581 1.0
19621 1128846 1.0
3231 25184 1.0
3243 368431 1.0
85688 8224 1.0
50337 13269 1.0
5600 255233 1.0
83847 1130678 1.0
23116 1111978 1.0
601462 1129368 1.0
30817 1120211 1.0
116512 1107808 1.0
52000 1104809 1.0
6318 1108656 1.0
39890 189571 1.0
40151 1152448 1.0
6151 193742 1.0
2654 211906 1.0
14430 1119216 1.0
8224 49847 1.0
75695 1113035 1.0
95225 42207 1.0
149669 589923 1.0
38205 1153942 1.0
189708 149669 1.0
13656 1120431 1.0
6214 6215 1.0
20601 1108167 1.0
59626 124734 1.0
6125 28641 1.0
264556 120084 1.0
114 28471 1.0
195792 593210 1.0
6343 200480 1.0
13654 83746 1.0
50336 50337 1.0
650807 1131565 1.0
16843 643069 1.0
714260 714879 1.0
33412 124296 1.0
29738 155277 1.0
13658 13656 1.0
13917 1120020 1.0
3243 1103610 1.0
25805 1108167 1.0
36162 1153703 1.0
62274 94713 1.0
33823 78557 1.0
25181 1152277 1.0
189571 521855 1.0
15429 1104007 1.0
20534 1111052 1.0
175548 1120049 1.0
6216 976334 1.0
218682 22874 1.0
3191 561364 1.0
77515 9513 1.0
6224 6163 1.0
2696 99025 1.0
1956 1153150 1.0
20602 12199 1.0
4660 429781 1.0
155738 157761 1.0
385572 1120084 1.0
8581 75695 1.0
2696 1120858 1.0
6184 13686 1.0
643734 643777 1.0
3191 308920 1.0
94229 1111733 1.0
35922 396412 1.0
648106 648112 1.0
16471 1126044 1.0
6214 1130600 1.0
57119 1132731 1.0
94639 593942 1.0
1717 50381 1.0
12182 1106418 1.0
30817 75691 1.0
19621 83826 1.0
83847 1106287 1.0
936 1107010 1.0
1817 1114502 1.0
43186 1135894 1.0
3229 1140289 1.0
34257 1116974 1.0
27241 1106492 1.0
228990 228992 1.0
578898 578646 1.0
35852 1035 1.0
116545 578649 1.0
38722 1106172 1.0
334153 1117618 1.0
51879 1114664 1.0
12198 1126350 1.0
67415 1135746 1.0
174425 174418 1.0
28202 1128267 1.0
240321 675847 1.0
39890 162664 1.0
649730 1131464 1.0
248425 594387 1.0
12210 12182 1.0
337766 110162 1.0
3232 1106330 1.0
6898 1123188 1.0
399339 1120731 1.0
5966 1107861 1.0
6214 97892 1.0
77758 1129907 1.0
94639 141324 1.0
5055 1119751 1.0
60159 60169 1.0
22875 1113934 1.0
180399 1120084 1.0
4804 1153262 1.0
12238 1112099 1.0
3232 20942 1.0
51180 1107319 1.0
133550 140569 1.0
34961 31043 1.0
47682 47684 1.0
16819 643221 1.0
2654 1110438 1.0
95642 990075 1.0
2654 1107861 1.0
34266 34263 1.0
50337 390894 1.0
30895 144679 1.0
9716 28674 1.0
133550 1109891 1.0
3231 3237 1.0
1035 1107062 1.0
114 191404 1.0
73162 519353 1.0
1026 1105231 1.0
63812 1121057 1.0
74975 1128407 1.0
39890 523394 1.0
162664 118682 1.0
108047 578898 1.0
66782 51834 1.0
13885 84459 1.0
579008 1128978 1.0
38205 593060 1.0
578646 1128319 1.0
10796 1135358 1.0
2696 2695 1.0
169279 1132083 1.0
110162 110164 1.0
3229 1130927 1.0
13654 987188 1.0
575795 595063 1.0
8224 601567 1.0
91852 20178 1.0
12210 1112574 1.0
34257 90655 1.0
33818 78557 1.0
2698 99025 1.0
20601 25805 1.0
19621 1135082 1.0
4649 6917 1.0
187260 1110950 1.0
8581 75691 1.0
19621 6184 1.0
65653 1105450 1.0
114 38480 1.0
120084 1140543 1.0
118424 118436 1.0
34257 368605 1.0
644577 1131305 1.0
49844 1127851 1.0
73712 1112194 1.0
75983 1106568 1.0
954315 1155073 1.0
32260 62274 1.0
49720 49753 1.0
10796 8699 1.0
2698 1114192 1.0
20528 1103315 1.0
45533 1115456 1.0
3229 1132418 1.0
1272 1135358 1.0
14428 1103969 1.0
1272 30901 1.0
643239 126927 1.0
3243 30895 1.0
48781 1134865 1.0
6151 1385 1.0
133615 1153866 1.0
3229 83826 1.0
238401 1125386 1.0
25772 1122580 1.0
105856 273949 1.0
649731 1131464 1.0
12350 67415 1.0
1272 65653 1.0
54131 593942 1.0
12638 662416 1.0
12350 20602 1.0
3229 654326 1.0
3229 1109392 1.0
74821 1131150 1.0
654519 1131754 1.0
205196 1130568 1.0
19621 948299 1.0
33823 78552 1.0
12210 6125 1.0
52007 1104809 1.0
73323 28447 1.0
459206 1123530 1.0
6923 93923 1.0
174425 636511 1.0
133567 133566 1.0
631015 396412 1.0
39890 559804 1.0
15889 15892 1.0
7537 409255 1.0
63812 1125393 1.0
8224 368431 1.0
646289 6913 1.0
273949 1114992 1.0
8224 55403 1.0
47682 1125393 1.0
22431 49844 1.0
28202 325497 1.0
83449 218682 1.0
5348 342802 1.0
93923 6941 1.0
52847 1131471 1.0
49660 66594 1.0
6214 628500 1.0
35797 627024 1.0
42848 1116835 1.0
2696 2698 1.0
126868 126867 1.0
36162 197452 1.0
734406 1135115 1.0
592993 1128943 1.0
78555 1120138 1.0
171954 820662 1.0
75695 139547 1.0
15889 1110024 1.0
3229 16461 1.0
233106 12275 1.0
54129 578645 1.0
3191 105865 1.0
74821 1131149 1.0
40151 49660 1.0
194223 1126044 1.0
10796 46536 1.0
38205 117316 1.0
278403 627024 1.0
14429 1119216 1.0
39890 1154232 1.0
48555 48550 1.0
74821 1120252 1.0
3229 1112767 1.0
7537 1153097 1.0
59626 102406 1.0
22241 595193 1.0
110162 110163 1.0
3243 1110947 1.0
12350 12210 1.0
20923 289885 1.0
133563 133566 1.0
19621 62347 1.0
83826 1106287 1.0
91853 1116410 1.0
662416 1123188 1.0
85688 6539 1.0
3192 310742 1.0
20601 1118209 1.0
641956 1131149 1.0
256106 1114192 1.0
6163 20534 1.0
8079 192850 1.0
12631 1123188 1.0
66594 8821 1.0
5348 2695 1.0
289885 1115701 1.0
114 1118332 1.0
4584 293285 1.0
7532 7537 1.0
118260 230300 1.0
592993 593105 1.0
255628 1135589 1.0
77758 25772 1.0
10177 27606 1.0
642894 1131180 1.0
2653 6125 1.0
45533 1116974 1.0
3231 8699 1.0
74937 74920 1.0
80491 314459 1.0
9515 9513 1.0
15984 189577 1.0
78511 575402 1.0
114 193742 1.0
100701 1107041 1.0
27249 8079 1.0
12350 157805 1.0
2653 175291 1.0
169280 1132083 1.0
45188 976284 1.0
936 3828 1.0
1955 1110390 1.0
12155 1126350 1.0
112787 1120444 1.0
459213 1123530 1.0
14090 643069 1.0
684531 684372 1.0
57119 593060 1.0
22883 22876 1.0
36162 20528 1.0
4274 1114664 1.0
118559 1121739 1.0
20602 12247 1.0
644361 645016 1.0
14429 1103031 1.0
11337 1128256 1.0
5055 1107861 1.0
6216 1123553 1.0
2695 342802 1.0
6125 385251 1.0
117 28471 1.0
630890 1130678 1.0
14549 1103038 1.0
72908 93923 1.0
6216 230300 1.0
61069 28456 1.0
152731 23507 1.0
27241 1116268 1.0
654326 654339 1.0
22229 593105 1.0
75695 1120059 1.0
714289 189571 1.0
22386 1128407 1.0
1246 6125 1.0
22874 22876 1.0
78557 78549 1.0
263279 1114502 1.0
20923 1116530 1.0
137380 37541 1.0
134219 1112075 1.0
264556 335042 1.0
1026 1102550 1.0
16485 1120049 1.0
941 28265 1.0
5194 133550 1.0
645046 1131301 1.0
8617 175291 1.0
3229 1154169 1.0
6334 444240 1.0
40151 1152307 1.0
73162 521855 1.0
6910 662416 1.0
12638 6910 1.0
35922 390922 1.0
3229 641976 1.0
593060 1128977 1.0
42207 219239 1.0
8617 52784 1.0
12182 12211 1.0
687401 273949 1.0
4804 157761 1.0
58436 1114239 1.0
593328 87363 1.0
4649 449841 1.0
20923 20924 1.0
601462 1129367 1.0
35797 60169 1.0
22386 38839 1.0
4584 1128839 1.0
73162 559804 1.0
36145 1116268 1.0
2654 1121867 1.0
80515 314459 1.0
33301 33303 1.0
16819 644093 1.0
5348 99025 1.0
233106 630890 1.0
4804 102884 1.0
20602 42207 1.0
20601 124734 1.0
39890 714256 1.0
642681 1131236 1.0
5348 139547 1.0
45533 87482 1.0
197452 424 1.0
3229 27631 1.0
33231 158172 1.0
62329 251756 1.0
34257 1111186 1.0
62347 62333 1.0
573553 820662 1.0
19621 649730 1.0
643221 644448 1.0
226698 1112767 1.0
35797 60170 1.0
51866 34961 1.0
579008 593921 1.0
22229 243483 1.0
83461 954315 1.0
1717 1135108 1.0
135766 449841 1.0
75695 911198 1.0
642681 1131167 1.0
39890 1123689 1.0
2654 27250 1.0
626531 626574 1.0
175909 1153891 1.0
643221 644577 1.0
25805 1110028 1.0
6220 6163 1.0
6539 1102646 1.0
3231 180399 1.0
6214 6224 1.0
166989 25805 1.0
22229 1112911 1.0
7867 1138027 1.0
289088 689152 1.0
6917 449841 1.0
16451 118436 1.0
28412 6217 1.0
74975 38845 1.0
74427 1116974 1.0
307336 285675 1.0
626530 1130454 1.0
19621 649739 1.0
3095 110162 1.0
16819 1131167 1.0
27243 1104851 1.0
16471 1104787 1.0
573553 1129608 1.0
52835 1115471 1.0
15429 217115 1.0
34257 1115456 1.0
3229 1125082 1.0
8079 27250 1.0
3229 189577 1.0
54131 59715 1.0
77438 1129994 1.0
11335 1127657 1.0
531348 531351 1.0
12350 6539 1.0
89547 1112319 1.0
30895 30901 1.0
8617 12359 1.0
3218 1106492 1.0
40151 1132418 1.0
45189 1132385 1.0
54550 5600 1.0
19621 1106287 1.0
227178 96847 1.0
25181 1152673 1.0
94641 1153897 1.0
7537 1131348 1.0
80515 1121603 1.0
90888 13885 1.0
20602 1108167 1.0
7532 1153097 1.0
1026 1153945 1.0
653441 189774 1.0
135464 1135589 1.0
50980 73972 1.0
644427 644577 1.0
33823 1119004 1.0
114 91975 1.0
12638 1123188 1.0
22886 1107367 1.0
116528 25772 1.0
578669 1128943 1.0
175909 221302 1.0
16819 646286 1.0
14430 14431 1.0
6910 169279 1.0
35797 399370 1.0
644577 643485 1.0
6151 6155 1.0
65650 309476 1.0
20821 372862 1.0
643239 16819 1.0
6214 6184 1.0
25181 25184 1.0
47839 1124837 1.0
28851 54131 1.0
593104 1129015 1.0
4584 6184 1.0
2696 5348 1.0
123825 1131634 1.0
155158 8687 1.0
3231 263279 1.0
70520 27631 1.0
40131 118079 1.0
641956 1131150 1.0
4584 6155 1.0
20857 1155073 1.0
1717 733167 1.0
213279 197783 1.0
25184 385572 1.0
38205 592975 1.0
82098 82087 1.0
644441 1131258 1.0
9586 1120138 1.0
202520 1115701 1.0
19621 684372 1.0
8224 1110426 1.0
263482 1114512 1.0
19621 950052 1.0
6784 100961 1.0
35922 390894 1.0
5966 8699 1.0
3231 39124 1.0
8224 1128531 1.0
3229 1128839 1.0
123825 447250 1.0
3229 82087 1.0
7532 314459 1.0
1272 97892 1.0
3229 25184 1.0
73162 714748 1.0
40151 1152975 1.0
134199 164885 1.0
240321 675649 1.0
73162 1134348 1.0
12359 16451 1.0
54129 1128319 1.0
521183 1125992 1.0
156794 1109581 1.0
2696 469504 1.0
6214 149669 1.0
70520 36167 1.0
15429 12350 1.0
4584 124064 1.0
642894 646357 1.0
19621 23448 1.0
116528 3237 1.0
20601 95225 1.0
3243 307336 1.0
8224 1108728 1.0
13136 160705 1.0
12350 12198 1.0
1272 93923 1.0
32260 94713 1.0
645016 1154071 1.0
34082 1103969 1.0
3229 27174 1.0
51045 242663 1.0
62389 1107325 1.0
573553 1135750 1.0
16819 644334 1.0
12182 28641 1.0
54129 593022 1.0
5348 1123239 1.0
67415 1110256 1.0
22875 1110947 1.0
8696 1102751 1.0
10177 15429 1.0
642894 1131301 1.0
613409 1129907 1.0
66596 362926 1.0
216877 334153 1.0
6214 27631 1.0
288107 1123215 1.0
96851 594387 1.0
6343 521252 1.0
6784 350319 1.0
133567 1152714 1.0
34979 1104007 1.0
50381 62274 1.0
52847 1153811 1.0
20602 12158 1.0
645870 644494 1.0
424 218666 1.0
77758 180373 1.0
278394 851968 1.0
654326 1131741 1.0
22229 190697 1.0
8961 1103610 1.0
16471 273949 1.0
94229 1123087 1.0
814836 1138619 1.0
3112 77826 1.0
4584 6151 1.0
35490 1104031 1.0
38845 1107010 1.0
2698 256106 1.0
13658 1120431 1.0
117316 117315 1.0
205196 950986 1.0
8224 22431 1.0
6913 1116336 1.0
8079 39124 1.0
14429 34082 1.0
35922 194223 1.0
46470 1105450 1.0
10796 1153148 1.0
6343 1125992 1.0
1717 1116336 1.0
62607 294145 1.0
6216 96847 1.0
27543 1135125 1.0
3218 187354 1.0
2654 1152075 1.0
137359 1153101 1.0
108047 1153899 1.0
89547 1152379 1.0
12198 12158 1.0
16819 126793 1.0
3112 77829 1.0
140005 86840 1.0
145134 129287 1.0
644448 1131258 1.0
739280 746058 1.0
16008 158098 1.0
626530 626531 1.0
117328 1115166 1.0
39890 714975 1.0
3229 447250 1.0
5600 1117833 1.0
77758 613409 1.0
3828 207395 1.0
73119 14431 1.0
23507 1109392 1.0
3229 948299 1.0
1956 1118302 1.0
3231 49660 1.0
6923 308003 1.0
30934 12960 1.0
126793 1131270 1.0
78511 9586 1.0
78557 1120138 1.0
28447 1120444 1.0
39890 1154229 1.0
6898 431206 1.0
51052 242663 1.0
195792 377303 1.0
2653 1116842 1.0
36145 1104055 1.0
1955 1125386 1.0
237489 1120059 1.0
13885 31043 1.0
51049 39890 1.0
12158 12199 1.0
642621 16819 1.0
13658 119686 1.0
62329 195792 1.0
38205 592986 1.0
101263 1112099 1.0
22886 1120444 1.0
6784 35797 1.0
35343 1118332 1.0
94641 1102550 1.0
3828 1152896 1.0
467383 116553 1.0
6214 124064 1.0
16819 1131312 1.0
166825 1118388 1.0
162664 531351 1.0
152731 1109392 1.0
3235 65653 1.0
4584 193742 1.0
12210 4804 1.0
30817 3229 1.0
31479 14549 1.0
147870 636500 1.0
23116 41666 1.0
7041 1120880 1.0
3084 255233 1.0
34257 87482 1.0
1035 1110515 1.0
8687 1102751 1.0
95642 1107367 1.0
117 28387 1.0
739816 1135894 1.0
3243 854434 1.0
642894 645870 1.0
350319 193932 1.0
65212 23116 1.0
12350 12158 1.0
936 1111899 1.0
87482 34266 1.0
54129 1128291 1.0
1955 110163 1.0
5348 1120197 1.0
16843 1152259 1.0
2654 197783 1.0
8079 154982 1.0
3218 35070 1.0
28632 32260 1.0
12182 1118764 1.0
5966 1102625 1.0
12359 1131634 1.0
2695 1108169 1.0
12195 1132285 1.0
1272 560936 1.0
134060 481073 1.0
22431 49847 1.0
22229 22241 1.0
10796 6217 1.0
51180 12350 1.0
59045 1121867 1.0
189571 714748 1.0
3191 310742 1.0
40135 118079 1.0
126920 126927 1.0
12238 101263 1.0
943 1152896 1.0
263553 6910 1.0
1246 1104007 1.0
89547 45188 1.0
578650 1128291 1.0
5055 1121867 1.0
96847 594025 1.0
3218 417017 1.0
12182 65650 1.0
45189 192850 1.0
4584 628500 1.0
6215 1120170 1.0
642681 644093 1.0
5348 1120858 1.0
90655 1122642 1.0
70281 1106630 1.0
427606 1050679 1.0
15889 1118388 1.0
6334 46431 1.0
135766 135765 1.0
9586 33818 1.0
12631 78994 1.0
22386 38846 1.0
5600 33303 1.0
14428 1103031 1.0
3229 33412 1.0
430574 1105622 1.0
27543 27531 1.0
289945 48550 1.0
35797 1050679 1.0
20534 1106966 1.0
71736 1152259 1.0
6334 1152448 1.0
642681 646286 1.0
90888 1113934 1.0
34257 1122642 1.0
3191 1106789 1.0
89547 45189 1.0
52784 1104851 1.0
10796 20942 1.0
100961 60169 1.0
3229 1152277 1.0
6163 1113739 1.0
65212 1154042 1.0
38829 1107010 1.0
2653 4660 1.0
643239 1131334 1.0
90470 106590 1.0
642894 643485 1.0
28267 1152896 1.0
85324 628751 1.0
105856 289085 1.0
12347 72101 1.0
145134 641976 1.0
65650 1118764 1.0
42847 1104379 1.0
3229 1130931 1.0
177998 1110515 1.0
6214 28447 1.0
123825 649730 1.0
12350 6125 1.0
36162 1132815 1.0
100935 1134865 1.0
28412 6220 1.0
166825 1110024 1.0
38829 1152244 1.0
263553 662416 1.0
166989 1110028 1.0
3229 1126037 1.0
51879 22883 1.0
289085 689152 1.0
16008 1131165 1.0
641976 1131150 1.0
1272 6917 1.0
78994 662572 1.0
8224 1153148 1.0
573553 171954 1.0
302545 1152858 1.0
943 3828 1.0
28265 1152436 1.0
16819 1131236 1.0
62329 1131565 1.0
27243 59045 1.0
13686 1272 1.0
108047 578645 1.0
20972 1116181 1.0
594119 1129021 1.0
43639 99025 1.0
89547 976284 1.0
15429 219239 1.0
187354 372862 1.0
123825 1154276 1.0
10177 67415 1.0
2696 1118083 1.0
13972 20534 1.0
714256 1154233 1.0
38722 51180 1.0
12350 1107319 1.0
675756 1132505 1.0
12165 1107567 1.0
19231 30934 1.0
7047 2663 1.0
27606 124734 1.0
6214 345340 1.0
5348 1118083 1.0
22241 1128369 1.0
135464 1133004 1.0
3229 1108209 1.0
147870 1109185 1.0
8699 1102751 1.0
14430 1103969 1.0
16008 189577 1.0
6910 1123188 1.0
642894 643239 1.0
151708 1120786 1.0
941 129558 1.0
8619 36145 1.0
74975 1107041 1.0
6913 1131230 1.0
49847 49844 1.0
3112 110164 1.0
16471 1114992 1.0
38722 65650 1.0
4804 77515 1.0
83449 22869 1.0
648106 1131421 1.0
3229 1154251 1.0
216878 711527 1.0
105865 193931 1.0
4804 45189 1.0
575402 1129778 1.0
593104 593921 1.0
646334 646357 1.0
3229 1130915 1.0
628888 628764 1.0
15892 1116146 1.0
114 976334 1.0
6214 6155 1.0
12238 1107567 1.0
3229 1105718 1.0
6334 1153169 1.0
644093 1131236 1.0
20602 95225 1.0
135464 8581 1.0
93318 1126050 1.0
134199 447224 1.0
31479 294030 1.0
255628 1140543 1.0
45188 350362 1.0
78552 78557 1.0
119686 987188 1.0
579008 1128943 1.0
232606 25413 1.0
90470 1129994 1.0
78994 662279 1.0
3192 642827 1.0
133615 55403 1.0
18781 18785 1.0
6917 1153811 1.0
3231 1128536 1.0
123825 649739 1.0
642894 646286 1.0
3231 1153169 1.0
33823 78549 1.0
73162 189774 1.0
27530 1128542 1.0
107177 1119751 1.0
240321 428610 1.0
589923 590022 1.0
12182 94713 1.0
17821 245955 1.0
3243 96335 1.0
33818 78549 1.0
23738 1118764 1.0
1272 520471 1.0
94641 62634 1.0
6784 60170 1.0
1035 1034 1.0
12198 95225 1.0
6214 6196 1.0
81350 1106172 1.0
4584 1130600 1.0
171954 1135750 1.0
45533 1104495 1.0
221302 1153891 1.0
251756 195792 1.0
593240 1136791 1.0
8224 30895 1.0
189574 1123689 1.0
2654 52784 1.0
106590 1095507 1.0
100197 688361 1.0
33823 33818 1.0
714256 189572 1.0
6184 1105718 1.0
12347 16451 1.0
648112 1131421 1.0
117328 38829 1.0
106590 1129994 1.0
64484 1105394 1.0
22386 1107010 1.0
3095 83449 1.0
733167 1154276 1.0
2696 1133004 1.0
3243 30901 1.0
5600 77826 1.0
240321 1132434 1.0
1272 192734 1.0
13658 987188 1.0
23507 217852 1.0
10796 30895 1.0
644441 644334 1.0
38722 5038 1.0
60170 399370 1.0
23507 93320 1.0
13982 34979 1.0
34266 90655 1.0
108047 578649 1.0
51934 14545 1.0
51049 1154232 1.0
248425 1121398 1.0
28640 1059953 1.0
15984 714975 1.0
14529 1119987 1.0
45188 45189 1.0
34257 34263 1.0
95642 28447 1.0
12182 429781 1.0
52003 1112194 1.0
16008 3191 1.0
126868 1108258 1.0
3231 46431 1.0
675847 1132505 1.0
11342 65650 1.0
643221 645897 1.0
16008 308920 1.0
133563 1120049 1.0
62676 14083 1.0
519318 1125906 1.0
45533 34266 1.0
6196 28387 1.0
39890 521855 1.0
10177 68505 1.0
675756 675649 1.0
6346 1106103 1.0
25805 385251 1.0
171954 1138755 1.0
3229 919885 1.0
169279 1154103 1.0
37879 1105116 1.0
133563 105856 1.0
205196 628766 1.0
20601 12158 1.0
3232 66594 1.0
2696 342802 1.0
189655 559804 1.0
189774 714879 1.0
5194 140569 1.0
102879 9513 1.0
36162 1152975 1.0
